/*--------------------------------*- C++ -*----------------------------------*\
| =========                 |                                                 |
| \\      /  F ield         | OpenFOAM: The Open Source CFD Toolbox           |
|  \\    /   O peration     | Version:  4.x                                   |
|   \\  /    A nd           | Web:      www.OpenFOAM.org                      |
|    \\/     M anipulation  |                                                 |
\*---------------------------------------------------------------------------*/
FoamFile
{
    version     2.0;
    format      ascii;
    class       labelList;
    location    "constant/polyMesh";
    object      cellProcAddressing;
}
// * * * * * * * * * * * * * * * * * * * * * * * * * * * * * * * * * * * * * //


1225
(
4476
4477
4478
4479
4480
4481
4482
4483
4484
4485
4486
4487
4488
4489
4490
4491
4492
4493
4494
4495
4496
4497
4498
4499
4500
4501
4502
4503
4504
4505
4506
4507
4508
4509
4510
4511
4512
4513
4514
4515
4516
4517
4518
4519
4520
4521
4522
4523
4524
4525
4526
4527
4528
4529
4530
4531
4532
4533
4534
4535
4536
4537
4538
4539
4540
4541
4542
4543
4544
4545
4546
4547
4548
4549
4550
4551
4552
4553
4554
4555
4556
4557
4558
4559
4560
4561
4562
4563
4564
4565
4566
4567
4568
4569
4570
4571
4572
4573
4574
4575
4576
4577
4578
4579
4580
4581
4582
4583
4584
4585
4586
4587
4588
4589
4590
4591
4592
4593
4594
4595
4596
4597
4598
4599
4600
4601
4602
4603
4604
4605
4606
4607
4608
4609
4610
4611
4612
4613
4614
4615
4616
4617
4618
4619
4620
4621
4622
4623
4624
4625
4626
4627
4628
4629
4630
4631
4632
4633
4634
4635
4636
4637
4638
4639
4640
4641
4642
4643
4644
4645
4646
4647
4648
4649
4650
4651
4652
4653
4654
4655
4656
4657
4658
4659
4660
4661
4662
4663
4664
4665
4666
4667
4668
4669
4670
4671
4672
4673
4674
4675
4676
4677
4678
4679
4680
4681
4682
4683
4684
4685
4686
4687
4688
4689
4690
4691
4692
4693
4694
4695
4696
4697
4698
4699
4700
4701
4702
4703
4704
4705
4706
4707
4708
4709
4710
4711
4712
4713
4714
4715
4716
4717
4718
4719
4720
4721
4722
4723
4724
4725
4726
4727
4728
4729
4730
4731
4732
4733
4734
4735
4736
4737
4738
4739
4740
4741
4742
4743
4744
4745
4746
4747
4748
4749
4750
4751
4752
4753
4754
4755
4756
4757
4758
4759
4760
4761
4762
4763
4764
4765
4766
4767
4768
4769
4770
4771
4772
4773
4774
4775
4776
4777
4778
4779
4780
4781
4782
4783
4784
4785
4786
4787
4788
4789
4790
4791
4792
4793
4794
4795
4796
4797
4798
4799
4800
4801
4802
4803
4804
4805
4806
4807
4808
4809
4810
4811
4812
4813
4814
4815
4816
4817
4818
4819
4820
4821
4822
4823
4824
4825
4826
4827
4828
4829
4830
4831
4832
4833
4834
4835
4836
4837
4838
4839
4840
4841
4842
4843
4844
4845
4846
4847
4848
4849
4850
4851
4852
4853
4854
4855
4856
4857
4858
4859
4860
4861
4862
4863
4864
4865
4866
4867
4868
4869
4870
4871
4872
4873
4874
4875
4876
4877
4878
4879
4880
4881
4882
4883
4884
4885
4886
4887
4888
4889
4890
4891
4892
4893
4894
4895
4896
4897
4898
4899
4900
4901
4902
4903
4904
4905
4906
4907
4908
4909
4910
4911
4912
4913
4914
4915
4916
4917
4918
4919
4920
4921
4922
4923
4924
4925
4926
4927
4928
4929
4930
4931
4932
4933
4934
4935
4936
4937
4938
4939
4940
4941
4942
4943
4944
4945
4946
4947
4948
4949
4950
4951
4952
4953
4954
4955
4956
4957
4958
4959
4960
4961
4962
4963
4964
4965
4966
4967
4968
4969
4970
4971
4972
4973
4974
4975
4976
4977
4978
4979
4980
4981
4982
4983
4984
4985
4986
4987
4988
4989
4990
4991
4992
4993
4994
4995
4996
4997
4998
4999
5000
5001
5002
5003
5004
5005
5006
5007
5008
5009
5010
5011
5012
5013
5014
5015
5016
5017
5018
5019
5020
5021
5022
5023
5024
5025
5026
5027
5028
5029
5030
5031
5032
5033
5034
5035
5036
5037
5038
5039
5040
5041
5042
5043
5044
5045
5046
5047
5048
5049
5050
5051
5052
5053
5054
5055
5056
5057
5058
5059
5060
5061
5062
5063
5064
5065
5066
5067
5068
5069
5070
5071
5072
5073
5074
5075
5076
5077
5078
5079
5080
5081
5082
5083
5084
5085
5086
5087
5088
5089
5090
5091
5092
5093
5094
5095
5096
5097
5098
5099
5100
5101
5102
5103
5104
5105
5106
5107
5108
5109
5110
5111
7688
7704
7705
7720
7721
7722
7736
7737
7738
7739
7752
7753
7754
7755
7756
7768
7769
7770
7771
7772
7773
7784
7785
7786
7787
7788
7789
7790
7800
7801
7802
7803
7804
7805
7806
7807
7816
7817
7818
7819
7820
7821
7822
7832
7833
7834
7835
7836
7837
7848
7849
7850
7851
7852
7864
7865
7866
7867
7880
7881
7882
7896
7897
7912
7944
7960
7961
7976
7977
7978
7992
7993
7994
7995
8008
8009
8010
8011
8012
8024
8025
8026
8027
8028
8029
8040
8041
8042
8043
8044
8045
8046
8056
8057
8058
8059
8060
8061
8062
8072
8073
8074
8075
8076
8077
8088
8089
8090
8091
8092
8093
8104
8105
8106
8107
8108
8120
8121
8122
8123
8136
8137
8138
8152
8153
8168
8200
8216
8217
8232
8233
8234
8248
8249
8250
8251
8264
8265
8266
8267
8268
8280
8281
8282
8283
8284
8285
8296
8297
8298
8299
8300
8301
8302
8312
8313
8314
8315
8316
8317
8318
8328
8329
8330
8331
8332
8333
8344
8345
8346
8347
8348
8360
8361
8362
8363
8364
8376
8377
8378
8379
8392
8393
8394
8408
8409
8424
8456
8472
8473
8488
8489
8490
8504
8505
8506
8507
8520
8521
8522
8523
8524
8536
8537
8538
8539
8540
8541
8552
8553
8554
8555
8556
8557
8558
8568
8569
8570
8571
8572
8573
8574
8584
8585
8586
8587
8588
8589
8600
8601
8602
8603
8604
8616
8617
8618
8619
8632
8633
8634
8635
8648
8649
8650
8664
8665
8680
8712
8728
8729
8744
8745
8746
8760
8761
8762
8763
8776
8777
8778
8779
8780
8792
8793
8794
8795
8796
8797
8808
8809
8810
8811
8812
8813
8814
8824
8825
8826
8827
8828
8829
8830
8840
8841
8842
8843
8844
8845
8856
8857
8858
8859
8860
8872
8873
8874
8875
8888
8889
8890
8904
8905
8906
8920
8921
8936
8968
8984
8985
9000
9001
9002
9016
9017
9018
9019
9032
9033
9034
9035
9036
9048
9049
9050
9051
9052
9053
9064
9065
9066
9067
9068
9069
9070
9080
9081
9082
9083
9084
9085
9086
9096
9097
9098
9099
9100
9101
9112
9113
9114
9115
9116
9128
9129
9130
9131
9144
9145
9146
9160
9161
9176
9177
9192
9224
9240
9241
9256
9257
9258
9272
9273
9274
9275
9288
9289
9290
9291
9292
9304
9305
9306
9307
9308
9309
9320
9321
9322
9323
9324
9325
9326
9336
9337
9338
9339
9340
9341
9342
9352
9353
9354
9355
9356
9357
9368
9369
9370
9371
9372
9384
9385
9386
9387
9400
9401
9402
9416
9417
9432
9448
9480
9496
9497
9512
9513
9514
9528
9529
9530
9531
9544
9545
9546
9547
9548
9560
9561
9562
9563
9564
9565
9576
9577
9578
9579
9580
9581
9582
9592
9593
9594
9595
9596
9597
9598
9608
9609
9610
9611
9612
9613
9624
9625
9626
9627
9628
9640
9641
9642
9643
9656
9657
9658
9672
9673
9688
9736
9752
9753
9768
9769
9770
9784
9785
9786
9787
9800
9801
9802
9803
9804
9816
9817
9818
9819
9820
9821
9832
9833
9834
9835
9836
9837
9838
9848
9849
9850
9851
9852
9853
9854
9864
9865
9866
9867
9868
9869
9880
9881
9882
9883
9884
9896
9897
9898
9899
9912
9913
9914
9928
9929
9944
9992
10008
10009
10024
10025
10026
10040
10041
10042
10043
10056
10057
10058
10059
10060
10072
10073
10074
10075
10076
10077
10088
10089
10090
10091
10092
10093
10094
10104
10105
10106
10107
10108
10109
10110
10120
10121
10122
10123
10124
10125
10136
10137
10138
10139
10140
10152
10153
10154
10155
10168
10169
10170
10184
10185
10200
)


// ************************************************************************* //
