/*--------------------------------*- C++ -*----------------------------------*\
| =========                 |                                                 |
| \\      /  F ield         | OpenFOAM: The Open Source CFD Toolbox           |
|  \\    /   O peration     | Version:  4.x                                   |
|   \\  /    A nd           | Web:      www.OpenFOAM.org                      |
|    \\/     M anipulation  |                                                 |
\*---------------------------------------------------------------------------*/
FoamFile
{
    version     2.0;
    format      ascii;
    class       labelList;
    location    "constant/polyMesh";
    object      faceProcAddressing;
}
// * * * * * * * * * * * * * * * * * * * * * * * * * * * * * * * * * * * * * //


4076
(
13271
13272
13273
13274
13275
13276
13277
13278
13279
13280
13281
13282
13283
13284
13285
13286
13287
13288
13289
13290
13291
13292
13293
13294
13295
13296
13297
13298
13299
13300
13301
13302
13303
13304
13305
13306
13307
13308
13309
13310
13311
13312
13313
13314
13315
13316
13317
13318
13319
13320
13321
13322
13323
13324
13325
13326
13327
13328
13329
13330
13331
13332
13334
13335
13336
13337
13338
13339
13340
13341
13342
13343
13344
13345
13346
13347
13348
13349
13350
13351
13352
13353
13354
13355
13356
13357
13358
13359
13360
13361
13362
13363
13364
13365
13366
13367
13368
13369
13370
13371
13372
13373
13374
13375
13376
13377
13378
13379
13380
13381
13382
13383
13384
13385
13386
13387
13388
13389
13390
13391
13392
13393
13394
13395
13396
13397
13398
13399
13400
13401
13402
13403
13404
13405
13406
13407
13408
13409
13410
13411
13412
13413
13414
13415
13416
13417
13418
13419
13420
13421
13422
13423
13424
13425
13426
13427
13428
13429
13430
13431
13432
13433
13434
13435
13436
13437
13438
13439
13440
13441
13442
13443
13444
13445
13446
13447
13448
13449
13450
13451
13452
13453
13454
13455
13456
13457
13458
13459
13460
13461
13462
13463
13464
13465
13466
13467
13468
13469
13470
13471
13472
13473
13474
13475
13476
13477
13478
13479
13480
13481
13482
13483
13484
13485
13486
13487
13488
13489
13490
13491
13492
13493
13494
13495
13496
13497
13498
13499
13500
13501
13502
13503
13504
13505
13506
13507
13508
13509
13510
13511
13512
13513
13514
13515
13516
13517
13518
13519
13520
13522
13523
13524
13525
13526
13527
13528
13529
13530
13531
13532
13533
13534
13535
13536
13537
13538
13539
13540
13541
13542
13543
13544
13545
13546
13547
13548
13549
13550
13551
13552
13553
13554
13555
13556
13557
13558
13559
13560
13561
13562
13563
13564
13565
13566
13567
13568
13569
13570
13571
13572
13573
13574
13575
13576
13577
13578
13579
13580
13581
13582
13583
13584
13585
13586
13587
13588
13589
13590
13591
13592
13593
13594
13595
13596
13597
13598
13599
13600
13601
13602
13603
13604
13605
13606
13607
13608
13609
13610
13611
13612
13613
13614
13615
13616
13617
13618
13619
13620
13621
13622
13623
13624
13625
13626
13627
13628
13629
13630
13631
13632
13633
13634
13635
13636
13637
13638
13639
13640
13641
13642
13643
13644
13645
13646
13647
13648
13649
13650
13651
13652
13653
13654
13655
13656
13657
13658
13659
13660
13661
13662
13663
13664
13665
13666
13667
13668
13669
13670
13671
13672
13673
13674
13675
13676
13677
13678
13679
13680
13681
13682
13683
13684
13685
13686
13687
13688
13689
13690
13691
13692
13693
13694
13695
13696
13697
13698
13699
13700
13701
13702
13703
13704
13705
13706
13707
13708
13710
13711
13712
13713
13714
13715
13716
13717
13718
13719
13720
13721
13722
13723
13724
13725
13726
13727
13728
13729
13730
13731
13732
13733
13734
13735
13736
13737
13738
13739
13740
13741
13742
13743
13744
13745
13746
13747
13748
13749
13750
13751
13752
13753
13754
13755
13756
13757
13758
13759
13760
13761
13762
13763
13764
13765
13766
13767
13768
13769
13770
13771
13772
13773
13774
13775
13776
13777
13778
13779
13780
13781
13782
13783
13784
13785
13786
13787
13788
13789
13790
13791
13792
13793
13794
13795
13796
13797
13798
13799
13800
13801
13802
13803
13804
13805
13806
13807
13808
13809
13810
13811
13812
13813
13814
13815
13816
13817
13818
13819
13820
13821
13822
13823
13824
13825
13826
13827
13828
13829
13830
13831
13832
13833
13834
13835
13836
13837
13838
13839
13840
13841
13842
13843
13844
13845
13846
13847
13848
13849
13850
13851
13852
13853
13854
13855
13856
13857
13858
13859
13860
13861
13862
13863
13864
13865
13866
13867
13868
13869
13870
13871
13872
13873
13874
13875
13876
13877
13878
13879
13880
13881
13882
13883
13884
13885
13886
13887
13888
13889
13890
13891
13892
13893
13894
13895
13896
13898
13899
13900
13901
13902
13903
13904
13905
13906
13907
13908
13909
13910
13911
13912
13913
13914
13915
13916
13917
13918
13919
13920
13921
13922
13923
13924
13925
13926
13927
13928
13929
13930
13931
13932
13933
13934
13935
13936
13937
13938
13939
13940
13941
13942
13943
13944
13945
13946
13947
13948
13949
13950
13951
13952
13953
13954
13955
13956
13957
13958
13959
13960
13961
13962
13963
13964
13965
13966
13967
13968
13969
13970
13971
13972
13973
13974
13975
13976
13977
13978
13979
13980
13981
13982
13983
13984
13985
13986
13987
13988
13989
13990
13991
13992
13993
13994
13995
13996
13997
13998
13999
14000
14001
14002
14003
14004
14005
14006
14007
14008
14009
14010
14011
14012
14013
14014
14015
14016
14017
14018
14019
14020
14021
14022
14023
14024
14025
14026
14027
14028
14029
14030
14031
14032
14033
14034
14035
14036
14037
14038
14039
14040
14041
14042
14043
14044
14045
14046
14047
14048
14049
14050
14051
14052
14053
14054
14055
14056
14057
14058
14059
14060
14061
14062
14063
14064
14065
14066
14067
14068
14069
14070
14071
14072
14073
14074
14075
14076
14077
14078
14079
14080
14081
14082
14084
14085
14086
14087
14088
14089
14090
14091
14092
14093
14094
14095
14096
14097
14098
14099
14100
14101
14102
14103
14104
14105
14106
14107
14108
14109
14110
14111
14112
14113
14114
14115
14116
14117
14118
14119
14120
14121
14122
14123
14124
14125
14126
14127
14128
14129
14130
14131
14132
14133
14134
14135
14136
14137
14138
14139
14140
14141
14142
14143
14144
14145
14146
14147
14148
14149
14150
14151
14152
14153
14154
14155
14156
14157
14158
14159
14160
14161
14162
14163
14164
14165
14166
14167
14168
14169
14170
14171
14172
14173
14174
14175
14176
14177
14178
14179
14180
14181
14182
14183
14184
14185
14186
14187
14188
14189
14190
14191
14192
14193
14194
14195
14196
14197
14198
14199
14200
14201
14202
14203
14204
14205
14206
14207
14208
14209
14210
14211
14212
14213
14214
14215
14216
14217
14218
14219
14220
14221
14222
14223
14224
14225
14226
14227
14228
14229
14230
14231
14232
14233
14234
14235
14236
14237
14238
14239
14240
14241
14242
14243
14244
14245
14246
14247
14248
14249
14250
14251
14252
14253
14254
14255
14256
14257
14258
14259
14260
14261
14262
14263
14264
14266
14267
14268
14269
14270
14271
14272
14273
14274
14275
14276
14277
14278
14279
14280
14281
14282
14283
14284
14285
14286
14287
14288
14289
14290
14291
14292
14293
14294
14295
14296
14297
14298
14299
14300
14301
14302
14303
14304
14305
14306
14307
14308
14309
14310
14311
14312
14313
14314
14315
14316
14317
14318
14319
14320
14321
14322
14323
14324
14325
14326
14327
14328
14329
14330
14331
14332
14333
14334
14335
14336
14337
14338
14339
14340
14341
14342
14343
14344
14345
14346
14347
14348
14349
14350
14351
14352
14353
14354
14355
14356
14357
14358
14359
14360
14361
14362
14363
14364
14365
14366
14367
14368
14369
14370
14371
14372
14373
14374
14375
14376
14377
14378
14379
14380
14381
14382
14383
14384
14385
14386
14387
14388
14389
14390
14391
14392
14393
14394
14395
14396
14397
14398
14399
14400
14401
14402
14403
14404
14405
14406
14407
14408
14409
14410
14411
14412
14413
14414
14415
14416
14417
14418
14419
14420
14421
14422
14423
14424
14425
14426
14427
14428
14429
14430
14431
14432
14433
14434
14435
14436
14437
14438
14439
14440
14441
14442
14443
14444
14445
14446
14448
14449
14450
14451
14452
14453
14454
14455
14456
14457
14458
14459
14460
14461
14462
14463
14464
14465
14466
14467
14468
14469
14470
14471
14472
14473
14474
14475
14476
14477
14478
14479
14480
14481
14482
14483
14484
14485
14486
14487
14488
14489
14490
14491
14492
14493
14494
14495
14496
14497
14498
14499
14500
14501
14502
14503
14504
14505
14506
14507
14508
14509
14510
14511
14512
14513
14514
14515
14516
14517
14518
14519
14520
14521
14522
14523
14524
14525
14526
14527
14528
14529
14530
14531
14532
14533
14534
14535
14536
14537
14538
14539
14540
14541
14542
14543
14544
14545
14546
14547
14548
14549
14550
14551
14552
14553
14554
14555
14556
14557
14558
14559
14560
14561
14562
14563
14564
14565
14566
14567
14568
14569
14570
14571
14572
14573
14574
14575
14577
14578
14579
14580
14581
14582
14583
14584
14585
14586
14587
14588
14589
14590
14591
14592
14593
14594
14595
14596
14597
14598
14599
14600
14601
14602
14603
14604
14605
14606
14607
14608
14609
14610
14611
14612
14613
14614
14615
14616
14617
14618
14619
14620
14621
14622
14623
14624
14625
14626
14627
14628
14629
14630
14631
14632
14633
14634
14636
14637
14638
14639
14640
14641
14642
14643
14644
14645
14646
14647
14648
14649
14650
14651
14652
14653
14654
14655
14656
14657
14658
14659
14660
14661
14662
14663
14664
14665
14666
14667
14668
14669
14670
14671
14672
14673
14674
14675
14676
14677
14678
14679
14680
14681
14682
14683
14684
14685
14686
14687
14688
14689
14690
14691
14692
14693
14694
14695
14696
14697
14698
14699
14700
14701
14702
14703
14704
14705
14706
14707
14708
14709
14710
14711
14712
14713
14714
14715
14716
14717
14718
14719
14720
14721
14722
14723
14724
14725
14726
14727
14728
14729
14730
14731
14732
14733
14734
14735
14736
14737
14738
14739
14740
14741
14742
14743
14744
14745
14746
14747
14748
14749
14750
14751
14752
14753
14754
14755
14756
14757
14758
14759
14760
14761
14762
14763
14765
14766
14767
14768
14769
14770
14771
14772
14773
14774
14775
14776
14777
14778
14779
14780
14781
14782
14783
14784
14785
14786
14787
14788
14789
14790
14791
14792
14793
14794
14795
14796
14797
14798
14799
14800
14801
14802
14803
14804
14805
14806
14807
14808
14809
14810
14811
14812
14813
14814
14815
14816
14817
14818
14819
14820
14821
14822
14824
14825
14826
14827
14828
14829
14830
14831
14832
14833
14834
14835
14836
14837
14838
14839
14840
14841
14842
14843
14844
14845
14846
14847
14848
14849
14850
14851
14852
14853
14854
14855
14856
14857
14858
14859
14860
14861
14862
14863
14864
14865
14866
14867
14868
14869
14870
14871
14872
14873
14874
14875
14876
14877
14878
14879
14880
14881
14882
14883
14884
14885
14886
14887
14888
14889
14890
14891
14892
14893
14894
14895
14896
14897
14898
14899
14900
14901
14902
14903
14904
14905
14906
14907
14908
14909
14910
14911
14912
14913
14914
14915
14916
14917
14918
14919
14920
14921
14922
14923
14924
14925
14926
14927
14928
14929
14930
14931
14932
14933
14934
14935
14936
14937
14938
14939
14940
14941
14942
14943
14944
14945
14946
14947
14948
14949
14950
14952
14953
14954
14955
14956
14957
14958
14959
14960
14961
14962
14963
14964
14965
14966
14967
14968
14969
14970
14971
14972
14973
14974
14975
14976
14977
14978
14979
14980
14981
14982
14983
14984
14985
14986
14987
14988
14989
14990
14991
14992
14993
14994
14996
14997
14998
14999
15000
15001
15002
15003
15004
15005
15006
15007
15008
15009
15010
15011
15012
15013
15014
15015
15016
15017
15018
15019
15020
15021
15022
15023
15024
15025
15026
15027
15028
15029
15030
15031
15032
15033
15034
15035
15036
15037
15038
15039
15040
15041
15042
15043
15044
15045
15046
15047
15048
15049
15050
15051
15052
15053
15054
15055
15056
15057
15058
15059
15060
15061
15062
15063
15064
15065
15066
15067
15068
15069
15070
15071
15072
22481
22482
22527
22528
22529
22531
22532
22574
22575
22576
22577
22578
22579
22581
22582
22621
22622
22623
22624
22625
22626
22627
22628
22629
22631
22632
22668
22669
22670
22671
22672
22673
22674
22675
22676
22677
22678
22679
22681
22682
22715
22716
22717
22718
22719
22720
22721
22722
22723
22724
22725
22726
22727
22728
22729
22731
22732
22762
22763
22764
22765
22766
22767
22768
22769
22770
22771
22772
22773
22774
22775
22776
22777
22778
22779
22781
22782
22809
22810
22811
22812
22813
22814
22815
22816
22817
22818
22819
22820
22821
22822
22823
22824
22825
22826
22827
22828
22829
22856
22857
22858
22859
22860
22861
22862
22863
22864
22865
22866
22867
22868
22869
22870
22871
22872
22873
22903
22904
22905
22906
22907
22908
22909
22910
22911
22912
22913
22914
22915
22916
22917
22920
22950
22951
22952
22953
22954
22955
22956
22957
22958
22959
22960
22961
22964
22997
22998
22999
23000
23001
23002
23003
23004
23005
23008
23044
23045
23046
23047
23048
23049
23052
23091
23092
23093
23096
23139
23217
23218
23263
23264
23265
23267
23268
23310
23311
23312
23313
23314
23315
23317
23318
23357
23358
23359
23360
23361
23362
23363
23364
23365
23367
23368
23404
23405
23406
23407
23408
23409
23410
23411
23412
23413
23414
23415
23417
23418
23451
23452
23453
23454
23455
23456
23457
23458
23459
23460
23461
23462
23463
23464
23465
23467
23468
23498
23499
23500
23501
23502
23503
23504
23505
23506
23507
23508
23509
23510
23511
23512
23513
23514
23515
23517
23518
23545
23546
23547
23548
23549
23550
23551
23552
23553
23554
23555
23556
23557
23558
23559
23560
23561
23562
23565
23592
23593
23594
23595
23596
23597
23598
23599
23600
23601
23602
23603
23604
23605
23606
23608
23609
23639
23640
23641
23642
23643
23644
23645
23646
23647
23648
23649
23650
23651
23652
23653
23686
23687
23688
23689
23690
23691
23692
23693
23694
23695
23696
23697
23700
23733
23734
23735
23736
23737
23738
23739
23740
23741
23744
23780
23781
23782
23783
23784
23785
23788
23827
23828
23829
23832
23875
23953
23954
23999
24000
24001
24003
24004
24046
24047
24048
24049
24050
24051
24053
24054
24093
24094
24095
24096
24097
24098
24099
24100
24101
24103
24104
24140
24141
24142
24143
24144
24145
24146
24147
24148
24149
24150
24151
24153
24154
24187
24188
24189
24190
24191
24192
24193
24194
24195
24196
24197
24198
24199
24200
24201
24203
24204
24234
24235
24236
24237
24238
24239
24240
24241
24242
24243
24244
24245
24246
24247
24248
24249
24250
24251
24253
24254
24281
24282
24283
24284
24285
24286
24287
24288
24289
24290
24291
24292
24293
24294
24295
24296
24297
24298
24301
24328
24329
24330
24331
24332
24333
24334
24335
24336
24337
24338
24339
24340
24341
24342
24345
24375
24376
24377
24378
24379
24380
24381
24382
24383
24384
24385
24386
24388
24389
24422
24423
24424
24425
24426
24427
24428
24429
24430
24431
24432
24433
24469
24470
24471
24472
24473
24474
24475
24476
24477
24480
24516
24517
24518
24519
24520
24521
24524
24563
24564
24565
24568
24611
24689
24690
24735
24736
24737
24739
24740
24782
24783
24784
24785
24786
24787
24789
24790
24829
24830
24831
24832
24833
24834
24835
24836
24837
24839
24840
24876
24877
24878
24879
24880
24881
24882
24883
24884
24885
24886
24887
24889
24890
24923
24924
24925
24926
24927
24928
24929
24930
24931
24932
24933
24934
24935
24936
24937
24939
24940
24970
24971
24972
24973
24974
24975
24976
24977
24978
24979
24980
24981
24982
24983
24984
24985
24986
24987
24989
24990
25017
25018
25019
25020
25021
25022
25023
25024
25025
25026
25027
25028
25029
25030
25031
25032
25033
25034
25037
25064
25065
25066
25067
25068
25069
25070
25071
25072
25073
25074
25075
25076
25077
25078
25081
25111
25112
25113
25114
25115
25116
25117
25118
25119
25120
25121
25122
25125
25158
25159
25160
25161
25162
25163
25164
25165
25166
25168
25169
25205
25206
25207
25208
25209
25210
25211
25212
25213
25252
25253
25254
25255
25256
25257
25260
25299
25300
25301
25304
25347
25425
25426
25471
25472
25473
25475
25476
25518
25519
25520
25521
25522
25523
25525
25526
25565
25566
25567
25568
25569
25570
25571
25572
25573
25575
25576
25612
25613
25614
25615
25616
25617
25618
25619
25620
25621
25622
25623
25625
25626
25659
25660
25661
25662
25663
25664
25665
25666
25667
25668
25669
25670
25671
25672
25673
25675
25676
25706
25707
25708
25709
25710
25711
25712
25713
25714
25715
25716
25717
25718
25719
25720
25721
25722
25723
25725
25726
25753
25754
25755
25756
25757
25758
25759
25760
25761
25762
25763
25764
25765
25766
25767
25768
25769
25770
25773
25800
25801
25802
25803
25804
25805
25806
25807
25808
25809
25810
25811
25812
25813
25814
25817
25847
25848
25849
25850
25851
25852
25853
25854
25855
25856
25857
25858
25861
25894
25895
25896
25897
25898
25899
25900
25901
25902
25905
25941
25942
25943
25944
25945
25946
25948
25949
25988
25989
25990
25991
25992
25993
26035
26036
26037
26040
26083
26161
26162
26207
26208
26209
26211
26212
26254
26255
26256
26257
26258
26259
26261
26262
26301
26302
26303
26304
26305
26306
26307
26308
26309
26311
26312
26348
26349
26350
26351
26352
26353
26354
26355
26356
26357
26358
26359
26361
26362
26395
26396
26397
26398
26399
26400
26401
26402
26403
26404
26405
26406
26407
26408
26409
26411
26412
26442
26443
26444
26445
26446
26447
26448
26449
26450
26451
26452
26453
26454
26455
26456
26457
26458
26459
26461
26462
26489
26490
26491
26492
26493
26494
26495
26496
26497
26498
26499
26500
26501
26502
26503
26504
26505
26506
26509
26536
26537
26538
26539
26540
26541
26542
26543
26544
26545
26546
26547
26548
26549
26550
26553
26583
26584
26585
26586
26587
26588
26589
26590
26591
26592
26593
26594
26597
26630
26631
26632
26633
26634
26635
26636
26637
26638
26641
26677
26678
26679
26680
26681
26682
26685
26724
26725
26726
26728
26729
26771
26772
26773
26819
26897
26898
26943
26944
26945
26947
26948
26990
26991
26992
26993
26994
26995
26997
26998
27037
27038
27039
27040
27041
27042
27043
27044
27045
27047
27048
27084
27085
27086
27087
27088
27089
27090
27091
27092
27093
27094
27095
27097
27098
27131
27132
27133
27134
27135
27136
27137
27138
27139
27140
27141
27142
27143
27144
27145
27147
27148
27178
27179
27180
27181
27182
27183
27184
27185
27186
27187
27188
27189
27190
27191
27192
27193
27194
27195
27197
27198
27225
27226
27227
27228
27229
27230
27231
27232
27233
27234
27235
27236
27237
27238
27239
27240
27241
27242
27245
27272
27273
27274
27275
27276
27277
27278
27279
27280
27281
27282
27283
27284
27285
27286
27289
27319
27320
27321
27322
27323
27324
27325
27326
27327
27328
27329
27330
27333
27366
27367
27368
27369
27370
27371
27372
27373
27374
27377
27413
27414
27415
27416
27417
27418
27421
27460
27461
27462
27465
27508
27509
27633
27634
27679
27680
27681
27683
27684
27726
27727
27728
27729
27730
27731
27733
27734
27773
27774
27775
27776
27777
27778
27779
27780
27781
27783
27784
27820
27821
27822
27823
27824
27825
27826
27827
27828
27829
27830
27831
27833
27834
27867
27868
27869
27870
27871
27872
27873
27874
27875
27876
27877
27878
27879
27880
27881
27883
27884
27914
27915
27916
27917
27918
27919
27920
27921
27922
27923
27924
27925
27926
27927
27928
27929
27930
27931
27933
27934
27961
27962
27963
27964
27965
27966
27967
27968
27969
27970
27971
27972
27973
27974
27975
27976
27977
27978
27981
28008
28009
28010
28011
28012
28013
28014
28015
28016
28017
28018
28019
28020
28021
28022
28025
28055
28056
28057
28058
28059
28060
28061
28062
28063
28064
28065
28066
28069
28102
28103
28104
28105
28106
28107
28108
28109
28110
28113
28149
28150
28151
28152
28153
28154
28157
28196
28197
28198
28201
28245
28369
28370
28415
28416
28417
28419
28420
28462
28463
28464
28465
28466
28467
28469
28470
28509
28510
28511
28512
28513
28514
28515
28516
28517
28519
28520
28556
28557
28558
28559
28560
28561
28562
28563
28564
28565
28566
28567
28569
28570
28603
28604
28605
28606
28607
28608
28609
28610
28611
28612
28613
28614
28615
28616
28617
28619
28620
28650
28651
28652
28653
28654
28655
28656
28657
28658
28659
28660
28661
28662
28663
28664
28665
28666
28667
28669
28670
28697
28698
28699
28700
28701
28702
28703
28704
28705
28706
28707
28708
28709
28710
28711
28712
28713
28714
28717
28744
28745
28746
28747
28748
28749
28750
28751
28752
28753
28754
28755
28756
28757
28758
28761
28791
28792
28793
28794
28795
28796
28797
28798
28799
28800
28801
28802
28805
28838
28839
28840
28841
28842
28843
28844
28845
28846
28849
28885
28886
28887
28888
28889
28890
28893
28932
28933
28934
28937
28981
29089
29119
29120
29122
29150
29151
29152
29153
29155
29181
29182
29183
29184
29185
29186
29188
29212
29213
29214
29215
29216
29217
29218
29219
29221
29243
29244
29245
29246
29247
29248
29249
29250
29251
29252
29254
29274
29275
29276
29277
29278
29279
29280
29281
29282
29283
29284
29285
29287
29305
29306
29307
29308
29309
29310
29311
29312
29313
29314
29315
29316
29336
29337
29338
29339
29340
29341
29342
29343
29344
29345
29367
29368
29369
29370
29371
29372
29373
29374
29398
29399
29400
29401
29402
29403
29429
29430
29431
29432
29460
29461
29539
29540
30759
30760
30761
30762
30763
30764
30765
30766
30767
30768
30769
30770
30771
30772
30773
30774
30775
30776
30777
30778
30779
30780
30781
30782
30783
30784
30785
30786
30787
30788
30789
30790
30791
30792
30793
30794
30795
30796
30797
30798
30799
30800
30801
30802
30803
30804
30805
30806
30807
30808
30809
30810
30811
30812
30813
30814
30815
30816
30817
30818
30819
30820
30821
30822
31431
31432
31433
31434
31435
31436
31437
31438
31439
31440
31441
31442
31443
31444
31445
31446
31447
31448
31449
31450
31451
31452
31453
31454
31455
31456
31457
31458
31459
31460
31461
31462
31463
31464
31465
31466
31467
31468
31469
31470
31471
31472
31473
31474
31475
31476
31477
31478
31479
31480
31481
31482
31483
31484
31485
31486
31487
31488
31489
31490
31491
31492
31493
31494
31495
31496
31497
31498
31499
31500
31501
31502
31503
31504
31505
31506
31507
31508
31509
31511
31512
31513
31514
31515
31516
31517
31518
31519
31520
31521
31522
31523
31524
31525
31527
31528
31529
31530
31531
31532
31533
31534
31535
31536
31537
31538
31539
31540
31541
31542
31543
31544
31545
31546
31547
31548
31549
31550
31551
31552
31553
31554
31555
31556
31557
31558
31559
31560
31561
31562
31563
31564
31565
31566
31567
31568
31569
31570
31571
31572
31573
31574
31575
31576
31577
31578
31579
31580
31581
31582
31583
31584
31585
31586
31587
31588
31589
31590
31742
31743
31757
31758
31759
31760
31772
31773
31774
31775
31776
31777
31787
31788
31789
31790
31791
31792
31793
31794
31802
31803
31804
31805
31806
31807
31808
31809
31810
31811
31817
31818
31819
31820
31821
31822
31823
31824
31825
31826
31827
31828
31832
31833
31834
31835
31836
31837
31838
31839
31840
31841
31842
31843
31844
31845
31849
31850
31851
31852
31853
31854
31855
31856
-9597
-9598
-9646
-9694
-9726
-9789
-9790
-9838
-9886
-9918
-9981
-9982
-10030
-10078
-10110
-10173
-10174
-10222
-10270
-10302
-10365
-10366
-10414
-10462
-10494
-10557
-10558
-10606
-10654
-10686
-10749
-10750
-10798
-10846
-10878
-10941
-10990
-11038
-11070
-11133
-11182
-11230
-11262
-11309
-11342
-11374
-11390
14576
14764
14951
22831
22832
22874
22875
22876
22918
22919
22962
22963
23006
23007
23050
23051
23094
23095
23138
23563
23564
23607
23654
23655
23656
23698
23699
23742
23743
23786
23787
23830
23831
23874
24299
24300
24343
24344
24387
24434
24435
24436
24478
24479
24522
24523
24566
24567
24610
25035
25036
25079
25080
25123
25124
25167
25214
25215
25216
25258
25259
25302
25303
25346
25771
25772
25815
25816
25859
25860
25903
25904
25947
25994
25995
25996
26038
26039
26082
26507
26508
26551
26552
26595
26596
26639
26640
26683
26684
26727
26774
26775
26776
26818
27243
27244
27287
27288
27331
27332
27375
27376
27419
27420
27463
27464
27507
27554
27555
27979
27980
28023
28024
28067
28068
28111
28112
28155
28156
28199
28200
28243
28244
28715
28716
28759
28760
28803
28804
28847
28848
28891
28892
28935
28936
28979
28980
29317
29318
29346
29347
29375
29376
29404
29405
29433
29434
29462
29463
29491
29492
22830
-1964
-2029
-2078
-2126
-2160
-2225
-2274
-2322
-2356
-2421
-2470
-2518
-2552
-2617
-2665
-2712
-2746
-2810
-2934
-2998
-3122
-3187
-3236
-3284
-3318
-3383
-3432
-3480
-3514
-3579
-3628
-3676
-3709
-3758
-3791
-3823
13333
13521
13709
13897
14083
14265
14447
14635
14823
14995
-22434
22480
-22484
22530
-22534
22580
-22584
22630
-22634
22680
-22684
22730
-22734
22780
-22784
-23170
23216
-23220
23266
-23270
23316
-23320
23366
-23370
23416
-23420
23466
-23470
23516
-23906
23952
-23956
24002
-24006
24052
-24056
24102
-24106
24152
-24156
24202
-24206
24252
-24642
24688
-24692
24738
-24742
24788
-24792
24838
-24842
24888
-24892
24938
-24942
24988
-25378
25424
-25428
25474
-25478
25524
-25528
25574
-25578
25624
-25628
25674
-25678
25724
-26114
26160
-26164
26210
-26214
26260
-26264
26310
-26314
26360
-26364
26410
-26414
26460
-26850
26896
-26900
26946
-26950
26996
-27000
27046
-27050
27096
-27100
27146
-27150
27196
-27586
27632
-27636
27682
-27686
27732
-27736
27782
-27786
27832
-27836
27882
-27886
27932
-28322
28368
-28372
28418
-28422
28468
-28472
28518
-28522
28568
-28572
28618
-28622
28668
-29058
29088
-29091
29121
-29124
29154
-29157
29187
-29190
29220
-29223
29253
-29256
29286
-13085
-13089
-13093
-13097
-13101
-13105
-13109
-13113
-13117
-13121
-13125
-13129
-13133
-13137
-13141
-13144
-13148
-13151
-13154
-13157
-13160
-13163
-13166
-13169
-13172
-13175
-13178
-13181
-13184
-13187
-13190
-13192
-13195
-13198
-13201
-13204
-13207
-13210
-13213
-13216
-13219
-13222
-13225
-13228
-13231
-13234
-13237
-13239
-13241
-13243
-13245
-13247
-13249
-13251
-13253
-13255
-13257
-13259
-13261
-13263
-13265
-13267
-13269
-13270
-21746
-21793
-21796
-21840
-21843
-21846
-21887
-21890
-21893
-21896
-21934
-21937
-21940
-21943
-21946
-21981
-21984
-21987
-21990
-21993
-21996
-22028
-22031
-22034
-22037
-22040
-22043
-22046
-22075
-22078
-22081
-22084
-22087
-22090
-22093
-22096
-22122
-22125
-22128
-22131
-22134
-22137
-22140
-22169
-22172
-22175
-22178
-22181
-22184
-22216
-22219
-22222
-22225
-22228
-22263
-22266
-22269
-22272
-22310
-22313
-22316
-22357
-22360
-22403
)


// ************************************************************************* //
