/*--------------------------------*- C++ -*----------------------------------*\
| =========                 |                                                 |
| \\      /  F ield         | OpenFOAM: The Open Source CFD Toolbox           |
|  \\    /   O peration     | Version:  4.x                                   |
|   \\  /    A nd           | Web:      www.OpenFOAM.org                      |
|    \\/     M anipulation  |                                                 |
\*---------------------------------------------------------------------------*/
FoamFile
{
    version     2.0;
    format      ascii;
    class       faceList;
    location    "constant/polyMesh";
    object      faces;
}
// * * * * * * * * * * * * * * * * * * * * * * * * * * * * * * * * * * * * * //


4076
(
4(205 491 536 220)
4(86 89 536 491)
4(66 220 536 89)
4(67 205 220 66)
4(204 492 537 219)
4(491 536 537 492)
4(220 219 537 536)
4(205 204 219 220)
4(203 493 538 218)
4(492 537 538 493)
4(219 218 538 537)
4(204 203 218 219)
4(202 494 539 217)
4(493 538 539 494)
4(218 217 539 538)
4(203 202 217 218)
4(201 495 540 216)
4(494 539 540 495)
4(217 216 540 539)
4(202 201 216 217)
4(200 496 541 215)
4(495 540 541 496)
4(216 215 541 540)
4(201 200 215 216)
4(199 497 542 214)
4(496 541 542 497)
4(215 214 542 541)
4(200 199 214 215)
4(198 498 543 213)
4(497 542 543 498)
4(214 213 543 542)
4(199 198 213 214)
4(197 499 544 212)
4(498 543 544 499)
4(213 212 544 543)
4(198 197 212 213)
4(196 500 545 211)
4(499 544 545 500)
4(212 211 545 544)
4(197 196 211 212)
4(195 501 546 210)
4(500 545 546 501)
4(211 210 546 545)
4(196 195 210 211)
4(194 502 547 209)
4(501 546 547 502)
4(210 209 547 546)
4(195 194 209 210)
4(193 503 548 208)
4(502 547 548 503)
4(209 208 548 547)
4(194 193 208 209)
4(192 504 549 207)
4(503 548 549 504)
4(208 207 549 548)
4(193 192 207 208)
4(191 505 550 206)
4(504 549 550 505)
4(207 206 550 549)
4(192 191 206 207)
4(505 550 27 24)
4(206 10 27 550)
4(491 506 551 536)
4(87 90 551 506)
4(89 536 551 90)
4(492 507 552 537)
4(506 551 552 507)
4(536 537 552 551)
4(493 508 553 538)
4(507 552 553 508)
4(537 538 553 552)
4(494 509 554 539)
4(508 553 554 509)
4(538 539 554 553)
4(495 510 555 540)
4(509 554 555 510)
4(539 540 555 554)
4(496 511 556 541)
4(510 555 556 511)
4(540 541 556 555)
4(497 512 557 542)
4(511 556 557 512)
4(541 542 557 556)
4(498 513 558 543)
4(512 557 558 513)
4(542 543 558 557)
4(499 514 559 544)
4(513 558 559 514)
4(543 544 559 558)
4(500 515 560 545)
4(514 559 560 515)
4(544 545 560 559)
4(501 516 561 546)
4(515 560 561 516)
4(545 546 561 560)
4(502 517 562 547)
4(516 561 562 517)
4(546 547 562 561)
4(503 518 563 548)
4(517 562 563 518)
4(547 548 563 562)
4(504 519 564 549)
4(518 563 564 519)
4(548 549 564 563)
4(505 520 565 550)
4(519 564 565 520)
4(549 550 565 564)
4(520 565 28 25)
4(550 27 28 565)
4(506 521 566 551)
4(88 91 566 521)
4(90 551 566 91)
4(507 522 567 552)
4(521 566 567 522)
4(551 552 567 566)
4(508 523 568 553)
4(522 567 568 523)
4(552 553 568 567)
4(509 524 569 554)
4(523 568 569 524)
4(553 554 569 568)
4(510 525 570 555)
4(524 569 570 525)
4(554 555 570 569)
4(511 526 571 556)
4(525 570 571 526)
4(555 556 571 570)
4(512 527 572 557)
4(526 571 572 527)
4(556 557 572 571)
4(513 528 573 558)
4(527 572 573 528)
4(557 558 573 572)
4(514 529 574 559)
4(528 573 574 529)
4(558 559 574 573)
4(515 530 575 560)
4(529 574 575 530)
4(559 560 575 574)
4(516 531 576 561)
4(530 575 576 531)
4(560 561 576 575)
4(517 532 577 562)
4(531 576 577 532)
4(561 562 577 576)
4(518 533 578 563)
4(532 577 578 533)
4(562 563 578 577)
4(519 534 579 564)
4(533 578 579 534)
4(563 564 579 578)
4(520 535 580 565)
4(534 579 580 535)
4(564 565 580 579)
4(535 580 29 26)
4(565 28 29 580)
4(521 341 356 566)
4(91 566 356 84)
4(522 342 357 567)
4(566 567 357 356)
4(523 343 358 568)
4(567 568 358 357)
4(524 344 359 569)
4(568 569 359 358)
4(525 345 360 570)
4(569 570 360 359)
4(526 346 361 571)
4(570 571 361 360)
4(527 347 362 572)
4(571 572 362 361)
4(528 348 363 573)
4(572 573 363 362)
4(529 349 364 574)
4(573 574 364 363)
4(530 350 365 575)
4(574 575 365 364)
4(531 351 366 576)
4(575 576 366 365)
4(532 352 367 577)
4(576 577 367 366)
4(533 353 368 578)
4(577 578 368 367)
4(534 354 369 579)
4(578 579 369 368)
4(535 355 370 580)
4(579 580 370 369)
4(580 29 19 370)
4(220 536 581 235)
4(89 92 581 536)
4(65 235 581 92)
4(66 220 235 65)
4(219 537 582 234)
4(536 581 582 537)
4(235 234 582 581)
4(220 219 234 235)
4(218 538 583 233)
4(537 582 583 538)
4(234 233 583 582)
4(219 218 233 234)
4(217 539 584 232)
4(538 583 584 539)
4(233 232 584 583)
4(218 217 232 233)
4(216 540 585 231)
4(539 584 585 540)
4(232 231 585 584)
4(217 216 231 232)
4(215 541 586 230)
4(540 585 586 541)
4(231 230 586 585)
4(216 215 230 231)
4(214 542 587 229)
4(541 586 587 542)
4(230 229 587 586)
4(215 214 229 230)
4(213 543 588 228)
4(542 587 588 543)
4(229 228 588 587)
4(214 213 228 229)
4(212 544 589 227)
4(543 588 589 544)
4(228 227 589 588)
4(213 212 227 228)
4(211 545 590 226)
4(544 589 590 545)
4(227 226 590 589)
4(212 211 226 227)
4(210 546 591 225)
4(545 590 591 546)
4(226 225 591 590)
4(211 210 225 226)
4(209 547 592 224)
4(546 591 592 547)
4(225 224 592 591)
4(210 209 224 225)
4(208 548 593 223)
4(547 592 593 548)
4(224 223 593 592)
4(209 208 223 224)
4(207 549 594 222)
4(548 593 594 549)
4(223 222 594 593)
4(208 207 222 223)
4(206 550 595 221)
4(549 594 595 550)
4(222 221 595 594)
4(207 206 221 222)
4(550 595 30 27)
4(221 9 30 595)
4(536 551 596 581)
4(90 93 596 551)
4(92 581 596 93)
4(537 552 597 582)
4(551 596 597 552)
4(581 582 597 596)
4(538 553 598 583)
4(552 597 598 553)
4(582 583 598 597)
4(539 554 599 584)
4(553 598 599 554)
4(583 584 599 598)
4(540 555 600 585)
4(554 599 600 555)
4(584 585 600 599)
4(541 556 601 586)
4(555 600 601 556)
4(585 586 601 600)
4(542 557 602 587)
4(556 601 602 557)
4(586 587 602 601)
4(543 558 603 588)
4(557 602 603 558)
4(587 588 603 602)
4(544 559 604 589)
4(558 603 604 559)
4(588 589 604 603)
4(545 560 605 590)
4(559 604 605 560)
4(589 590 605 604)
4(546 561 606 591)
4(560 605 606 561)
4(590 591 606 605)
4(547 562 607 592)
4(561 606 607 562)
4(591 592 607 606)
4(548 563 608 593)
4(562 607 608 563)
4(592 593 608 607)
4(549 564 609 594)
4(563 608 609 564)
4(593 594 609 608)
4(550 565 610 595)
4(564 609 610 565)
4(594 595 610 609)
4(565 610 31 28)
4(595 30 31 610)
4(551 566 611 596)
4(91 94 611 566)
4(93 596 611 94)
4(552 567 612 597)
4(566 611 612 567)
4(596 597 612 611)
4(553 568 613 598)
4(567 612 613 568)
4(597 598 613 612)
4(554 569 614 599)
4(568 613 614 569)
4(598 599 614 613)
4(555 570 615 600)
4(569 614 615 570)
4(599 600 615 614)
4(556 571 616 601)
4(570 615 616 571)
4(600 601 616 615)
4(557 572 617 602)
4(571 616 617 572)
4(601 602 617 616)
4(558 573 618 603)
4(572 617 618 573)
4(602 603 618 617)
4(559 574 619 604)
4(573 618 619 574)
4(603 604 619 618)
4(560 575 620 605)
4(574 619 620 575)
4(604 605 620 619)
4(561 576 621 606)
4(575 620 621 576)
4(605 606 621 620)
4(562 577 622 607)
4(576 621 622 577)
4(606 607 622 621)
4(563 578 623 608)
4(577 622 623 578)
4(607 608 623 622)
4(564 579 624 609)
4(578 623 624 579)
4(608 609 624 623)
4(565 580 625 610)
4(579 624 625 580)
4(609 610 625 624)
4(580 625 32 29)
4(610 31 32 625)
4(566 356 371 611)
4(94 611 371 83)
4(567 357 372 612)
4(611 612 372 371)
4(568 358 373 613)
4(612 613 373 372)
4(569 359 374 614)
4(613 614 374 373)
4(570 360 375 615)
4(614 615 375 374)
4(571 361 376 616)
4(615 616 376 375)
4(572 362 377 617)
4(616 617 377 376)
4(573 363 378 618)
4(617 618 378 377)
4(574 364 379 619)
4(618 619 379 378)
4(575 365 380 620)
4(619 620 380 379)
4(576 366 381 621)
4(620 621 381 380)
4(577 367 382 622)
4(621 622 382 381)
4(578 368 383 623)
4(622 623 383 382)
4(579 369 384 624)
4(623 624 384 383)
4(580 370 385 625)
4(624 625 385 384)
4(625 32 18 385)
4(235 581 626 250)
4(92 95 626 581)
4(64 250 626 95)
4(65 235 250 64)
4(234 582 627 249)
4(581 626 627 582)
4(250 249 627 626)
4(235 234 249 250)
4(233 583 628 248)
4(582 627 628 583)
4(249 248 628 627)
4(234 233 248 249)
4(232 584 629 247)
4(583 628 629 584)
4(248 247 629 628)
4(233 232 247 248)
4(231 585 630 246)
4(584 629 630 585)
4(247 246 630 629)
4(232 231 246 247)
4(230 586 631 245)
4(585 630 631 586)
4(246 245 631 630)
4(231 230 245 246)
4(229 587 632 244)
4(586 631 632 587)
4(245 244 632 631)
4(230 229 244 245)
4(228 588 633 243)
4(587 632 633 588)
4(244 243 633 632)
4(229 228 243 244)
4(227 589 634 242)
4(588 633 634 589)
4(243 242 634 633)
4(228 227 242 243)
4(226 590 635 241)
4(589 634 635 590)
4(242 241 635 634)
4(227 226 241 242)
4(225 591 636 240)
4(590 635 636 591)
4(241 240 636 635)
4(226 225 240 241)
4(224 592 637 239)
4(591 636 637 592)
4(240 239 637 636)
4(225 224 239 240)
4(223 593 638 238)
4(592 637 638 593)
4(239 238 638 637)
4(224 223 238 239)
4(222 594 639 237)
4(593 638 639 594)
4(238 237 639 638)
4(223 222 237 238)
4(221 595 640 236)
4(594 639 640 595)
4(237 236 640 639)
4(222 221 236 237)
4(595 640 33 30)
4(236 8 33 640)
4(581 596 641 626)
4(93 96 641 596)
4(95 626 641 96)
4(582 597 642 627)
4(596 641 642 597)
4(626 627 642 641)
4(583 598 643 628)
4(597 642 643 598)
4(627 628 643 642)
4(584 599 644 629)
4(598 643 644 599)
4(628 629 644 643)
4(585 600 645 630)
4(599 644 645 600)
4(629 630 645 644)
4(586 601 646 631)
4(600 645 646 601)
4(630 631 646 645)
4(587 602 647 632)
4(601 646 647 602)
4(631 632 647 646)
4(588 603 648 633)
4(602 647 648 603)
4(632 633 648 647)
4(589 604 649 634)
4(603 648 649 604)
4(633 634 649 648)
4(590 605 650 635)
4(604 649 650 605)
4(634 635 650 649)
4(591 606 651 636)
4(605 650 651 606)
4(635 636 651 650)
4(592 607 652 637)
4(606 651 652 607)
4(636 637 652 651)
4(593 608 653 638)
4(607 652 653 608)
4(637 638 653 652)
4(594 609 654 639)
4(608 653 654 609)
4(638 639 654 653)
4(595 610 655 640)
4(609 654 655 610)
4(639 640 655 654)
4(610 655 34 31)
4(640 33 34 655)
4(596 611 656 641)
4(94 97 656 611)
4(96 641 656 97)
4(597 612 657 642)
4(611 656 657 612)
4(641 642 657 656)
4(598 613 658 643)
4(612 657 658 613)
4(642 643 658 657)
4(599 614 659 644)
4(613 658 659 614)
4(643 644 659 658)
4(600 615 660 645)
4(614 659 660 615)
4(644 645 660 659)
4(601 616 661 646)
4(615 660 661 616)
4(645 646 661 660)
4(602 617 662 647)
4(616 661 662 617)
4(646 647 662 661)
4(603 618 663 648)
4(617 662 663 618)
4(647 648 663 662)
4(604 619 664 649)
4(618 663 664 619)
4(648 649 664 663)
4(605 620 665 650)
4(619 664 665 620)
4(649 650 665 664)
4(606 621 666 651)
4(620 665 666 621)
4(650 651 666 665)
4(607 622 667 652)
4(621 666 667 622)
4(651 652 667 666)
4(608 623 668 653)
4(622 667 668 623)
4(652 653 668 667)
4(609 624 669 654)
4(623 668 669 624)
4(653 654 669 668)
4(610 625 670 655)
4(624 669 670 625)
4(654 655 670 669)
4(625 670 35 32)
4(655 34 35 670)
4(611 371 386 656)
4(97 656 386 82)
4(612 372 387 657)
4(656 657 387 386)
4(613 373 388 658)
4(657 658 388 387)
4(614 374 389 659)
4(658 659 389 388)
4(615 375 390 660)
4(659 660 390 389)
4(616 376 391 661)
4(660 661 391 390)
4(617 377 392 662)
4(661 662 392 391)
4(618 378 393 663)
4(662 663 393 392)
4(619 379 394 664)
4(663 664 394 393)
4(620 380 395 665)
4(664 665 395 394)
4(621 381 396 666)
4(665 666 396 395)
4(622 382 397 667)
4(666 667 397 396)
4(623 383 398 668)
4(667 668 398 397)
4(624 384 399 669)
4(668 669 399 398)
4(625 385 400 670)
4(669 670 400 399)
4(670 35 17 400)
4(250 626 671 265)
4(95 98 671 626)
4(63 265 671 98)
4(64 250 265 63)
4(249 627 672 264)
4(626 671 672 627)
4(265 264 672 671)
4(250 249 264 265)
4(248 628 673 263)
4(627 672 673 628)
4(264 263 673 672)
4(249 248 263 264)
4(247 629 674 262)
4(628 673 674 629)
4(263 262 674 673)
4(248 247 262 263)
4(246 630 675 261)
4(629 674 675 630)
4(262 261 675 674)
4(247 246 261 262)
4(245 631 676 260)
4(630 675 676 631)
4(261 260 676 675)
4(246 245 260 261)
4(244 632 677 259)
4(631 676 677 632)
4(260 259 677 676)
4(245 244 259 260)
4(243 633 678 258)
4(632 677 678 633)
4(259 258 678 677)
4(244 243 258 259)
4(242 634 679 257)
4(633 678 679 634)
4(258 257 679 678)
4(243 242 257 258)
4(241 635 680 256)
4(634 679 680 635)
4(257 256 680 679)
4(242 241 256 257)
4(240 636 681 255)
4(635 680 681 636)
4(256 255 681 680)
4(241 240 255 256)
4(239 637 682 254)
4(636 681 682 637)
4(255 254 682 681)
4(240 239 254 255)
4(238 638 683 253)
4(637 682 683 638)
4(254 253 683 682)
4(239 238 253 254)
4(237 639 684 252)
4(638 683 684 639)
4(253 252 684 683)
4(238 237 252 253)
4(236 640 685 251)
4(639 684 685 640)
4(252 251 685 684)
4(237 236 251 252)
4(640 685 36 33)
4(251 7 36 685)
4(626 641 686 671)
4(96 99 686 641)
4(98 671 686 99)
4(627 642 687 672)
4(641 686 687 642)
4(671 672 687 686)
4(628 643 688 673)
4(642 687 688 643)
4(672 673 688 687)
4(629 644 689 674)
4(643 688 689 644)
4(673 674 689 688)
4(630 645 690 675)
4(644 689 690 645)
4(674 675 690 689)
4(631 646 691 676)
4(645 690 691 646)
4(675 676 691 690)
4(632 647 692 677)
4(646 691 692 647)
4(676 677 692 691)
4(633 648 693 678)
4(647 692 693 648)
4(677 678 693 692)
4(634 649 694 679)
4(648 693 694 649)
4(678 679 694 693)
4(635 650 695 680)
4(649 694 695 650)
4(679 680 695 694)
4(636 651 696 681)
4(650 695 696 651)
4(680 681 696 695)
4(637 652 697 682)
4(651 696 697 652)
4(681 682 697 696)
4(638 653 698 683)
4(652 697 698 653)
4(682 683 698 697)
4(639 654 699 684)
4(653 698 699 654)
4(683 684 699 698)
4(640 655 700 685)
4(654 699 700 655)
4(684 685 700 699)
4(655 700 37 34)
4(685 36 37 700)
4(641 656 701 686)
4(97 100 701 656)
4(99 686 701 100)
4(642 657 702 687)
4(656 701 702 657)
4(686 687 702 701)
4(643 658 703 688)
4(657 702 703 658)
4(687 688 703 702)
4(644 659 704 689)
4(658 703 704 659)
4(688 689 704 703)
4(645 660 705 690)
4(659 704 705 660)
4(689 690 705 704)
4(646 661 706 691)
4(660 705 706 661)
4(690 691 706 705)
4(647 662 707 692)
4(661 706 707 662)
4(691 692 707 706)
4(648 663 708 693)
4(662 707 708 663)
4(692 693 708 707)
4(649 664 709 694)
4(663 708 709 664)
4(693 694 709 708)
4(650 665 710 695)
4(664 709 710 665)
4(694 695 710 709)
4(651 666 711 696)
4(665 710 711 666)
4(695 696 711 710)
4(652 667 712 697)
4(666 711 712 667)
4(696 697 712 711)
4(653 668 713 698)
4(667 712 713 668)
4(697 698 713 712)
4(654 669 714 699)
4(668 713 714 669)
4(698 699 714 713)
4(655 670 715 700)
4(669 714 715 670)
4(699 700 715 714)
4(670 715 38 35)
4(656 386 401 701)
4(100 701 401 81)
4(657 387 402 702)
4(701 702 402 401)
4(658 388 403 703)
4(702 703 403 402)
4(659 389 404 704)
4(703 704 404 403)
4(660 390 405 705)
4(704 705 405 404)
4(661 391 406 706)
4(705 706 406 405)
4(662 392 407 707)
4(706 707 407 406)
4(663 393 408 708)
4(707 708 408 407)
4(664 394 409 709)
4(708 709 409 408)
4(665 395 410 710)
4(709 710 410 409)
4(666 396 411 711)
4(710 711 411 410)
4(667 397 412 712)
4(711 712 412 411)
4(668 398 413 713)
4(712 713 413 412)
4(669 399 414 714)
4(713 714 414 413)
4(670 400 415 715)
4(714 715 415 414)
4(265 671 716 280)
4(98 101 716 671)
4(62 280 716 101)
4(63 265 280 62)
4(264 672 717 279)
4(671 716 717 672)
4(280 279 717 716)
4(265 264 279 280)
4(263 673 718 278)
4(672 717 718 673)
4(279 278 718 717)
4(264 263 278 279)
4(262 674 719 277)
4(673 718 719 674)
4(278 277 719 718)
4(263 262 277 278)
4(261 675 720 276)
4(674 719 720 675)
4(277 276 720 719)
4(262 261 276 277)
4(260 676 721 275)
4(675 720 721 676)
4(276 275 721 720)
4(261 260 275 276)
4(259 677 722 274)
4(676 721 722 677)
4(275 274 722 721)
4(260 259 274 275)
4(258 678 723 273)
4(677 722 723 678)
4(274 273 723 722)
4(259 258 273 274)
4(257 679 724 272)
4(678 723 724 679)
4(273 272 724 723)
4(258 257 272 273)
4(256 680 725 271)
4(679 724 725 680)
4(272 271 725 724)
4(257 256 271 272)
4(255 681 726 270)
4(680 725 726 681)
4(271 270 726 725)
4(256 255 270 271)
4(254 682 727 269)
4(681 726 727 682)
4(270 269 727 726)
4(255 254 269 270)
4(253 683 728 268)
4(682 727 728 683)
4(269 268 728 727)
4(254 253 268 269)
4(252 684 729 267)
4(683 728 729 684)
4(268 267 729 728)
4(253 252 267 268)
4(251 685 730 266)
4(684 729 730 685)
4(267 266 730 729)
4(252 251 266 267)
4(685 730 39 36)
4(266 6 39 730)
4(671 686 731 716)
4(99 102 731 686)
4(101 716 731 102)
4(672 687 732 717)
4(686 731 732 687)
4(716 717 732 731)
4(673 688 733 718)
4(687 732 733 688)
4(717 718 733 732)
4(674 689 734 719)
4(688 733 734 689)
4(718 719 734 733)
4(675 690 735 720)
4(689 734 735 690)
4(719 720 735 734)
4(676 691 736 721)
4(690 735 736 691)
4(720 721 736 735)
4(677 692 737 722)
4(691 736 737 692)
4(721 722 737 736)
4(678 693 738 723)
4(692 737 738 693)
4(722 723 738 737)
4(679 694 739 724)
4(693 738 739 694)
4(723 724 739 738)
4(680 695 740 725)
4(694 739 740 695)
4(724 725 740 739)
4(681 696 741 726)
4(695 740 741 696)
4(725 726 741 740)
4(682 697 742 727)
4(696 741 742 697)
4(726 727 742 741)
4(683 698 743 728)
4(697 742 743 698)
4(727 728 743 742)
4(684 699 744 729)
4(698 743 744 699)
4(728 729 744 743)
4(685 700 745 730)
4(699 744 745 700)
4(729 730 745 744)
4(730 39 40 745)
4(686 701 746 731)
4(100 103 746 701)
4(102 731 746 103)
4(687 702 747 732)
4(701 746 747 702)
4(731 732 747 746)
4(688 703 748 733)
4(702 747 748 703)
4(732 733 748 747)
4(689 704 749 734)
4(703 748 749 704)
4(733 734 749 748)
4(690 705 750 735)
4(704 749 750 705)
4(734 735 750 749)
4(691 706 751 736)
4(705 750 751 706)
4(735 736 751 750)
4(692 707 752 737)
4(706 751 752 707)
4(736 737 752 751)
4(693 708 753 738)
4(707 752 753 708)
4(737 738 753 752)
4(694 709 754 739)
4(708 753 754 709)
4(738 739 754 753)
4(695 710 755 740)
4(709 754 755 710)
4(739 740 755 754)
4(696 711 756 741)
4(710 755 756 711)
4(740 741 756 755)
4(697 712 757 742)
4(711 756 757 712)
4(741 742 757 756)
4(698 713 758 743)
4(712 757 758 713)
4(742 743 758 757)
4(699 714 759 744)
4(713 758 759 714)
4(743 744 759 758)
4(714 759 760 715)
4(744 745 760 759)
4(701 401 416 746)
4(103 746 416 80)
4(702 402 417 747)
4(746 747 417 416)
4(703 403 418 748)
4(747 748 418 417)
4(704 404 419 749)
4(748 749 419 418)
4(705 405 420 750)
4(749 750 420 419)
4(706 406 421 751)
4(750 751 421 420)
4(707 407 422 752)
4(751 752 422 421)
4(708 408 423 753)
4(752 753 423 422)
4(709 409 424 754)
4(753 754 424 423)
4(710 410 425 755)
4(754 755 425 424)
4(711 411 426 756)
4(755 756 426 425)
4(712 412 427 757)
4(756 757 427 426)
4(713 413 428 758)
4(757 758 428 427)
4(714 414 429 759)
4(758 759 429 428)
4(759 760 430 429)
4(280 716 761 295)
4(101 104 761 716)
4(61 295 761 104)
4(62 280 295 61)
4(279 717 762 294)
4(716 761 762 717)
4(295 294 762 761)
4(280 279 294 295)
4(278 718 763 293)
4(717 762 763 718)
4(294 293 763 762)
4(279 278 293 294)
4(277 719 764 292)
4(718 763 764 719)
4(293 292 764 763)
4(278 277 292 293)
4(276 720 765 291)
4(719 764 765 720)
4(292 291 765 764)
4(277 276 291 292)
4(275 721 766 290)
4(720 765 766 721)
4(291 290 766 765)
4(276 275 290 291)
4(274 722 767 289)
4(721 766 767 722)
4(290 289 767 766)
4(275 274 289 290)
4(273 723 768 288)
4(722 767 768 723)
4(289 288 768 767)
4(274 273 288 289)
4(272 724 769 287)
4(723 768 769 724)
4(288 287 769 768)
4(273 272 287 288)
4(271 725 770 286)
4(724 769 770 725)
4(287 286 770 769)
4(272 271 286 287)
4(270 726 771 285)
4(725 770 771 726)
4(286 285 771 770)
4(271 270 285 286)
4(269 727 772 284)
4(726 771 772 727)
4(285 284 772 771)
4(270 269 284 285)
4(268 728 773 283)
4(727 772 773 728)
4(284 283 773 772)
4(269 268 283 284)
4(267 729 774 282)
4(728 773 774 729)
4(283 282 774 773)
4(268 267 282 283)
4(266 730 775 281)
4(729 774 775 730)
4(282 281 775 774)
4(267 266 281 282)
4(730 775 41 39)
4(281 5 41 775)
4(716 731 776 761)
4(102 105 776 731)
4(104 761 776 105)
4(717 732 777 762)
4(731 776 777 732)
4(761 762 777 776)
4(718 733 778 763)
4(732 777 778 733)
4(762 763 778 777)
4(719 734 779 764)
4(733 778 779 734)
4(763 764 779 778)
4(720 735 780 765)
4(734 779 780 735)
4(764 765 780 779)
4(721 736 781 766)
4(735 780 781 736)
4(765 766 781 780)
4(722 737 782 767)
4(736 781 782 737)
4(766 767 782 781)
4(723 738 783 768)
4(737 782 783 738)
4(767 768 783 782)
4(724 739 784 769)
4(738 783 784 739)
4(768 769 784 783)
4(725 740 785 770)
4(739 784 785 740)
4(769 770 785 784)
4(726 741 786 771)
4(740 785 786 741)
4(770 771 786 785)
4(727 742 787 772)
4(741 786 787 742)
4(771 772 787 786)
4(728 743 788 773)
4(742 787 788 743)
4(772 773 788 787)
4(729 744 789 774)
4(743 788 789 744)
4(773 774 789 788)
4(730 745 790 775)
4(744 789 790 745)
4(774 775 790 789)
4(775 41 42 790)
4(731 746 791 776)
4(103 106 791 746)
4(105 776 791 106)
4(732 747 792 777)
4(746 791 792 747)
4(776 777 792 791)
4(733 748 793 778)
4(747 792 793 748)
4(777 778 793 792)
4(734 749 794 779)
4(748 793 794 749)
4(778 779 794 793)
4(735 750 795 780)
4(749 794 795 750)
4(779 780 795 794)
4(736 751 796 781)
4(750 795 796 751)
4(780 781 796 795)
4(737 752 797 782)
4(751 796 797 752)
4(781 782 797 796)
4(738 753 798 783)
4(752 797 798 753)
4(782 783 798 797)
4(739 754 799 784)
4(753 798 799 754)
4(783 784 799 798)
4(740 755 800 785)
4(754 799 800 755)
4(784 785 800 799)
4(741 756 801 786)
4(755 800 801 756)
4(785 786 801 800)
4(742 757 802 787)
4(756 801 802 757)
4(786 787 802 801)
4(743 758 803 788)
4(757 802 803 758)
4(787 788 803 802)
4(744 759 804 789)
4(758 803 804 759)
4(788 789 804 803)
4(759 804 805 760)
4(789 790 805 804)
4(746 416 431 791)
4(106 791 431 79)
4(747 417 432 792)
4(791 792 432 431)
4(748 418 433 793)
4(792 793 433 432)
4(749 419 434 794)
4(793 794 434 433)
4(750 420 435 795)
4(794 795 435 434)
4(751 421 436 796)
4(795 796 436 435)
4(752 422 437 797)
4(796 797 437 436)
4(753 423 438 798)
4(797 798 438 437)
4(754 424 439 799)
4(798 799 439 438)
4(755 425 440 800)
4(799 800 440 439)
4(756 426 441 801)
4(800 801 441 440)
4(757 427 442 802)
4(801 802 442 441)
4(758 428 443 803)
4(802 803 443 442)
4(759 429 444 804)
4(803 804 444 443)
4(804 805 445 444)
4(295 761 806 310)
4(104 107 806 761)
4(60 310 806 107)
4(61 295 310 60)
4(294 762 807 309)
4(761 806 807 762)
4(310 309 807 806)
4(295 294 309 310)
4(293 763 808 308)
4(762 807 808 763)
4(309 308 808 807)
4(294 293 308 309)
4(292 764 809 307)
4(763 808 809 764)
4(308 307 809 808)
4(293 292 307 308)
4(291 765 810 306)
4(764 809 810 765)
4(307 306 810 809)
4(292 291 306 307)
4(290 766 811 305)
4(765 810 811 766)
4(306 305 811 810)
4(291 290 305 306)
4(289 767 812 304)
4(766 811 812 767)
4(305 304 812 811)
4(290 289 304 305)
4(288 768 813 303)
4(767 812 813 768)
4(304 303 813 812)
4(289 288 303 304)
4(287 769 814 302)
4(768 813 814 769)
4(303 302 814 813)
4(288 287 302 303)
4(286 770 815 301)
4(769 814 815 770)
4(302 301 815 814)
4(287 286 301 302)
4(285 771 816 300)
4(770 815 816 771)
4(301 300 816 815)
4(286 285 300 301)
4(284 772 817 299)
4(771 816 817 772)
4(300 299 817 816)
4(285 284 299 300)
4(283 773 818 298)
4(772 817 818 773)
4(299 298 818 817)
4(284 283 298 299)
4(282 774 819 297)
4(773 818 819 774)
4(298 297 819 818)
4(283 282 297 298)
4(281 775 820 296)
4(774 819 820 775)
4(297 296 820 819)
4(282 281 296 297)
4(775 820 44 41)
4(296 4 44 820)
4(761 776 821 806)
4(105 108 821 776)
4(107 806 821 108)
4(762 777 822 807)
4(776 821 822 777)
4(806 807 822 821)
4(763 778 823 808)
4(777 822 823 778)
4(807 808 823 822)
4(764 779 824 809)
4(778 823 824 779)
4(808 809 824 823)
4(765 780 825 810)
4(779 824 825 780)
4(809 810 825 824)
4(766 781 826 811)
4(780 825 826 781)
4(810 811 826 825)
4(767 782 827 812)
4(781 826 827 782)
4(811 812 827 826)
4(768 783 828 813)
4(782 827 828 783)
4(812 813 828 827)
4(769 784 829 814)
4(783 828 829 784)
4(813 814 829 828)
4(770 785 830 815)
4(784 829 830 785)
4(814 815 830 829)
4(771 786 831 816)
4(785 830 831 786)
4(815 816 831 830)
4(772 787 832 817)
4(786 831 832 787)
4(816 817 832 831)
4(773 788 833 818)
4(787 832 833 788)
4(817 818 833 832)
4(774 789 834 819)
4(788 833 834 789)
4(818 819 834 833)
4(775 790 835 820)
4(789 834 835 790)
4(819 820 835 834)
4(790 835 45 42)
4(820 44 45 835)
4(776 791 836 821)
4(106 109 836 791)
4(108 821 836 109)
4(777 792 837 822)
4(791 836 837 792)
4(821 822 837 836)
4(778 793 838 823)
4(792 837 838 793)
4(822 823 838 837)
4(779 794 839 824)
4(793 838 839 794)
4(823 824 839 838)
4(780 795 840 825)
4(794 839 840 795)
4(824 825 840 839)
4(781 796 841 826)
4(795 840 841 796)
4(825 826 841 840)
4(782 797 842 827)
4(796 841 842 797)
4(826 827 842 841)
4(783 798 843 828)
4(797 842 843 798)
4(827 828 843 842)
4(784 799 844 829)
4(798 843 844 799)
4(828 829 844 843)
4(785 800 845 830)
4(799 844 845 800)
4(829 830 845 844)
4(786 801 846 831)
4(800 845 846 801)
4(830 831 846 845)
4(787 802 847 832)
4(801 846 847 802)
4(831 832 847 846)
4(788 803 848 833)
4(802 847 848 803)
4(832 833 848 847)
4(789 804 849 834)
4(803 848 849 804)
4(833 834 849 848)
4(790 805 850 835)
4(804 849 850 805)
4(834 835 850 849)
4(805 850 46 43)
4(835 45 46 850)
4(791 431 446 836)
4(109 836 446 78)
4(792 432 447 837)
4(836 837 447 446)
4(793 433 448 838)
4(837 838 448 447)
4(794 434 449 839)
4(838 839 449 448)
4(795 435 450 840)
4(839 840 450 449)
4(796 436 451 841)
4(840 841 451 450)
4(797 437 452 842)
4(841 842 452 451)
4(798 438 453 843)
4(842 843 453 452)
4(799 439 454 844)
4(843 844 454 453)
4(800 440 455 845)
4(844 845 455 454)
4(801 441 456 846)
4(845 846 456 455)
4(802 442 457 847)
4(846 847 457 456)
4(803 443 458 848)
4(847 848 458 457)
4(804 444 459 849)
4(848 849 459 458)
4(805 445 460 850)
4(849 850 460 459)
4(850 46 14 460)
4(310 806 851 325)
4(107 110 851 806)
4(59 325 851 110)
4(309 807 852 324)
4(806 851 852 807)
4(325 324 852 851)
4(310 309 324 325)
4(308 808 853 323)
4(807 852 853 808)
4(324 323 853 852)
4(309 308 323 324)
4(307 809 854 322)
4(808 853 854 809)
4(323 322 854 853)
4(308 307 322 323)
4(306 810 855 321)
4(809 854 855 810)
4(322 321 855 854)
4(307 306 321 322)
4(305 811 856 320)
4(810 855 856 811)
4(321 320 856 855)
4(306 305 320 321)
4(304 812 857 319)
4(811 856 857 812)
4(320 319 857 856)
4(305 304 319 320)
4(303 813 858 318)
4(812 857 858 813)
4(319 318 858 857)
4(304 303 318 319)
4(302 814 859 317)
4(813 858 859 814)
4(318 317 859 858)
4(303 302 317 318)
4(301 815 860 316)
4(814 859 860 815)
4(317 316 860 859)
4(302 301 316 317)
4(300 816 861 315)
4(815 860 861 816)
4(316 315 861 860)
4(301 300 315 316)
4(299 817 862 314)
4(816 861 862 817)
4(315 314 862 861)
4(300 299 314 315)
4(298 818 863 313)
4(817 862 863 818)
4(314 313 863 862)
4(299 298 313 314)
4(297 819 864 312)
4(818 863 864 819)
4(313 312 864 863)
4(298 297 312 313)
4(296 820 865 311)
4(819 864 865 820)
4(312 311 865 864)
4(297 296 311 312)
4(820 865 47 44)
4(311 3 47 865)
4(806 821 866 851)
4(108 111 866 821)
4(110 851 866 111)
4(807 822 867 852)
4(821 866 867 822)
4(851 852 867 866)
4(808 823 868 853)
4(822 867 868 823)
4(852 853 868 867)
4(809 824 869 854)
4(823 868 869 824)
4(853 854 869 868)
4(810 825 870 855)
4(824 869 870 825)
4(854 855 870 869)
4(811 826 871 856)
4(825 870 871 826)
4(855 856 871 870)
4(812 827 872 857)
4(826 871 872 827)
4(856 857 872 871)
4(813 828 873 858)
4(827 872 873 828)
4(857 858 873 872)
4(814 829 874 859)
4(828 873 874 829)
4(858 859 874 873)
4(815 830 875 860)
4(829 874 875 830)
4(859 860 875 874)
4(816 831 876 861)
4(830 875 876 831)
4(860 861 876 875)
4(817 832 877 862)
4(831 876 877 832)
4(861 862 877 876)
4(818 833 878 863)
4(832 877 878 833)
4(862 863 878 877)
4(819 834 879 864)
4(833 878 879 834)
4(863 864 879 878)
4(820 835 880 865)
4(834 879 880 835)
4(864 865 880 879)
4(835 880 48 45)
4(865 47 48 880)
4(821 836 881 866)
4(109 112 881 836)
4(111 866 881 112)
4(822 837 882 867)
4(836 881 882 837)
4(866 867 882 881)
4(823 838 883 868)
4(837 882 883 838)
4(867 868 883 882)
4(824 839 884 869)
4(838 883 884 839)
4(868 869 884 883)
4(825 840 885 870)
4(839 884 885 840)
4(869 870 885 884)
4(826 841 886 871)
4(840 885 886 841)
4(870 871 886 885)
4(827 842 887 872)
4(841 886 887 842)
4(871 872 887 886)
4(828 843 888 873)
4(842 887 888 843)
4(872 873 888 887)
4(829 844 889 874)
4(843 888 889 844)
4(873 874 889 888)
4(830 845 890 875)
4(844 889 890 845)
4(874 875 890 889)
4(831 846 891 876)
4(845 890 891 846)
4(875 876 891 890)
4(832 847 892 877)
4(846 891 892 847)
4(876 877 892 891)
4(833 848 893 878)
4(847 892 893 848)
4(877 878 893 892)
4(834 849 894 879)
4(848 893 894 849)
4(878 879 894 893)
4(835 850 895 880)
4(849 894 895 850)
4(879 880 895 894)
4(850 895 49 46)
4(880 48 49 895)
4(836 446 461 881)
4(112 881 461 77)
4(837 447 462 882)
4(881 882 462 461)
4(838 448 463 883)
4(882 883 463 462)
4(839 449 464 884)
4(883 884 464 463)
4(840 450 465 885)
4(884 885 465 464)
4(841 451 466 886)
4(885 886 466 465)
4(842 452 467 887)
4(886 887 467 466)
4(843 453 468 888)
4(887 888 468 467)
4(844 454 469 889)
4(888 889 469 468)
4(845 455 470 890)
4(889 890 470 469)
4(846 456 471 891)
4(890 891 471 470)
4(847 457 472 892)
4(891 892 472 471)
4(848 458 473 893)
4(892 893 473 472)
4(849 459 474 894)
4(893 894 474 473)
4(850 460 475 895)
4(894 895 475 474)
4(895 49 13 475)
4(325 851 896 340)
4(110 113 896 851)
4(58 340 896 113)
4(324 852 897 339)
4(851 896 897 852)
4(340 339 897 896)
4(325 324 339 340)
4(323 853 898 338)
4(852 897 898 853)
4(339 338 898 897)
4(324 323 338 339)
4(322 854 899 337)
4(853 898 899 854)
4(338 337 899 898)
4(323 322 337 338)
4(321 855 900 336)
4(854 899 900 855)
4(337 336 900 899)
4(322 321 336 337)
4(320 856 901 335)
4(855 900 901 856)
4(336 335 901 900)
4(321 320 335 336)
4(319 857 902 334)
4(856 901 902 857)
4(335 334 902 901)
4(320 319 334 335)
4(318 858 903 333)
4(857 902 903 858)
4(334 333 903 902)
4(319 318 333 334)
4(317 859 904 332)
4(858 903 904 859)
4(333 332 904 903)
4(318 317 332 333)
4(316 860 905 331)
4(859 904 905 860)
4(332 331 905 904)
4(317 316 331 332)
4(315 861 906 330)
4(860 905 906 861)
4(331 330 906 905)
4(316 315 330 331)
4(314 862 907 329)
4(861 906 907 862)
4(330 329 907 906)
4(315 314 329 330)
4(313 863 908 328)
4(862 907 908 863)
4(329 328 908 907)
4(314 313 328 329)
4(312 864 909 327)
4(863 908 909 864)
4(328 327 909 908)
4(313 312 327 328)
4(311 865 910 326)
4(864 909 910 865)
4(327 326 910 909)
4(312 311 326 327)
4(865 910 50 47)
4(326 2 50 910)
4(851 866 911 896)
4(111 114 911 866)
4(113 896 911 114)
4(852 867 912 897)
4(866 911 912 867)
4(896 897 912 911)
4(853 868 913 898)
4(867 912 913 868)
4(897 898 913 912)
4(854 869 914 899)
4(868 913 914 869)
4(898 899 914 913)
4(855 870 915 900)
4(869 914 915 870)
4(899 900 915 914)
4(856 871 916 901)
4(870 915 916 871)
4(900 901 916 915)
4(857 872 917 902)
4(871 916 917 872)
4(901 902 917 916)
4(858 873 918 903)
4(872 917 918 873)
4(902 903 918 917)
4(859 874 919 904)
4(873 918 919 874)
4(903 904 919 918)
4(860 875 920 905)
4(874 919 920 875)
4(904 905 920 919)
4(861 876 921 906)
4(875 920 921 876)
4(905 906 921 920)
4(862 877 922 907)
4(876 921 922 877)
4(906 907 922 921)
4(863 878 923 908)
4(877 922 923 878)
4(907 908 923 922)
4(864 879 924 909)
4(878 923 924 879)
4(908 909 924 923)
4(865 880 925 910)
4(879 924 925 880)
4(909 910 925 924)
4(880 925 51 48)
4(910 50 51 925)
4(866 881 926 911)
4(112 115 926 881)
4(114 911 926 115)
4(867 882 927 912)
4(881 926 927 882)
4(911 912 927 926)
4(868 883 928 913)
4(882 927 928 883)
4(912 913 928 927)
4(869 884 929 914)
4(883 928 929 884)
4(913 914 929 928)
4(870 885 930 915)
4(884 929 930 885)
4(914 915 930 929)
4(871 886 931 916)
4(885 930 931 886)
4(915 916 931 930)
4(872 887 932 917)
4(886 931 932 887)
4(916 917 932 931)
4(873 888 933 918)
4(887 932 933 888)
4(917 918 933 932)
4(874 889 934 919)
4(888 933 934 889)
4(918 919 934 933)
4(875 890 935 920)
4(889 934 935 890)
4(919 920 935 934)
4(876 891 936 921)
4(890 935 936 891)
4(920 921 936 935)
4(877 892 937 922)
4(891 936 937 892)
4(921 922 937 936)
4(878 893 938 923)
4(892 937 938 893)
4(922 923 938 937)
4(879 894 939 924)
4(893 938 939 894)
4(923 924 939 938)
4(880 895 940 925)
4(894 939 940 895)
4(924 925 940 939)
4(895 940 52 49)
4(925 51 52 940)
4(881 461 476 926)
4(115 926 476 76)
4(882 462 477 927)
4(926 927 477 476)
4(883 463 478 928)
4(927 928 478 477)
4(884 464 479 929)
4(928 929 479 478)
4(885 465 480 930)
4(929 930 480 479)
4(886 466 481 931)
4(930 931 481 480)
4(887 467 482 932)
4(931 932 482 481)
4(888 468 483 933)
4(932 933 483 482)
4(889 469 484 934)
4(933 934 484 483)
4(890 470 485 935)
4(934 935 485 484)
4(891 471 486 936)
4(935 936 486 485)
4(892 472 487 937)
4(936 937 487 486)
4(893 473 488 938)
4(937 938 488 487)
4(894 474 489 939)
4(938 939 489 488)
4(895 475 490 940)
4(939 940 490 489)
4(940 52 12 490)
4(340 896 176 131)
4(113 57 176 896)
4(339 897 177 132)
4(896 176 177 897)
4(340 339 132 131)
4(338 898 178 133)
4(897 177 178 898)
4(339 338 133 132)
4(337 899 179 134)
4(898 178 179 899)
4(338 337 134 133)
4(336 900 180 135)
4(899 179 180 900)
4(337 336 135 134)
4(335 901 181 136)
4(900 180 181 901)
4(336 335 136 135)
4(334 902 182 137)
4(901 181 182 902)
4(335 334 137 136)
4(333 903 183 138)
4(902 182 183 903)
4(334 333 138 137)
4(332 904 184 139)
4(903 183 184 904)
4(333 332 139 138)
4(331 905 185 140)
4(904 184 185 905)
4(332 331 140 139)
4(330 906 186 141)
4(905 185 186 906)
4(331 330 141 140)
4(329 907 187 142)
4(906 186 187 907)
4(330 329 142 141)
4(328 908 188 143)
4(907 187 188 908)
4(329 328 143 142)
4(327 909 189 144)
4(908 188 189 909)
4(328 327 144 143)
4(326 910 190 145)
4(909 189 190 910)
4(327 326 145 144)
4(910 190 21 50)
4(896 911 161 176)
4(114 56 161 911)
4(897 912 162 177)
4(911 161 162 912)
4(898 913 163 178)
4(912 162 163 913)
4(899 914 164 179)
4(913 163 164 914)
4(900 915 165 180)
4(914 164 165 915)
4(901 916 166 181)
4(915 165 166 916)
4(902 917 167 182)
4(916 166 167 917)
4(903 918 168 183)
4(917 167 168 918)
4(904 919 169 184)
4(918 168 169 919)
4(905 920 170 185)
4(919 169 170 920)
4(906 921 171 186)
4(920 170 171 921)
4(907 922 172 187)
4(921 171 172 922)
4(908 923 173 188)
4(922 172 173 923)
4(909 924 174 189)
4(923 173 174 924)
4(910 925 175 190)
4(924 174 175 925)
4(925 175 22 51)
4(911 926 146 161)
4(115 55 146 926)
4(912 927 147 162)
4(926 146 147 927)
4(913 928 148 163)
4(927 147 148 928)
4(914 929 149 164)
4(928 148 149 929)
4(915 930 150 165)
4(929 149 150 930)
4(916 931 151 166)
4(930 150 151 931)
4(917 932 152 167)
4(931 151 152 932)
4(918 933 153 168)
4(932 152 153 933)
4(919 934 154 169)
4(933 153 154 934)
4(920 935 155 170)
4(934 154 155 935)
4(921 936 156 171)
4(935 155 156 936)
4(922 937 157 172)
4(936 156 157 937)
4(923 938 158 173)
4(937 157 158 938)
4(924 939 159 174)
4(938 158 159 939)
4(925 940 160 175)
4(939 159 160 940)
4(940 160 23 52)
4(926 476 116 146)
4(927 477 117 147)
4(928 478 118 148)
4(929 479 119 149)
4(930 480 120 150)
4(931 481 121 151)
4(932 482 122 152)
4(933 483 123 153)
4(934 484 124 154)
4(935 485 125 155)
4(936 486 126 156)
4(937 487 127 157)
4(938 488 128 158)
4(939 489 129 159)
4(940 490 130 160)
4(192 1005 1076 207)
4(206 207 1076 1075)
4(1005 1076 1078 1007)
4(193 1007 1078 208)
4(207 208 1078 1076)
4(1007 1008 1079 1078)
4(1076 1078 1079 1077)
4(1007 1078 1081 1010)
4(194 1010 1081 209)
4(208 209 1081 1078)
4(1008 1079 1082 1011)
4(1010 1011 1082 1081)
4(1078 1081 1082 1079)
4(1011 1012 1083 1082)
4(1079 1082 1083 1080)
4(1010 1081 1085 1014)
4(195 1014 1085 210)
4(209 210 1085 1081)
4(1011 1082 1086 1015)
4(1014 1015 1086 1085)
4(1081 1085 1086 1082)
4(1012 1083 1087 1016)
4(1015 1016 1087 1086)
4(1082 1086 1087 1083)
4(1016 1017 1088 1087)
4(1083 1087 1088 1084)
4(1014 1085 1090 1019)
4(196 1019 1090 211)
4(210 211 1090 1085)
4(1015 1086 1091 1020)
4(1019 1020 1091 1090)
4(1085 1090 1091 1086)
4(1016 1087 1092 1021)
4(1020 1021 1092 1091)
4(1086 1091 1092 1087)
4(1017 1088 1093 1022)
4(1021 1022 1093 1092)
4(1087 1092 1093 1088)
4(1022 1023 1094 1093)
4(1088 1093 1094 1089)
4(1019 1090 1096 1025)
4(197 1025 1096 212)
4(211 212 1096 1090)
4(1020 1091 1097 1026)
4(1025 1026 1097 1096)
4(1090 1096 1097 1091)
4(1021 1092 1098 1027)
4(1026 1027 1098 1097)
4(1091 1097 1098 1092)
4(1022 1093 1099 1028)
4(1027 1028 1099 1098)
4(1092 1098 1099 1093)
4(1023 1094 1100 1029)
4(1028 1029 1100 1099)
4(1093 1099 1100 1094)
4(1029 1030 1101 1100)
4(1094 1100 1101 1095)
4(1025 1096 1103 1032)
4(198 1032 1103 213)
4(212 213 1103 1096)
4(1026 1097 1104 1033)
4(1032 1033 1104 1103)
4(1096 1103 1104 1097)
4(1027 1098 1105 1034)
4(1033 1034 1105 1104)
4(1097 1104 1105 1098)
4(1028 1099 1106 1035)
4(1034 1035 1106 1105)
4(1098 1105 1106 1099)
4(1029 1100 1107 1036)
4(1035 1036 1107 1106)
4(1099 1106 1107 1100)
4(1030 1101 1108 1037)
4(1036 1037 1108 1107)
4(1100 1107 1108 1101)
4(1037 1038 1109 1108)
4(1101 1108 1109 1102)
4(1032 1103 1111 1040)
4(199 1040 1111 214)
4(213 214 1111 1103)
4(1033 1104 1112 1041)
4(1040 1041 1112 1111)
4(1103 1111 1112 1104)
4(1034 1105 1113 1042)
4(1041 1042 1113 1112)
4(1104 1112 1113 1105)
4(1035 1106 1114 1043)
4(1042 1043 1114 1113)
4(1105 1113 1114 1106)
4(1036 1107 1115 1044)
4(1043 1044 1115 1114)
4(1106 1114 1115 1107)
4(1037 1108 1116 1045)
4(1044 1045 1116 1115)
4(1107 1115 1116 1108)
4(1038 1109 1117 1046)
4(1045 1046 1117 1116)
4(1108 1116 1117 1109)
4(1040 1111 1119 1048)
4(200 1048 1119 215)
4(214 215 1119 1111)
4(1041 1112 1120 1049)
4(1048 1049 1120 1119)
4(1111 1119 1120 1112)
4(1042 1113 1121 1050)
4(1049 1050 1121 1120)
4(1112 1120 1121 1113)
4(1043 1114 1122 1051)
4(1050 1051 1122 1121)
4(1113 1121 1122 1114)
4(1044 1115 1123 1052)
4(1051 1052 1123 1122)
4(1114 1122 1123 1115)
4(1045 1116 1124 1053)
4(1052 1053 1124 1123)
4(1115 1123 1124 1116)
4(1048 1119 1126 1055)
4(201 1055 1126 216)
4(215 216 1126 1119)
4(1049 1120 1127 1056)
4(1055 1056 1127 1126)
4(1119 1126 1127 1120)
4(1050 1121 1128 1057)
4(1056 1057 1128 1127)
4(1120 1127 1128 1121)
4(1051 1122 1129 1058)
4(1057 1058 1129 1128)
4(1121 1128 1129 1122)
4(1052 1123 1130 1059)
4(1058 1059 1130 1129)
4(1122 1129 1130 1123)
4(1123 1130 1131 1124)
4(1055 1126 1132 1061)
4(202 1061 1132 217)
4(216 217 1132 1126)
4(1056 1127 1133 1062)
4(1061 1062 1133 1132)
4(1126 1132 1133 1127)
4(1057 1128 1134 1063)
4(1062 1063 1134 1133)
4(1127 1133 1134 1128)
4(1058 1129 1135 1064)
4(1063 1064 1135 1134)
4(1128 1134 1135 1129)
4(1129 1135 1136 1130)
4(1061 1132 1137 1066)
4(203 1066 1137 218)
4(217 218 1137 1132)
4(1062 1133 1138 1067)
4(1066 1067 1138 1137)
4(1132 1137 1138 1133)
4(1063 1134 1139 1068)
4(1067 1068 1139 1138)
4(1133 1138 1139 1134)
4(1134 1139 1140 1135)
4(1066 1137 1141 1070)
4(204 1070 1141 219)
4(218 219 1141 1137)
4(1067 1138 1142 1071)
4(1070 1071 1142 1141)
4(1137 1141 1142 1138)
4(1138 1142 1143 1139)
4(1070 1141 1144 1073)
4(205 1073 1144 220)
4(219 220 1144 1141)
4(1141 1144 1145 1142)
4(220 66 69 1144)
4(207 1076 1147 222)
4(221 222 1147 1146)
4(1076 1147 1149 1078)
4(208 1078 1149 223)
4(222 223 1149 1147)
4(1078 1079 1150 1149)
4(1147 1149 1150 1148)
4(1078 1149 1152 1081)
4(209 1081 1152 224)
4(223 224 1152 1149)
4(1079 1150 1153 1082)
4(1081 1082 1153 1152)
4(1149 1152 1153 1150)
4(1082 1083 1154 1153)
4(1150 1153 1154 1151)
4(1081 1152 1156 1085)
4(210 1085 1156 225)
4(224 225 1156 1152)
4(1082 1153 1157 1086)
4(1085 1086 1157 1156)
4(1152 1156 1157 1153)
4(1083 1154 1158 1087)
4(1086 1087 1158 1157)
4(1153 1157 1158 1154)
4(1087 1088 1159 1158)
4(1154 1158 1159 1155)
4(1085 1156 1161 1090)
4(211 1090 1161 226)
4(225 226 1161 1156)
4(1086 1157 1162 1091)
4(1090 1091 1162 1161)
4(1156 1161 1162 1157)
4(1087 1158 1163 1092)
4(1091 1092 1163 1162)
4(1157 1162 1163 1158)
4(1088 1159 1164 1093)
4(1092 1093 1164 1163)
4(1158 1163 1164 1159)
4(1093 1094 1165 1164)
4(1159 1164 1165 1160)
4(1090 1161 1167 1096)
4(212 1096 1167 227)
4(226 227 1167 1161)
4(1091 1162 1168 1097)
4(1096 1097 1168 1167)
4(1161 1167 1168 1162)
4(1092 1163 1169 1098)
4(1097 1098 1169 1168)
4(1162 1168 1169 1163)
4(1093 1164 1170 1099)
4(1098 1099 1170 1169)
4(1163 1169 1170 1164)
4(1094 1165 1171 1100)
4(1099 1100 1171 1170)
4(1164 1170 1171 1165)
4(1100 1101 1172 1171)
4(1165 1171 1172 1166)
4(1096 1167 1174 1103)
4(213 1103 1174 228)
4(227 228 1174 1167)
4(1097 1168 1175 1104)
4(1103 1104 1175 1174)
4(1167 1174 1175 1168)
4(1098 1169 1176 1105)
4(1104 1105 1176 1175)
4(1168 1175 1176 1169)
4(1099 1170 1177 1106)
4(1105 1106 1177 1176)
4(1169 1176 1177 1170)
4(1100 1171 1178 1107)
4(1106 1107 1178 1177)
4(1170 1177 1178 1171)
4(1101 1172 1179 1108)
4(1107 1108 1179 1178)
4(1171 1178 1179 1172)
4(1108 1109 1180 1179)
4(1172 1179 1180 1173)
4(1103 1174 1181 1111)
4(214 1111 1181 229)
4(228 229 1181 1174)
4(1104 1175 1182 1112)
4(1111 1112 1182 1181)
4(1174 1181 1182 1175)
4(1105 1176 1183 1113)
4(1112 1113 1183 1182)
4(1175 1182 1183 1176)
4(1106 1177 1184 1114)
4(1113 1114 1184 1183)
4(1176 1183 1184 1177)
4(1107 1178 1185 1115)
4(1114 1115 1185 1184)
4(1177 1184 1185 1178)
4(1108 1179 1186 1116)
4(1115 1116 1186 1185)
4(1178 1185 1186 1179)
4(1179 1186 1187 1180)
4(1111 1181 1188 1119)
4(215 1119 1188 230)
4(229 230 1188 1181)
4(1112 1182 1189 1120)
4(1119 1120 1189 1188)
4(1181 1188 1189 1182)
4(1113 1183 1190 1121)
4(1120 1121 1190 1189)
4(1182 1189 1190 1183)
4(1114 1184 1191 1122)
4(1121 1122 1191 1190)
4(1183 1190 1191 1184)
4(1115 1185 1192 1123)
4(1122 1123 1192 1191)
4(1184 1191 1192 1185)
4(1123 1124 1193 1192)
4(1185 1192 1193 1186)
4(1119 1188 1194 1126)
4(216 1126 1194 231)
4(230 231 1194 1188)
4(1120 1189 1195 1127)
4(1126 1127 1195 1194)
4(1188 1194 1195 1189)
4(1121 1190 1196 1128)
4(1127 1128 1196 1195)
4(1189 1195 1196 1190)
4(1122 1191 1197 1129)
4(1128 1129 1197 1196)
4(1190 1196 1197 1191)
4(1123 1192 1198 1130)
4(1129 1130 1198 1197)
4(1191 1197 1198 1192)
4(1126 1194 1200 1132)
4(217 1132 1200 232)
4(231 232 1200 1194)
4(1127 1195 1201 1133)
4(1132 1133 1201 1200)
4(1194 1200 1201 1195)
4(1128 1196 1202 1134)
4(1133 1134 1202 1201)
4(1195 1201 1202 1196)
4(1129 1197 1203 1135)
4(1134 1135 1203 1202)
4(1196 1202 1203 1197)
4(1197 1203 1204 1198)
4(1132 1200 1205 1137)
4(218 1137 1205 233)
4(232 233 1205 1200)
4(1133 1201 1206 1138)
4(1137 1138 1206 1205)
4(1200 1205 1206 1201)
4(1134 1202 1207 1139)
4(1138 1139 1207 1206)
4(1201 1206 1207 1202)
4(1202 1207 1208 1203)
4(1137 1205 1209 1141)
4(219 1141 1209 234)
4(233 234 1209 1205)
4(1138 1206 1210 1142)
4(1141 1142 1210 1209)
4(1205 1209 1210 1206)
4(1206 1210 1211 1207)
4(1141 1209 1212 1144)
4(220 1144 1212 235)
4(234 235 1212 1209)
4(1209 1212 1213 1210)
4(235 65 70 1212)
4(222 1147 1215 237)
4(236 237 1215 1214)
4(1147 1215 1217 1149)
4(223 1149 1217 238)
4(237 238 1217 1215)
4(1149 1150 1218 1217)
4(1215 1217 1218 1216)
4(1149 1217 1220 1152)
4(224 1152 1220 239)
4(238 239 1220 1217)
4(1150 1218 1221 1153)
4(1152 1153 1221 1220)
4(1217 1220 1221 1218)
4(1153 1154 1222 1221)
4(1218 1221 1222 1219)
4(1152 1220 1224 1156)
4(225 1156 1224 240)
4(239 240 1224 1220)
4(1153 1221 1225 1157)
4(1156 1157 1225 1224)
4(1220 1224 1225 1221)
4(1154 1222 1226 1158)
4(1157 1158 1226 1225)
4(1221 1225 1226 1222)
4(1158 1159 1227 1226)
4(1222 1226 1227 1223)
4(1156 1224 1229 1161)
4(226 1161 1229 241)
4(240 241 1229 1224)
4(1157 1225 1230 1162)
4(1161 1162 1230 1229)
4(1224 1229 1230 1225)
4(1158 1226 1231 1163)
4(1162 1163 1231 1230)
4(1225 1230 1231 1226)
4(1159 1227 1232 1164)
4(1163 1164 1232 1231)
4(1226 1231 1232 1227)
4(1164 1165 1233 1232)
4(1227 1232 1233 1228)
4(1161 1229 1235 1167)
4(227 1167 1235 242)
4(241 242 1235 1229)
4(1162 1230 1236 1168)
4(1167 1168 1236 1235)
4(1229 1235 1236 1230)
4(1163 1231 1237 1169)
4(1168 1169 1237 1236)
4(1230 1236 1237 1231)
4(1164 1232 1238 1170)
4(1169 1170 1238 1237)
4(1231 1237 1238 1232)
4(1165 1233 1239 1171)
4(1170 1171 1239 1238)
4(1232 1238 1239 1233)
4(1171 1172 1240 1239)
4(1233 1239 1240 1234)
4(1167 1235 1242 1174)
4(228 1174 1242 243)
4(242 243 1242 1235)
4(1168 1236 1243 1175)
4(1174 1175 1243 1242)
4(1235 1242 1243 1236)
4(1169 1237 1244 1176)
4(1175 1176 1244 1243)
4(1236 1243 1244 1237)
4(1170 1238 1245 1177)
4(1176 1177 1245 1244)
4(1237 1244 1245 1238)
4(1171 1239 1246 1178)
4(1177 1178 1246 1245)
4(1238 1245 1246 1239)
4(1172 1240 1247 1179)
4(1178 1179 1247 1246)
4(1239 1246 1247 1240)
4(1179 1180 1248 1247)
4(1240 1247 1248 1241)
4(1174 1242 1249 1181)
4(229 1181 1249 244)
4(243 244 1249 1242)
4(1175 1243 1250 1182)
4(1181 1182 1250 1249)
4(1242 1249 1250 1243)
4(1176 1244 1251 1183)
4(1182 1183 1251 1250)
4(1243 1250 1251 1244)
4(1177 1245 1252 1184)
4(1183 1184 1252 1251)
4(1244 1251 1252 1245)
4(1178 1246 1253 1185)
4(1184 1185 1253 1252)
4(1245 1252 1253 1246)
4(1179 1247 1254 1186)
4(1185 1186 1254 1253)
4(1246 1253 1254 1247)
4(1247 1254 1255 1248)
4(1181 1249 1256 1188)
4(230 1188 1256 245)
4(244 245 1256 1249)
4(1182 1250 1257 1189)
4(1188 1189 1257 1256)
4(1249 1256 1257 1250)
4(1183 1251 1258 1190)
4(1189 1190 1258 1257)
4(1250 1257 1258 1251)
4(1184 1252 1259 1191)
4(1190 1191 1259 1258)
4(1251 1258 1259 1252)
4(1185 1253 1260 1192)
4(1191 1192 1260 1259)
4(1252 1259 1260 1253)
4(1253 1260 1261 1254)
4(1188 1256 1262 1194)
4(231 1194 1262 246)
4(245 246 1262 1256)
4(1189 1257 1263 1195)
4(1194 1195 1263 1262)
4(1256 1262 1263 1257)
4(1190 1258 1264 1196)
4(1195 1196 1264 1263)
4(1257 1263 1264 1258)
4(1191 1259 1265 1197)
4(1196 1197 1265 1264)
4(1258 1264 1265 1259)
4(1197 1198 1266 1265)
4(1259 1265 1266 1260)
4(1194 1262 1267 1200)
4(232 1200 1267 247)
4(246 247 1267 1262)
4(1195 1263 1268 1201)
4(1200 1201 1268 1267)
4(1262 1267 1268 1263)
4(1196 1264 1269 1202)
4(1201 1202 1269 1268)
4(1263 1268 1269 1264)
4(1197 1265 1270 1203)
4(1202 1203 1270 1269)
4(1264 1269 1270 1265)
4(1200 1267 1272 1205)
4(233 1205 1272 248)
4(247 248 1272 1267)
4(1201 1268 1273 1206)
4(1205 1206 1273 1272)
4(1267 1272 1273 1268)
4(1202 1269 1274 1207)
4(1206 1207 1274 1273)
4(1268 1273 1274 1269)
4(1269 1274 1275 1270)
4(1205 1272 1276 1209)
4(234 1209 1276 249)
4(248 249 1276 1272)
4(1206 1273 1277 1210)
4(1209 1210 1277 1276)
4(1272 1276 1277 1273)
4(1273 1277 1278 1274)
4(1209 1276 1279 1212)
4(235 1212 1279 250)
4(249 250 1279 1276)
4(1276 1279 1280 1277)
4(250 64 71 1279)
4(237 1215 1282 252)
4(251 252 1282 1281)
4(1215 1282 1284 1217)
4(238 1217 1284 253)
4(252 253 1284 1282)
4(1217 1218 1285 1284)
4(1282 1284 1285 1283)
4(1217 1284 1287 1220)
4(239 1220 1287 254)
4(253 254 1287 1284)
4(1218 1285 1288 1221)
4(1220 1221 1288 1287)
4(1284 1287 1288 1285)
4(1221 1222 1289 1288)
4(1285 1288 1289 1286)
4(1220 1287 1291 1224)
4(240 1224 1291 255)
4(254 255 1291 1287)
4(1221 1288 1292 1225)
4(1224 1225 1292 1291)
4(1287 1291 1292 1288)
4(1222 1289 1293 1226)
4(1225 1226 1293 1292)
4(1288 1292 1293 1289)
4(1226 1227 1294 1293)
4(1289 1293 1294 1290)
4(1224 1291 1296 1229)
4(241 1229 1296 256)
4(255 256 1296 1291)
4(1225 1292 1297 1230)
4(1229 1230 1297 1296)
4(1291 1296 1297 1292)
4(1226 1293 1298 1231)
4(1230 1231 1298 1297)
4(1292 1297 1298 1293)
4(1227 1294 1299 1232)
4(1231 1232 1299 1298)
4(1293 1298 1299 1294)
4(1232 1233 1300 1299)
4(1294 1299 1300 1295)
4(1229 1296 1302 1235)
4(242 1235 1302 257)
4(256 257 1302 1296)
4(1230 1297 1303 1236)
4(1235 1236 1303 1302)
4(1296 1302 1303 1297)
4(1231 1298 1304 1237)
4(1236 1237 1304 1303)
4(1297 1303 1304 1298)
4(1232 1299 1305 1238)
4(1237 1238 1305 1304)
4(1298 1304 1305 1299)
4(1233 1300 1306 1239)
4(1238 1239 1306 1305)
4(1299 1305 1306 1300)
4(1239 1240 1307 1306)
4(1300 1306 1307 1301)
4(1235 1302 1309 1242)
4(243 1242 1309 258)
4(257 258 1309 1302)
4(1236 1303 1310 1243)
4(1242 1243 1310 1309)
4(1302 1309 1310 1303)
4(1237 1304 1311 1244)
4(1243 1244 1311 1310)
4(1303 1310 1311 1304)
4(1238 1305 1312 1245)
4(1244 1245 1312 1311)
4(1304 1311 1312 1305)
4(1239 1306 1313 1246)
4(1245 1246 1313 1312)
4(1305 1312 1313 1306)
4(1240 1307 1314 1247)
4(1246 1247 1314 1313)
4(1306 1313 1314 1307)
4(1247 1248 1315 1314)
4(1307 1314 1315 1308)
4(1242 1309 1316 1249)
4(244 1249 1316 259)
4(258 259 1316 1309)
4(1243 1310 1317 1250)
4(1249 1250 1317 1316)
4(1309 1316 1317 1310)
4(1244 1311 1318 1251)
4(1250 1251 1318 1317)
4(1310 1317 1318 1311)
4(1245 1312 1319 1252)
4(1251 1252 1319 1318)
4(1311 1318 1319 1312)
4(1246 1313 1320 1253)
4(1252 1253 1320 1319)
4(1312 1319 1320 1313)
4(1247 1314 1321 1254)
4(1253 1254 1321 1320)
4(1313 1320 1321 1314)
4(1314 1321 1322 1315)
4(1249 1316 1323 1256)
4(245 1256 1323 260)
4(259 260 1323 1316)
4(1250 1317 1324 1257)
4(1256 1257 1324 1323)
4(1316 1323 1324 1317)
4(1251 1318 1325 1258)
4(1257 1258 1325 1324)
4(1317 1324 1325 1318)
4(1252 1319 1326 1259)
4(1258 1259 1326 1325)
4(1318 1325 1326 1319)
4(1253 1320 1327 1260)
4(1259 1260 1327 1326)
4(1319 1326 1327 1320)
4(1320 1327 1328 1321)
4(1256 1323 1329 1262)
4(246 1262 1329 261)
4(260 261 1329 1323)
4(1257 1324 1330 1263)
4(1262 1263 1330 1329)
4(1323 1329 1330 1324)
4(1258 1325 1331 1264)
4(1263 1264 1331 1330)
4(1324 1330 1331 1325)
4(1259 1326 1332 1265)
4(1264 1265 1332 1331)
4(1325 1331 1332 1326)
4(1326 1332 1333 1327)
4(1262 1329 1334 1267)
4(247 1267 1334 262)
4(261 262 1334 1329)
4(1263 1330 1335 1268)
4(1267 1268 1335 1334)
4(1329 1334 1335 1330)
4(1264 1331 1336 1269)
4(1268 1269 1336 1335)
4(1330 1335 1336 1331)
4(1269 1270 1337 1336)
4(1331 1336 1337 1332)
4(1267 1334 1338 1272)
4(248 1272 1338 263)
4(262 263 1338 1334)
4(1268 1335 1339 1273)
4(1272 1273 1339 1338)
4(1334 1338 1339 1335)
4(1269 1336 1340 1274)
4(1273 1274 1340 1339)
4(1335 1339 1340 1336)
4(1272 1338 1342 1276)
4(249 1276 1342 264)
4(263 264 1342 1338)
4(1273 1339 1343 1277)
4(1276 1277 1343 1342)
4(1338 1342 1343 1339)
4(1339 1343 1344 1340)
4(1276 1342 1345 1279)
4(250 1279 1345 265)
4(264 265 1345 1342)
4(1342 1345 1346 1343)
4(265 63 72 1345)
4(252 1282 1348 267)
4(266 267 1348 1347)
4(1282 1348 1350 1284)
4(253 1284 1350 268)
4(267 268 1350 1348)
4(1284 1285 1351 1350)
4(1348 1350 1351 1349)
4(1284 1350 1353 1287)
4(254 1287 1353 269)
4(268 269 1353 1350)
4(1285 1351 1354 1288)
4(1287 1288 1354 1353)
4(1350 1353 1354 1351)
4(1288 1289 1355 1354)
4(1351 1354 1355 1352)
4(1287 1353 1357 1291)
4(255 1291 1357 270)
4(269 270 1357 1353)
4(1288 1354 1358 1292)
4(1291 1292 1358 1357)
4(1353 1357 1358 1354)
4(1289 1355 1359 1293)
4(1292 1293 1359 1358)
4(1354 1358 1359 1355)
4(1293 1294 1360 1359)
4(1355 1359 1360 1356)
4(1291 1357 1362 1296)
4(256 1296 1362 271)
4(270 271 1362 1357)
4(1292 1358 1363 1297)
4(1296 1297 1363 1362)
4(1357 1362 1363 1358)
4(1293 1359 1364 1298)
4(1297 1298 1364 1363)
4(1358 1363 1364 1359)
4(1294 1360 1365 1299)
4(1298 1299 1365 1364)
4(1359 1364 1365 1360)
4(1299 1300 1366 1365)
4(1360 1365 1366 1361)
4(1296 1362 1368 1302)
4(257 1302 1368 272)
4(271 272 1368 1362)
4(1297 1363 1369 1303)
4(1302 1303 1369 1368)
4(1362 1368 1369 1363)
4(1298 1364 1370 1304)
4(1303 1304 1370 1369)
4(1363 1369 1370 1364)
4(1299 1365 1371 1305)
4(1304 1305 1371 1370)
4(1364 1370 1371 1365)
4(1300 1366 1372 1306)
4(1305 1306 1372 1371)
4(1365 1371 1372 1366)
4(1306 1307 1373 1372)
4(1366 1372 1373 1367)
4(1302 1368 1375 1309)
4(258 1309 1375 273)
4(272 273 1375 1368)
4(1303 1369 1376 1310)
4(1309 1310 1376 1375)
4(1368 1375 1376 1369)
4(1304 1370 1377 1311)
4(1310 1311 1377 1376)
4(1369 1376 1377 1370)
4(1305 1371 1378 1312)
4(1311 1312 1378 1377)
4(1370 1377 1378 1371)
4(1306 1372 1379 1313)
4(1312 1313 1379 1378)
4(1371 1378 1379 1372)
4(1307 1373 1380 1314)
4(1313 1314 1380 1379)
4(1372 1379 1380 1373)
4(1314 1315 1381 1380)
4(1373 1380 1381 1374)
4(1309 1375 1382 1316)
4(259 1316 1382 274)
4(273 274 1382 1375)
4(1310 1376 1383 1317)
4(1316 1317 1383 1382)
4(1375 1382 1383 1376)
4(1311 1377 1384 1318)
4(1317 1318 1384 1383)
4(1376 1383 1384 1377)
4(1312 1378 1385 1319)
4(1318 1319 1385 1384)
4(1377 1384 1385 1378)
4(1313 1379 1386 1320)
4(1319 1320 1386 1385)
4(1378 1385 1386 1379)
4(1314 1380 1387 1321)
4(1320 1321 1387 1386)
4(1379 1386 1387 1380)
4(1380 1387 1388 1381)
4(1316 1382 1389 1323)
4(260 1323 1389 275)
4(274 275 1389 1382)
4(1317 1383 1390 1324)
4(1323 1324 1390 1389)
4(1382 1389 1390 1383)
4(1318 1384 1391 1325)
4(1324 1325 1391 1390)
4(1383 1390 1391 1384)
4(1319 1385 1392 1326)
4(1325 1326 1392 1391)
4(1384 1391 1392 1385)
4(1320 1386 1393 1327)
4(1326 1327 1393 1392)
4(1385 1392 1393 1386)
4(1386 1393 1394 1387)
4(1323 1389 1395 1329)
4(261 1329 1395 276)
4(275 276 1395 1389)
4(1324 1390 1396 1330)
4(1329 1330 1396 1395)
4(1389 1395 1396 1390)
4(1325 1391 1397 1331)
4(1330 1331 1397 1396)
4(1390 1396 1397 1391)
4(1326 1392 1398 1332)
4(1331 1332 1398 1397)
4(1391 1397 1398 1392)
4(1392 1398 1399 1393)
4(1329 1395 1400 1334)
4(262 1334 1400 277)
4(276 277 1400 1395)
4(1330 1396 1401 1335)
4(1334 1335 1401 1400)
4(1395 1400 1401 1396)
4(1331 1397 1402 1336)
4(1335 1336 1402 1401)
4(1396 1401 1402 1397)
4(1397 1402 1403 1398)
4(1334 1400 1404 1338)
4(263 1338 1404 278)
4(277 278 1404 1400)
4(1335 1401 1405 1339)
4(1338 1339 1405 1404)
4(1400 1404 1405 1401)
4(1339 1340 1406 1405)
4(1401 1405 1406 1402)
4(1338 1404 1407 1342)
4(264 1342 1407 279)
4(278 279 1407 1404)
4(1339 1405 1408 1343)
4(1342 1343 1408 1407)
4(1404 1407 1408 1405)
4(1342 1407 1410 1345)
4(265 1345 1410 280)
4(279 280 1410 1407)
4(1407 1410 1411 1408)
4(280 62 73 1410)
4(267 1348 1413 282)
4(281 282 1413 1412)
4(1348 1413 1415 1350)
4(268 1350 1415 283)
4(282 283 1415 1413)
4(1350 1351 1416 1415)
4(1413 1415 1416 1414)
4(1350 1415 1418 1353)
4(269 1353 1418 284)
4(283 284 1418 1415)
4(1351 1416 1419 1354)
4(1353 1354 1419 1418)
4(1415 1418 1419 1416)
4(1354 1355 1420 1419)
4(1416 1419 1420 1417)
4(1353 1418 1422 1357)
4(270 1357 1422 285)
4(284 285 1422 1418)
4(1354 1419 1423 1358)
4(1357 1358 1423 1422)
4(1418 1422 1423 1419)
4(1355 1420 1424 1359)
4(1358 1359 1424 1423)
4(1419 1423 1424 1420)
4(1359 1360 1425 1424)
4(1420 1424 1425 1421)
4(1357 1422 1427 1362)
4(271 1362 1427 286)
4(285 286 1427 1422)
4(1358 1423 1428 1363)
4(1362 1363 1428 1427)
4(1422 1427 1428 1423)
4(1359 1424 1429 1364)
4(1363 1364 1429 1428)
4(1423 1428 1429 1424)
4(1360 1425 1430 1365)
4(1364 1365 1430 1429)
4(1424 1429 1430 1425)
4(1365 1366 1431 1430)
4(1425 1430 1431 1426)
4(1362 1427 1433 1368)
4(272 1368 1433 287)
4(286 287 1433 1427)
4(1363 1428 1434 1369)
4(1368 1369 1434 1433)
4(1427 1433 1434 1428)
4(1364 1429 1435 1370)
4(1369 1370 1435 1434)
4(1428 1434 1435 1429)
4(1365 1430 1436 1371)
4(1370 1371 1436 1435)
4(1429 1435 1436 1430)
4(1366 1431 1437 1372)
4(1371 1372 1437 1436)
4(1430 1436 1437 1431)
4(1372 1373 1438 1437)
4(1431 1437 1438 1432)
4(1368 1433 1440 1375)
4(273 1375 1440 288)
4(287 288 1440 1433)
4(1369 1434 1441 1376)
4(1375 1376 1441 1440)
4(1433 1440 1441 1434)
4(1370 1435 1442 1377)
4(1376 1377 1442 1441)
4(1434 1441 1442 1435)
4(1371 1436 1443 1378)
4(1377 1378 1443 1442)
4(1435 1442 1443 1436)
4(1372 1437 1444 1379)
4(1378 1379 1444 1443)
4(1436 1443 1444 1437)
4(1373 1438 1445 1380)
4(1379 1380 1445 1444)
4(1437 1444 1445 1438)
4(1380 1381 1446 1445)
4(1438 1445 1446 1439)
4(1375 1440 1447 1382)
4(274 1382 1447 289)
4(288 289 1447 1440)
4(1376 1441 1448 1383)
4(1382 1383 1448 1447)
4(1440 1447 1448 1441)
4(1377 1442 1449 1384)
4(1383 1384 1449 1448)
4(1441 1448 1449 1442)
4(1378 1443 1450 1385)
4(1384 1385 1450 1449)
4(1442 1449 1450 1443)
4(1379 1444 1451 1386)
4(1385 1386 1451 1450)
4(1443 1450 1451 1444)
4(1380 1445 1452 1387)
4(1386 1387 1452 1451)
4(1444 1451 1452 1445)
4(1445 1452 1453 1446)
4(1382 1447 1454 1389)
4(275 1389 1454 290)
4(289 290 1454 1447)
4(1383 1448 1455 1390)
4(1389 1390 1455 1454)
4(1447 1454 1455 1448)
4(1384 1449 1456 1391)
4(1390 1391 1456 1455)
4(1448 1455 1456 1449)
4(1385 1450 1457 1392)
4(1391 1392 1457 1456)
4(1449 1456 1457 1450)
4(1386 1451 1458 1393)
4(1392 1393 1458 1457)
4(1450 1457 1458 1451)
4(1451 1458 1459 1452)
4(1389 1454 1460 1395)
4(276 1395 1460 291)
4(290 291 1460 1454)
4(1390 1455 1461 1396)
4(1395 1396 1461 1460)
4(1454 1460 1461 1455)
4(1391 1456 1462 1397)
4(1396 1397 1462 1461)
4(1455 1461 1462 1456)
4(1392 1457 1463 1398)
4(1397 1398 1463 1462)
4(1456 1462 1463 1457)
4(1457 1463 1464 1458)
4(1395 1460 1465 1400)
4(277 1400 1465 292)
4(291 292 1465 1460)
4(1396 1461 1466 1401)
4(1400 1401 1466 1465)
4(1460 1465 1466 1461)
4(1397 1462 1467 1402)
4(1401 1402 1467 1466)
4(1461 1466 1467 1462)
4(1462 1467 1468 1463)
4(1400 1465 1469 1404)
4(278 1404 1469 293)
4(292 293 1469 1465)
4(1401 1466 1470 1405)
4(1404 1405 1470 1469)
4(1465 1469 1470 1466)
4(1466 1470 1471 1467)
4(1404 1469 1472 1407)
4(279 1407 1472 294)
4(293 294 1472 1469)
4(1407 1408 1473 1472)
4(1469 1472 1473 1470)
4(1407 1472 1474 1410)
4(280 1410 1474 295)
4(294 295 1474 1472)
4(295 61 74 1474)
4(282 1413 1477 297)
4(296 297 1477 1476)
4(1413 1477 1479 1415)
4(283 1415 1479 298)
4(297 298 1479 1477)
4(1415 1416 1480 1479)
4(1477 1479 1480 1478)
4(1415 1479 1482 1418)
4(284 1418 1482 299)
4(298 299 1482 1479)
4(1416 1480 1483 1419)
4(1418 1419 1483 1482)
4(1479 1482 1483 1480)
4(1419 1420 1484 1483)
4(1480 1483 1484 1481)
4(1418 1482 1486 1422)
4(285 1422 1486 300)
4(299 300 1486 1482)
4(1419 1483 1487 1423)
4(1422 1423 1487 1486)
4(1482 1486 1487 1483)
4(1420 1484 1488 1424)
4(1423 1424 1488 1487)
4(1483 1487 1488 1484)
4(1424 1425 1489 1488)
4(1484 1488 1489 1485)
4(1422 1486 1491 1427)
4(286 1427 1491 301)
4(300 301 1491 1486)
4(1423 1487 1492 1428)
4(1427 1428 1492 1491)
4(1486 1491 1492 1487)
4(1424 1488 1493 1429)
4(1428 1429 1493 1492)
4(1487 1492 1493 1488)
4(1425 1489 1494 1430)
4(1429 1430 1494 1493)
4(1488 1493 1494 1489)
4(1430 1431 1495 1494)
4(1489 1494 1495 1490)
4(1427 1491 1497 1433)
4(287 1433 1497 302)
4(301 302 1497 1491)
4(1428 1492 1498 1434)
4(1433 1434 1498 1497)
4(1491 1497 1498 1492)
4(1429 1493 1499 1435)
4(1434 1435 1499 1498)
4(1492 1498 1499 1493)
4(1430 1494 1500 1436)
4(1435 1436 1500 1499)
4(1493 1499 1500 1494)
4(1431 1495 1501 1437)
4(1436 1437 1501 1500)
4(1494 1500 1501 1495)
4(1437 1438 1502 1501)
4(1495 1501 1502 1496)
4(1433 1497 1504 1440)
4(288 1440 1504 303)
4(302 303 1504 1497)
4(1434 1498 1505 1441)
4(1440 1441 1505 1504)
4(1497 1504 1505 1498)
4(1435 1499 1506 1442)
4(1441 1442 1506 1505)
4(1498 1505 1506 1499)
4(1436 1500 1507 1443)
4(1442 1443 1507 1506)
4(1499 1506 1507 1500)
4(1437 1501 1508 1444)
4(1443 1444 1508 1507)
4(1500 1507 1508 1501)
4(1438 1502 1509 1445)
4(1444 1445 1509 1508)
4(1501 1508 1509 1502)
4(1445 1446 1510 1509)
4(1502 1509 1510 1503)
4(1440 1504 1511 1447)
4(289 1447 1511 304)
4(303 304 1511 1504)
4(1441 1505 1512 1448)
4(1447 1448 1512 1511)
4(1504 1511 1512 1505)
4(1442 1506 1513 1449)
4(1448 1449 1513 1512)
4(1505 1512 1513 1506)
4(1443 1507 1514 1450)
4(1449 1450 1514 1513)
4(1506 1513 1514 1507)
4(1444 1508 1515 1451)
4(1450 1451 1515 1514)
4(1507 1514 1515 1508)
4(1445 1509 1516 1452)
4(1451 1452 1516 1515)
4(1508 1515 1516 1509)
4(1509 1516 1517 1510)
4(1447 1511 1518 1454)
4(290 1454 1518 305)
4(304 305 1518 1511)
4(1448 1512 1519 1455)
4(1454 1455 1519 1518)
4(1511 1518 1519 1512)
4(1449 1513 1520 1456)
4(1455 1456 1520 1519)
4(1512 1519 1520 1513)
4(1450 1514 1521 1457)
4(1456 1457 1521 1520)
4(1513 1520 1521 1514)
4(1451 1515 1522 1458)
4(1457 1458 1522 1521)
4(1514 1521 1522 1515)
4(1515 1522 1523 1516)
4(1454 1518 1524 1460)
4(291 1460 1524 306)
4(305 306 1524 1518)
4(1455 1519 1525 1461)
4(1460 1461 1525 1524)
4(1518 1524 1525 1519)
4(1456 1520 1526 1462)
4(1461 1462 1526 1525)
4(1519 1525 1526 1520)
4(1457 1521 1527 1463)
4(1462 1463 1527 1526)
4(1520 1526 1527 1521)
4(1521 1527 1528 1522)
4(1460 1524 1529 1465)
4(292 1465 1529 307)
4(306 307 1529 1524)
4(1461 1525 1530 1466)
4(1465 1466 1530 1529)
4(1524 1529 1530 1525)
4(1462 1526 1531 1467)
4(1466 1467 1531 1530)
4(1525 1530 1531 1526)
4(1526 1531 1532 1527)
4(1465 1529 1533 1469)
4(293 1469 1533 308)
4(307 308 1533 1529)
4(1466 1530 1534 1470)
4(1469 1470 1534 1533)
4(1529 1533 1534 1530)
4(1530 1534 1535 1531)
4(1469 1533 1536 1472)
4(294 1472 1536 309)
4(308 309 1536 1533)
4(1533 1536 1537 1534)
4(295 1474 1538 310)
4(309 310 1538 1536)
4(297 1477 1540 312)
4(311 312 1540 1539)
4(1477 1540 1542 1479)
4(298 1479 1542 313)
4(312 313 1542 1540)
4(1479 1480 1543 1542)
4(1540 1542 1543 1541)
4(1479 1542 1545 1482)
4(299 1482 1545 314)
4(313 314 1545 1542)
4(1480 1543 1546 1483)
4(1482 1483 1546 1545)
4(1542 1545 1546 1543)
4(1483 1484 1547 1546)
4(1543 1546 1547 1544)
4(1482 1545 1549 1486)
4(300 1486 1549 315)
4(314 315 1549 1545)
4(1483 1546 1550 1487)
4(1486 1487 1550 1549)
4(1545 1549 1550 1546)
4(1484 1547 1551 1488)
4(1487 1488 1551 1550)
4(1546 1550 1551 1547)
4(1488 1489 1552 1551)
4(1547 1551 1552 1548)
4(1486 1549 1554 1491)
4(301 1491 1554 316)
4(315 316 1554 1549)
4(1487 1550 1555 1492)
4(1491 1492 1555 1554)
4(1549 1554 1555 1550)
4(1488 1551 1556 1493)
4(1492 1493 1556 1555)
4(1550 1555 1556 1551)
4(1489 1552 1557 1494)
4(1493 1494 1557 1556)
4(1551 1556 1557 1552)
4(1494 1495 1558 1557)
4(1552 1557 1558 1553)
4(1491 1554 1560 1497)
4(302 1497 1560 317)
4(316 317 1560 1554)
4(1492 1555 1561 1498)
4(1497 1498 1561 1560)
4(1554 1560 1561 1555)
4(1493 1556 1562 1499)
4(1498 1499 1562 1561)
4(1555 1561 1562 1556)
4(1494 1557 1563 1500)
4(1499 1500 1563 1562)
4(1556 1562 1563 1557)
4(1495 1558 1564 1501)
4(1500 1501 1564 1563)
4(1557 1563 1564 1558)
4(1501 1502 1565 1564)
4(1558 1564 1565 1559)
4(1497 1560 1567 1504)
4(303 1504 1567 318)
4(317 318 1567 1560)
4(1498 1561 1568 1505)
4(1504 1505 1568 1567)
4(1560 1567 1568 1561)
4(1499 1562 1569 1506)
4(1505 1506 1569 1568)
4(1561 1568 1569 1562)
4(1500 1563 1570 1507)
4(1506 1507 1570 1569)
4(1562 1569 1570 1563)
4(1501 1564 1571 1508)
4(1507 1508 1571 1570)
4(1563 1570 1571 1564)
4(1502 1565 1572 1509)
4(1508 1509 1572 1571)
4(1564 1571 1572 1565)
4(1509 1510 1573 1572)
4(1565 1572 1573 1566)
4(1504 1567 1574 1511)
4(304 1511 1574 319)
4(318 319 1574 1567)
4(1505 1568 1575 1512)
4(1511 1512 1575 1574)
4(1567 1574 1575 1568)
4(1506 1569 1576 1513)
4(1512 1513 1576 1575)
4(1568 1575 1576 1569)
4(1507 1570 1577 1514)
4(1513 1514 1577 1576)
4(1569 1576 1577 1570)
4(1508 1571 1578 1515)
4(1514 1515 1578 1577)
4(1570 1577 1578 1571)
4(1509 1572 1579 1516)
4(1515 1516 1579 1578)
4(1571 1578 1579 1572)
4(1572 1579 1580 1573)
4(1511 1574 1581 1518)
4(305 1518 1581 320)
4(319 320 1581 1574)
4(1512 1575 1582 1519)
4(1518 1519 1582 1581)
4(1574 1581 1582 1575)
4(1513 1576 1583 1520)
4(1519 1520 1583 1582)
4(1575 1582 1583 1576)
4(1514 1577 1584 1521)
4(1520 1521 1584 1583)
4(1576 1583 1584 1577)
4(1515 1578 1585 1522)
4(1521 1522 1585 1584)
4(1577 1584 1585 1578)
4(1578 1585 1586 1579)
4(1518 1581 1587 1524)
4(306 1524 1587 321)
4(320 321 1587 1581)
4(1519 1582 1588 1525)
4(1524 1525 1588 1587)
4(1581 1587 1588 1582)
4(1520 1583 1589 1526)
4(1525 1526 1589 1588)
4(1582 1588 1589 1583)
4(1521 1584 1590 1527)
4(1526 1527 1590 1589)
4(1583 1589 1590 1584)
4(1584 1590 1591 1585)
4(1524 1587 1592 1529)
4(307 1529 1592 322)
4(321 322 1592 1587)
4(1525 1588 1593 1530)
4(1529 1530 1593 1592)
4(1587 1592 1593 1588)
4(1526 1589 1594 1531)
4(1530 1531 1594 1593)
4(1588 1593 1594 1589)
4(1589 1594 1595 1590)
4(1529 1592 1596 1533)
4(308 1533 1596 323)
4(322 323 1596 1592)
4(1530 1593 1597 1534)
4(1533 1534 1597 1596)
4(1592 1596 1597 1593)
4(1593 1597 1598 1594)
4(1533 1596 1599 1536)
4(309 1536 1599 324)
4(323 324 1599 1596)
4(1596 1599 1600 1597)
4(324 325 1601 1599)
4(312 1540 1603 327)
4(326 327 1603 1602)
4(1540 1603 1605 1542)
4(313 1542 1605 328)
4(327 328 1605 1603)
4(1542 1543 1606 1605)
4(1603 1605 1606 1604)
4(1542 1605 1608 1545)
4(314 1545 1608 329)
4(328 329 1608 1605)
4(1543 1606 1609 1546)
4(1545 1546 1609 1608)
4(1605 1608 1609 1606)
4(1546 1547 1610 1609)
4(1606 1609 1610 1607)
4(1545 1608 1612 1549)
4(315 1549 1612 330)
4(329 330 1612 1608)
4(1546 1609 1613 1550)
4(1549 1550 1613 1612)
4(1608 1612 1613 1609)
4(1547 1610 1614 1551)
4(1550 1551 1614 1613)
4(1609 1613 1614 1610)
4(1551 1552 1615 1614)
4(1610 1614 1615 1611)
4(1549 1612 1617 1554)
4(316 1554 1617 331)
4(330 331 1617 1612)
4(1550 1613 1618 1555)
4(1554 1555 1618 1617)
4(1612 1617 1618 1613)
4(1551 1614 1619 1556)
4(1555 1556 1619 1618)
4(1613 1618 1619 1614)
4(1552 1615 1620 1557)
4(1556 1557 1620 1619)
4(1614 1619 1620 1615)
4(1557 1558 1621 1620)
4(1615 1620 1621 1616)
4(1554 1617 1623 1560)
4(317 1560 1623 332)
4(331 332 1623 1617)
4(1555 1618 1624 1561)
4(1560 1561 1624 1623)
4(1617 1623 1624 1618)
4(1556 1619 1625 1562)
4(1561 1562 1625 1624)
4(1618 1624 1625 1619)
4(1557 1620 1626 1563)
4(1562 1563 1626 1625)
4(1619 1625 1626 1620)
4(1558 1621 1627 1564)
4(1563 1564 1627 1626)
4(1620 1626 1627 1621)
4(1564 1565 1628 1627)
4(1621 1627 1628 1622)
4(1560 1623 1630 1567)
4(318 1567 1630 333)
4(332 333 1630 1623)
4(1561 1624 1631 1568)
4(1567 1568 1631 1630)
4(1623 1630 1631 1624)
4(1562 1625 1632 1569)
4(1568 1569 1632 1631)
4(1624 1631 1632 1625)
4(1563 1626 1633 1570)
4(1569 1570 1633 1632)
4(1625 1632 1633 1626)
4(1564 1627 1634 1571)
4(1570 1571 1634 1633)
4(1626 1633 1634 1627)
4(1565 1628 1635 1572)
4(1571 1572 1635 1634)
4(1627 1634 1635 1628)
4(1572 1573 1636 1635)
4(1628 1635 1636 1629)
4(1567 1630 1637 1574)
4(319 1574 1637 334)
4(333 334 1637 1630)
4(1568 1631 1638 1575)
4(1574 1575 1638 1637)
4(1630 1637 1638 1631)
4(1569 1632 1639 1576)
4(1575 1576 1639 1638)
4(1631 1638 1639 1632)
4(1570 1633 1640 1577)
4(1576 1577 1640 1639)
4(1632 1639 1640 1633)
4(1571 1634 1641 1578)
4(1577 1578 1641 1640)
4(1633 1640 1641 1634)
4(1572 1635 1642 1579)
4(1578 1579 1642 1641)
4(1634 1641 1642 1635)
4(1635 1642 1643 1636)
4(1574 1637 1644 1581)
4(320 1581 1644 335)
4(334 335 1644 1637)
4(1575 1638 1645 1582)
4(1581 1582 1645 1644)
4(1637 1644 1645 1638)
4(1576 1639 1646 1583)
4(1582 1583 1646 1645)
4(1638 1645 1646 1639)
4(1577 1640 1647 1584)
4(1583 1584 1647 1646)
4(1639 1646 1647 1640)
4(1578 1641 1648 1585)
4(1584 1585 1648 1647)
4(1640 1647 1648 1641)
4(1641 1648 1649 1642)
4(1581 1644 1650 1587)
4(321 1587 1650 336)
4(335 336 1650 1644)
4(1582 1645 1651 1588)
4(1587 1588 1651 1650)
4(1644 1650 1651 1645)
4(1583 1646 1652 1589)
4(1588 1589 1652 1651)
4(1645 1651 1652 1646)
4(1584 1647 1653 1590)
4(1589 1590 1653 1652)
4(1646 1652 1653 1647)
4(1647 1653 1654 1648)
4(1587 1650 1655 1592)
4(322 1592 1655 337)
4(336 337 1655 1650)
4(1588 1651 1656 1593)
4(1592 1593 1656 1655)
4(1650 1655 1656 1651)
4(1589 1652 1657 1594)
4(1593 1594 1657 1656)
4(1651 1656 1657 1652)
4(1652 1657 1658 1653)
4(1592 1655 1659 1596)
4(323 1596 1659 338)
4(337 338 1659 1655)
4(1593 1656 1660 1597)
4(1596 1597 1660 1659)
4(1655 1659 1660 1656)
4(1656 1660 1661 1657)
4(1596 1659 1662 1599)
4(324 1599 1662 339)
4(338 339 1662 1659)
4(1659 1662 1663 1660)
4(339 340 1664 1662)
4(327 1603 990 144)
4(1603 990 991 1605)
4(328 1605 991 143)
4(1605 1606 977 991)
4(1605 991 992 1608)
4(329 1608 992 142)
4(1606 977 978 1609)
4(1608 1609 978 992)
4(1609 1610 966 978)
4(1608 992 993 1612)
4(330 1612 993 141)
4(1609 978 979 1613)
4(1612 1613 979 993)
4(1610 966 967 1614)
4(1613 1614 967 979)
4(1614 1615 957 967)
4(1612 993 994 1617)
4(331 1617 994 140)
4(1613 979 980 1618)
4(1617 1618 980 994)
4(1614 967 968 1619)
4(1618 1619 968 980)
4(1615 957 958 1620)
4(1619 1620 958 968)
4(1620 1621 950 958)
4(1617 994 995 1623)
4(332 1623 995 139)
4(1618 980 981 1624)
4(1623 1624 981 995)
4(1619 968 969 1625)
4(1624 1625 969 981)
4(1620 958 959 1626)
4(1625 1626 959 969)
4(1621 950 951 1627)
4(1626 1627 951 959)
4(1627 1628 945 951)
4(1623 995 996 1630)
4(333 1630 996 138)
4(1624 981 982 1631)
4(1630 1631 982 996)
4(1625 969 970 1632)
4(1631 1632 970 982)
4(1626 959 960 1633)
4(1632 1633 960 970)
4(1627 951 952 1634)
4(1633 1634 952 960)
4(1628 945 946 1635)
4(1634 1635 946 952)
4(1635 1636 942 946)
4(1630 996 997 1637)
4(334 1637 997 137)
4(1631 982 983 1638)
4(1637 1638 983 997)
4(1632 970 971 1639)
4(1638 1639 971 983)
4(1633 960 961 1640)
4(1639 1640 961 971)
4(1634 952 953 1641)
4(1640 1641 953 961)
4(1635 946 947 1642)
4(1641 1642 947 953)
4(1637 997 998 1644)
4(335 1644 998 136)
4(1638 983 984 1645)
4(1644 1645 984 998)
4(1639 971 972 1646)
4(1645 1646 972 984)
4(1640 961 962 1647)
4(1646 1647 962 972)
4(1641 953 954 1648)
4(1647 1648 954 962)
4(1644 998 999 1650)
4(336 1650 999 135)
4(1645 984 985 1651)
4(1650 1651 985 999)
4(1646 972 973 1652)
4(1651 1652 973 985)
4(1647 962 963 1653)
4(1652 1653 963 973)
4(1650 999 1000 1655)
4(337 1655 1000 134)
4(1651 985 986 1656)
4(1655 1656 986 1000)
4(1652 973 974 1657)
4(1656 1657 974 986)
4(1655 1000 1001 1659)
4(338 1659 1001 133)
4(1656 986 987 1660)
4(1659 1660 987 1001)
4(1659 1001 1002 1662)
4(339 1662 1002 132)
4(700 745 40 37)
4(745 790 42 40)
4(55 146 116 53)
4(146 147 117 116)
4(147 148 118 117)
4(148 149 119 118)
4(149 150 120 119)
4(150 151 121 120)
4(151 152 122 121)
4(152 153 123 122)
4(153 154 124 123)
4(154 155 125 124)
4(155 156 126 125)
4(156 157 127 126)
4(157 158 128 127)
4(158 159 129 128)
4(159 160 130 129)
4(160 23 1 130)
4(56 161 146 55)
4(161 162 147 146)
4(162 163 148 147)
4(163 164 149 148)
4(164 165 150 149)
4(165 166 151 150)
4(166 167 152 151)
4(167 168 153 152)
4(168 169 154 153)
4(169 170 155 154)
4(170 171 156 155)
4(171 172 157 156)
4(172 173 158 157)
4(173 174 159 158)
4(174 175 160 159)
4(175 22 23 160)
4(57 176 161 56)
4(176 177 162 161)
4(177 178 163 162)
4(178 179 164 163)
4(179 180 165 164)
4(180 181 166 165)
4(181 182 167 166)
4(182 183 168 167)
4(183 184 169 168)
4(184 185 170 169)
4(185 186 171 170)
4(186 187 172 171)
4(187 188 173 172)
4(188 189 174 173)
4(189 190 175 174)
4(190 21 22 175)
4(54 131 176 57)
4(131 132 177 176)
4(132 133 178 177)
4(133 134 179 178)
4(134 135 180 179)
4(135 136 181 180)
4(136 137 182 181)
4(137 138 183 182)
4(138 139 184 183)
4(139 140 185 184)
4(140 141 186 185)
4(141 142 187 186)
4(142 143 188 187)
4(143 144 189 188)
4(144 145 190 189)
4(145 0 21 190)
4(85 84 356 341)
4(341 356 357 342)
4(342 357 358 343)
4(343 358 359 344)
4(344 359 360 345)
4(345 360 361 346)
4(346 361 362 347)
4(347 362 363 348)
4(348 363 364 349)
4(349 364 365 350)
4(350 365 366 351)
4(351 366 367 352)
4(352 367 368 353)
4(353 368 369 354)
4(354 369 370 355)
4(355 370 19 20)
4(84 83 371 356)
4(356 371 372 357)
4(357 372 373 358)
4(358 373 374 359)
4(359 374 375 360)
4(360 375 376 361)
4(361 376 377 362)
4(362 377 378 363)
4(363 378 379 364)
4(364 379 380 365)
4(365 380 381 366)
4(366 381 382 367)
4(367 382 383 368)
4(368 383 384 369)
4(369 384 385 370)
4(370 385 18 19)
4(83 82 386 371)
4(371 386 387 372)
4(372 387 388 373)
4(373 388 389 374)
4(374 389 390 375)
4(375 390 391 376)
4(376 391 392 377)
4(377 392 393 378)
4(378 393 394 379)
4(379 394 395 380)
4(380 395 396 381)
4(381 396 397 382)
4(382 397 398 383)
4(383 398 399 384)
4(384 399 400 385)
4(385 400 17 18)
4(82 81 401 386)
4(386 401 402 387)
4(387 402 403 388)
4(388 403 404 389)
4(389 404 405 390)
4(390 405 406 391)
4(391 406 407 392)
4(392 407 408 393)
4(393 408 409 394)
4(394 409 410 395)
4(395 410 411 396)
4(396 411 412 397)
4(397 412 413 398)
4(398 413 414 399)
4(399 414 415 400)
4(400 415 16 17)
4(81 80 416 401)
4(401 416 417 402)
4(402 417 418 403)
4(403 418 419 404)
4(404 419 420 405)
4(405 420 421 406)
4(406 421 422 407)
4(407 422 423 408)
4(408 423 424 409)
4(409 424 425 410)
4(410 425 426 411)
4(411 426 427 412)
4(412 427 428 413)
4(413 428 429 414)
4(414 429 430 415)
4(80 79 431 416)
4(416 431 432 417)
4(417 432 433 418)
4(418 433 434 419)
4(419 434 435 420)
4(420 435 436 421)
4(421 436 437 422)
4(422 437 438 423)
4(423 438 439 424)
4(424 439 440 425)
4(425 440 441 426)
4(426 441 442 427)
4(427 442 443 428)
4(428 443 444 429)
4(429 444 445 430)
4(79 78 446 431)
4(431 446 447 432)
4(432 447 448 433)
4(433 448 449 434)
4(434 449 450 435)
4(435 450 451 436)
4(436 451 452 437)
4(437 452 453 438)
4(438 453 454 439)
4(439 454 455 440)
4(440 455 456 441)
4(441 456 457 442)
4(442 457 458 443)
4(443 458 459 444)
4(444 459 460 445)
4(445 460 14 15)
4(78 77 461 446)
4(446 461 462 447)
4(447 462 463 448)
4(448 463 464 449)
4(449 464 465 450)
4(450 465 466 451)
4(451 466 467 452)
4(452 467 468 453)
4(453 468 469 454)
4(454 469 470 455)
4(455 470 471 456)
4(456 471 472 457)
4(457 472 473 458)
4(458 473 474 459)
4(459 474 475 460)
4(460 475 13 14)
4(77 76 476 461)
4(461 476 477 462)
4(462 477 478 463)
4(463 478 479 464)
4(464 479 480 465)
4(465 480 481 466)
4(466 481 482 467)
4(467 482 483 468)
4(468 483 484 469)
4(469 484 485 470)
4(470 485 486 471)
4(471 486 487 472)
4(472 487 488 473)
4(473 488 489 474)
4(474 489 490 475)
4(475 490 12 13)
4(76 53 116 476)
4(476 116 117 477)
4(477 117 118 478)
4(478 118 119 479)
4(479 119 120 480)
4(480 120 121 481)
4(481 121 122 482)
4(482 122 123 483)
4(483 123 124 484)
4(484 124 125 485)
4(485 125 126 486)
4(486 126 127 487)
4(487 127 128 488)
4(488 128 129 489)
4(489 129 130 490)
4(490 130 1 12)
4(945 946 942 941)
4(946 947 943 942)
4(950 951 945 944)
4(951 952 946 945)
4(952 953 947 946)
4(953 954 948 947)
4(957 958 950 949)
4(958 959 951 950)
4(959 960 952 951)
4(960 961 953 952)
4(961 962 954 953)
4(962 963 955 954)
4(966 967 957 956)
4(967 968 958 957)
4(968 969 959 958)
4(969 970 960 959)
4(970 971 961 960)
4(971 972 962 961)
4(972 973 963 962)
4(973 974 964 963)
4(977 978 966 965)
4(978 979 967 966)
4(979 980 968 967)
4(980 981 969 968)
4(981 982 970 969)
4(982 983 971 970)
4(983 984 972 971)
4(984 985 973 972)
4(985 986 974 973)
4(986 987 975 974)
4(990 991 977 976)
4(991 992 978 977)
4(992 993 979 978)
4(993 994 980 979)
4(994 995 981 980)
4(995 996 982 981)
4(996 997 983 982)
4(997 998 984 983)
4(998 999 985 984)
4(999 1000 986 985)
4(1000 1001 987 986)
4(1001 1002 988 987)
4(145 144 990 989)
4(144 143 991 990)
4(143 142 992 991)
4(142 141 993 992)
4(141 140 994 993)
4(140 139 995 994)
4(139 138 996 995)
4(138 137 997 996)
4(137 136 998 997)
4(136 135 999 998)
4(135 134 1000 999)
4(134 133 1001 1000)
4(133 132 1002 1001)
4(132 131 1003 1002)
4(700 37 38 715)
4(715 38 16 415)
4(700 715 760 745)
4(715 415 430 760)
4(745 760 805 790)
4(760 430 445 805)
4(790 805 43 42)
4(805 445 15 43)
4(67 66 89 86)
4(68 69 66 67)
4(86 89 90 87)
4(87 90 91 88)
4(88 91 84 85)
4(66 65 92 89)
4(69 70 65 66)
4(89 92 93 90)
4(90 93 94 91)
4(91 94 83 84)
4(65 64 95 92)
4(70 71 64 65)
4(92 95 96 93)
4(93 96 97 94)
4(94 97 82 83)
4(64 63 98 95)
4(71 72 63 64)
4(95 98 99 96)
4(96 99 100 97)
4(97 100 81 82)
4(63 62 101 98)
4(72 73 62 63)
4(98 101 102 99)
4(99 102 103 100)
4(100 103 80 81)
4(62 61 104 101)
4(73 74 61 62)
4(101 104 105 102)
4(102 105 106 103)
4(103 106 79 80)
4(61 60 107 104)
4(74 75 60 61)
4(104 107 108 105)
4(105 108 109 106)
4(106 109 78 79)
4(60 59 110 107)
4(107 110 111 108)
4(108 111 112 109)
4(109 112 77 78)
4(59 58 113 110)
4(110 113 114 111)
4(111 114 115 112)
4(112 115 76 77)
4(58 54 57 113)
4(113 57 56 114)
4(114 56 55 115)
4(115 55 53 76)
4(60 310 325 59)
4(59 325 340 58)
4(58 340 131 54)
4(1046 1047 1118 1117)
4(1109 1117 1118 1110)
4(1046 1117 1125 1054)
4(1053 1054 1125 1124)
4(1116 1124 1125 1117)
4(1053 1124 1131 1060)
4(1059 1060 1131 1130)
4(1059 1130 1136 1065)
4(1064 1065 1136 1135)
4(1064 1135 1140 1069)
4(1068 1069 1140 1139)
4(1068 1139 1143 1072)
4(1071 1072 1143 1142)
4(1071 1142 1145 1074)
4(1073 1074 1145 1144)
4(1073 1144 69 68)
4(1109 1180 1187 1117)
4(1116 1117 1187 1186)
4(1116 1186 1193 1124)
4(1124 1193 1199 1131)
4(1130 1131 1199 1198)
4(1192 1198 1199 1193)
4(1130 1198 1204 1136)
4(1135 1136 1204 1203)
4(1135 1203 1208 1140)
4(1139 1140 1208 1207)
4(1139 1207 1211 1143)
4(1142 1143 1211 1210)
4(1142 1210 1213 1145)
4(1144 1145 1213 1212)
4(1144 1212 70 69)
4(1180 1248 1255 1187)
4(1186 1187 1255 1254)
4(1186 1254 1261 1193)
4(1192 1193 1261 1260)
4(1192 1260 1266 1198)
4(1198 1266 1271 1204)
4(1203 1204 1271 1270)
4(1265 1270 1271 1266)
4(1203 1270 1275 1208)
4(1207 1208 1275 1274)
4(1207 1274 1278 1211)
4(1210 1211 1278 1277)
4(1210 1277 1280 1213)
4(1212 1213 1280 1279)
4(1212 1279 71 70)
4(1248 1315 1322 1255)
4(1254 1255 1322 1321)
4(1254 1321 1328 1261)
4(1260 1261 1328 1327)
4(1260 1327 1333 1266)
4(1265 1266 1333 1332)
4(1265 1332 1337 1270)
4(1270 1337 1341 1275)
4(1274 1275 1341 1340)
4(1336 1340 1341 1337)
4(1274 1340 1344 1278)
4(1277 1278 1344 1343)
4(1277 1343 1346 1280)
4(1279 1280 1346 1345)
4(1279 1345 72 71)
4(1315 1381 1388 1322)
4(1321 1322 1388 1387)
4(1321 1387 1394 1328)
4(1327 1328 1394 1393)
4(1327 1393 1399 1333)
4(1332 1333 1399 1398)
4(1332 1398 1403 1337)
4(1336 1337 1403 1402)
4(1336 1402 1406 1340)
4(1340 1406 1409 1344)
4(1343 1344 1409 1408)
4(1405 1408 1409 1406)
4(1343 1408 1411 1346)
4(1345 1346 1411 1410)
4(1345 1410 73 72)
4(1381 1446 1453 1388)
4(1387 1388 1453 1452)
4(1387 1452 1459 1394)
4(1393 1394 1459 1458)
4(1393 1458 1464 1399)
4(1398 1399 1464 1463)
4(1398 1463 1468 1403)
4(1402 1403 1468 1467)
4(1402 1467 1471 1406)
4(1405 1406 1471 1470)
4(1405 1470 1473 1408)
4(1408 1473 1475 1411)
4(1410 1411 1475 1474)
4(1472 1474 1475 1473)
4(1410 1474 74 73)
4(1446 1510 1517 1453)
4(1452 1453 1517 1516)
4(1452 1516 1523 1459)
4(1458 1459 1523 1522)
4(1458 1522 1528 1464)
4(1463 1464 1528 1527)
4(1463 1527 1532 1468)
4(1467 1468 1532 1531)
4(1467 1531 1535 1471)
4(1470 1471 1535 1534)
4(1470 1534 1537 1473)
4(1472 1473 1537 1536)
4(1472 1536 1538 1474)
4(1474 1538 75 74)
4(310 60 75 1538)
4(1510 1573 1580 1517)
4(1516 1517 1580 1579)
4(1516 1579 1586 1523)
4(1522 1523 1586 1585)
4(1522 1585 1591 1528)
4(1527 1528 1591 1590)
4(1527 1590 1595 1532)
4(1531 1532 1595 1594)
4(1531 1594 1598 1535)
4(1534 1535 1598 1597)
4(1534 1597 1600 1537)
4(1536 1537 1600 1599)
4(1536 1599 1601 1538)
4(310 1538 1601 325)
4(1573 1636 1643 1580)
4(1579 1580 1643 1642)
4(1579 1642 1649 1586)
4(1585 1586 1649 1648)
4(1585 1648 1654 1591)
4(1590 1591 1654 1653)
4(1590 1653 1658 1595)
4(1594 1595 1658 1657)
4(1594 1657 1661 1598)
4(1597 1598 1661 1660)
4(1597 1660 1663 1600)
4(1599 1600 1663 1662)
4(1599 1662 1664 1601)
4(325 1601 1664 340)
4(1636 942 943 1643)
4(1642 1643 943 947)
4(1642 947 948 1649)
4(1648 1649 948 954)
4(1648 954 955 1654)
4(1653 1654 955 963)
4(1653 963 964 1658)
4(1657 1658 964 974)
4(1657 974 975 1661)
4(1660 1661 975 987)
4(1660 987 988 1663)
4(1662 1663 988 1002)
4(1662 1002 1003 1664)
4(340 1664 1003 131)
4(1039 1110 1118 1047)
4(11 24 27 10)
4(24 25 28 27)
4(25 26 29 28)
4(26 20 19 29)
4(10 27 30 9)
4(27 28 31 30)
4(28 29 32 31)
4(29 19 18 32)
4(9 30 33 8)
4(30 31 34 33)
4(31 32 35 34)
4(32 18 17 35)
4(8 33 36 7)
4(33 34 37 36)
4(34 35 38 37)
4(35 17 16 38)
4(7 36 39 6)
4(36 37 40 39)
4(6 39 41 5)
4(39 40 42 41)
4(5 41 44 4)
4(41 42 45 44)
4(42 43 46 45)
4(43 15 14 46)
4(4 44 47 3)
4(44 45 48 47)
4(45 46 49 48)
4(46 14 13 49)
4(3 47 50 2)
4(47 48 51 50)
4(48 49 52 51)
4(49 13 12 52)
4(2 50 21 0)
4(50 51 22 21)
4(51 52 23 22)
4(52 12 1 23)
4(191 11 10 206)
4(206 10 9 221)
4(221 9 8 236)
4(236 8 7 251)
4(251 7 6 266)
4(266 6 5 281)
4(281 5 4 296)
4(296 4 3 311)
4(311 3 2 326)
4(326 2 0 145)
4(191 206 1075 1004)
4(1004 1075 1076 1005)
4(1005 1076 1077 1006)
4(1006 1077 1079 1008)
4(1008 1079 1080 1009)
4(1009 1080 1083 1012)
4(1012 1083 1084 1013)
4(1013 1084 1088 1017)
4(1017 1088 1089 1018)
4(1018 1089 1094 1023)
4(1023 1094 1095 1024)
4(1024 1095 1101 1030)
4(1030 1101 1102 1031)
4(1031 1102 1109 1038)
4(1038 1109 1110 1039)
4(206 221 1146 1075)
4(1075 1146 1147 1076)
4(1076 1147 1148 1077)
4(1077 1148 1150 1079)
4(1079 1150 1151 1080)
4(1080 1151 1154 1083)
4(1083 1154 1155 1084)
4(1084 1155 1159 1088)
4(1088 1159 1160 1089)
4(1089 1160 1165 1094)
4(1094 1165 1166 1095)
4(1095 1166 1172 1101)
4(1101 1172 1173 1102)
4(1102 1173 1180 1109)
4(221 236 1214 1146)
4(1146 1214 1215 1147)
4(1147 1215 1216 1148)
4(1148 1216 1218 1150)
4(1150 1218 1219 1151)
4(1151 1219 1222 1154)
4(1154 1222 1223 1155)
4(1155 1223 1227 1159)
4(1159 1227 1228 1160)
4(1160 1228 1233 1165)
4(1165 1233 1234 1166)
4(1166 1234 1240 1172)
4(1172 1240 1241 1173)
4(1173 1241 1248 1180)
4(236 251 1281 1214)
4(1214 1281 1282 1215)
4(1215 1282 1283 1216)
4(1216 1283 1285 1218)
4(1218 1285 1286 1219)
4(1219 1286 1289 1222)
4(1222 1289 1290 1223)
4(1223 1290 1294 1227)
4(1227 1294 1295 1228)
4(1228 1295 1300 1233)
4(1233 1300 1301 1234)
4(1234 1301 1307 1240)
4(1240 1307 1308 1241)
4(1241 1308 1315 1248)
4(251 266 1347 1281)
4(1281 1347 1348 1282)
4(1282 1348 1349 1283)
4(1283 1349 1351 1285)
4(1285 1351 1352 1286)
4(1286 1352 1355 1289)
4(1289 1355 1356 1290)
4(1290 1356 1360 1294)
4(1294 1360 1361 1295)
4(1295 1361 1366 1300)
4(1300 1366 1367 1301)
4(1301 1367 1373 1307)
4(1307 1373 1374 1308)
4(1308 1374 1381 1315)
4(266 281 1412 1347)
4(1347 1412 1413 1348)
4(1348 1413 1414 1349)
4(1349 1414 1416 1351)
4(1351 1416 1417 1352)
4(1352 1417 1420 1355)
4(1355 1420 1421 1356)
4(1356 1421 1425 1360)
4(1360 1425 1426 1361)
4(1361 1426 1431 1366)
4(1366 1431 1432 1367)
4(1367 1432 1438 1373)
4(1373 1438 1439 1374)
4(1374 1439 1446 1381)
4(281 296 1476 1412)
4(1412 1476 1477 1413)
4(1413 1477 1478 1414)
4(1414 1478 1480 1416)
4(1416 1480 1481 1417)
4(1417 1481 1484 1420)
4(1420 1484 1485 1421)
4(1421 1485 1489 1425)
4(1425 1489 1490 1426)
4(1426 1490 1495 1431)
4(1431 1495 1496 1432)
4(1432 1496 1502 1438)
4(1438 1502 1503 1439)
4(1439 1503 1510 1446)
4(296 311 1539 1476)
4(1476 1539 1540 1477)
4(1477 1540 1541 1478)
4(1478 1541 1543 1480)
4(1480 1543 1544 1481)
4(1481 1544 1547 1484)
4(1484 1547 1548 1485)
4(1485 1548 1552 1489)
4(1489 1552 1553 1490)
4(1490 1553 1558 1495)
4(1495 1558 1559 1496)
4(1496 1559 1565 1502)
4(1502 1565 1566 1503)
4(1503 1566 1573 1510)
4(311 326 1602 1539)
4(1539 1602 1603 1540)
4(1540 1603 1604 1541)
4(1541 1604 1606 1543)
4(1543 1606 1607 1544)
4(1544 1607 1610 1547)
4(1547 1610 1611 1548)
4(1548 1611 1615 1552)
4(1552 1615 1616 1553)
4(1553 1616 1621 1558)
4(1558 1621 1622 1559)
4(1559 1622 1628 1565)
4(1565 1628 1629 1566)
4(1566 1629 1636 1573)
4(326 145 989 1602)
4(1602 989 990 1603)
4(1603 990 976 1604)
4(1604 976 977 1606)
4(1606 977 965 1607)
4(1607 965 966 1610)
4(1610 966 956 1611)
4(1611 956 957 1615)
4(1615 957 949 1616)
4(1616 949 950 1621)
4(1621 950 944 1622)
4(1622 944 945 1628)
4(1628 945 941 1629)
4(1629 941 942 1636)
4(67 86 491 205)
4(205 491 492 204)
4(204 492 493 203)
4(203 493 494 202)
4(202 494 495 201)
4(201 495 496 200)
4(200 496 497 199)
4(199 497 498 198)
4(198 498 499 197)
4(197 499 500 196)
4(196 500 501 195)
4(195 501 502 194)
4(194 502 503 193)
4(193 503 504 192)
4(192 504 505 191)
4(191 505 24 11)
4(86 87 506 491)
4(491 506 507 492)
4(492 507 508 493)
4(493 508 509 494)
4(494 509 510 495)
4(495 510 511 496)
4(496 511 512 497)
4(497 512 513 498)
4(498 513 514 499)
4(499 514 515 500)
4(500 515 516 501)
4(501 516 517 502)
4(502 517 518 503)
4(503 518 519 504)
4(504 519 520 505)
4(505 520 25 24)
4(87 88 521 506)
4(506 521 522 507)
4(507 522 523 508)
4(508 523 524 509)
4(509 524 525 510)
4(510 525 526 511)
4(511 526 527 512)
4(512 527 528 513)
4(513 528 529 514)
4(514 529 530 515)
4(515 530 531 516)
4(516 531 532 517)
4(517 532 533 518)
4(518 533 534 519)
4(519 534 535 520)
4(520 535 26 25)
4(88 85 341 521)
4(521 341 342 522)
4(522 342 343 523)
4(523 343 344 524)
4(524 344 345 525)
4(525 345 346 526)
4(526 346 347 527)
4(527 347 348 528)
4(528 348 349 529)
4(529 349 350 530)
4(530 350 351 531)
4(531 351 352 532)
4(532 352 353 533)
4(533 353 354 534)
4(534 354 355 535)
4(535 355 20 26)
4(191 1004 1005 192)
4(192 1005 1007 193)
4(1005 1006 1008 1007)
4(193 1007 1010 194)
4(1007 1008 1011 1010)
4(1008 1009 1012 1011)
4(194 1010 1014 195)
4(1010 1011 1015 1014)
4(1011 1012 1016 1015)
4(1012 1013 1017 1016)
4(195 1014 1019 196)
4(1014 1015 1020 1019)
4(1015 1016 1021 1020)
4(1016 1017 1022 1021)
4(1017 1018 1023 1022)
4(196 1019 1025 197)
4(1019 1020 1026 1025)
4(1020 1021 1027 1026)
4(1021 1022 1028 1027)
4(1022 1023 1029 1028)
4(1023 1024 1030 1029)
4(197 1025 1032 198)
4(1025 1026 1033 1032)
4(1026 1027 1034 1033)
4(1027 1028 1035 1034)
4(1028 1029 1036 1035)
4(1029 1030 1037 1036)
4(1030 1031 1038 1037)
4(198 1032 1040 199)
4(1032 1033 1041 1040)
4(1033 1034 1042 1041)
4(1034 1035 1043 1042)
4(1035 1036 1044 1043)
4(1036 1037 1045 1044)
4(1037 1038 1046 1045)
4(1038 1039 1047 1046)
4(199 1040 1048 200)
4(1040 1041 1049 1048)
4(1041 1042 1050 1049)
4(1042 1043 1051 1050)
4(1043 1044 1052 1051)
4(1044 1045 1053 1052)
4(1045 1046 1054 1053)
4(200 1048 1055 201)
4(1048 1049 1056 1055)
4(1049 1050 1057 1056)
4(1050 1051 1058 1057)
4(1051 1052 1059 1058)
4(1052 1053 1060 1059)
4(201 1055 1061 202)
4(1055 1056 1062 1061)
4(1056 1057 1063 1062)
4(1057 1058 1064 1063)
4(1058 1059 1065 1064)
4(202 1061 1066 203)
4(1061 1062 1067 1066)
4(1062 1063 1068 1067)
4(1063 1064 1069 1068)
4(203 1066 1070 204)
4(1066 1067 1071 1070)
4(1067 1068 1072 1071)
4(204 1070 1073 205)
4(1070 1071 1074 1073)
4(205 1073 68 67)
)


// ************************************************************************* //
