/*--------------------------------*- C++ -*----------------------------------*\
| =========                 |                                                 |
| \\      /  F ield         | OpenFOAM: The Open Source CFD Toolbox           |
|  \\    /   O peration     | Version:  4.x                                   |
|   \\  /    A nd           | Web:      www.OpenFOAM.org                      |
|    \\/     M anipulation  |                                                 |
\*---------------------------------------------------------------------------*/
FoamFile
{
    version     2.0;
    format      ascii;
    class       labelList;
    note        "nPoints: 1665 nCells: 1225 nFaces: 4076 nInternalFaces: 3274";
    location    "constant/polyMesh";
    object      neighbour;
}
// * * * * * * * * * * * * * * * * * * * * * * * * * * * * * * * * * * * * * //


3274
(
1
16
64
699
2
17
65
697
3
18
66
694
4
19
67
690
5
20
68
685
6
21
69
679
7
22
70
672
8
23
71
664
9
24
72
657
10
25
73
651
11
26
74
646
12
27
75
642
13
28
76
639
14
29
77
637
15
30
78
636
31
79
17
32
80
18
33
81
19
34
82
20
35
83
21
36
84
22
37
85
23
38
86
24
39
87
25
40
88
26
41
89
27
42
90
28
43
91
29
44
92
30
45
93
31
46
94
47
95
33
48
96
34
49
97
35
50
98
36
51
99
37
52
100
38
53
101
39
54
102
40
55
103
41
56
104
42
57
105
43
58
106
44
59
107
45
60
108
46
61
109
47
62
110
63
111
49
112
50
113
51
114
52
115
53
116
54
117
55
118
56
119
57
120
58
121
59
122
60
123
61
124
62
125
63
126
127
65
80
128
761
66
81
129
759
67
82
130
756
68
83
131
752
69
84
132
747
70
85
133
741
71
86
134
735
72
87
135
728
73
88
136
721
74
89
137
715
75
90
138
710
76
91
139
706
77
92
140
703
78
93
141
701
79
94
142
700
95
143
81
96
144
82
97
145
83
98
146
84
99
147
85
100
148
86
101
149
87
102
150
88
103
151
89
104
152
90
105
153
91
106
154
92
107
155
93
108
156
94
109
157
95
110
158
111
159
97
112
160
98
113
161
99
114
162
100
115
163
101
116
164
102
117
165
103
118
166
104
119
167
105
120
168
106
121
169
107
122
170
108
123
171
109
124
172
110
125
173
111
126
174
127
175
113
176
114
177
115
178
116
179
117
180
118
181
119
182
120
183
121
184
122
185
123
186
124
187
125
188
126
189
127
190
191
129
144
192
822
130
145
193
820
131
146
194
817
132
147
195
813
133
148
196
808
134
149
197
803
135
150
198
797
136
151
199
790
137
152
200
783
138
153
201
777
139
154
202
772
140
155
203
768
141
156
204
765
142
157
205
763
143
158
206
762
159
207
145
160
208
146
161
209
147
162
210
148
163
211
149
164
212
150
165
213
151
166
214
152
167
215
153
168
216
154
169
217
155
170
218
156
171
219
157
172
220
158
173
221
159
174
222
175
223
161
176
224
162
177
225
163
178
226
164
179
227
165
180
228
166
181
229
167
182
230
168
183
231
169
184
232
170
185
233
171
186
234
172
187
235
173
188
236
174
189
237
175
190
238
191
239
177
240
178
241
179
242
180
243
181
244
182
245
183
246
184
247
185
248
186
249
187
250
188
251
189
252
190
253
191
254
255
193
208
256
882
194
209
257
880
195
210
258
877
196
211
259
873
197
212
260
869
198
213
261
864
199
214
262
858
200
215
263
851
201
216
264
844
202
217
265
838
203
218
266
833
204
219
267
829
205
220
268
826
206
221
269
824
207
222
270
823
223
271
209
224
272
210
225
273
211
226
274
212
227
275
213
228
276
214
229
277
215
230
278
216
231
279
217
232
280
218
233
281
219
234
282
220
235
283
221
236
284
222
237
285
223
238
286
239
287
225
240
288
226
241
289
227
242
290
228
243
291
229
244
292
230
245
293
231
246
294
232
247
295
233
248
296
234
249
297
235
250
298
236
251
299
237
252
300
238
253
301
239
254
302
255
241
303
242
304
243
305
244
306
245
307
246
308
247
309
248
310
249
311
250
312
251
313
252
314
253
315
254
316
255
317
257
272
318
941
258
273
319
939
259
274
320
936
260
275
321
933
261
276
322
929
262
277
323
924
263
278
324
918
264
279
325
911
265
280
326
904
266
281
327
898
267
282
328
893
268
283
329
889
269
284
330
886
270
285
331
884
271
286
332
883
287
333
273
288
334
274
289
335
275
290
336
276
291
337
277
292
338
278
293
339
279
294
340
280
295
341
281
296
342
282
297
343
283
298
344
284
299
345
285
300
346
286
301
347
287
302
348
349
289
303
350
290
304
351
291
305
352
292
306
353
293
307
354
294
308
355
295
309
356
296
310
357
297
311
358
298
312
359
299
313
360
300
314
361
301
315
362
302
316
363
317
364
304
365
305
366
306
367
307
368
308
369
309
370
310
371
311
372
312
373
313
374
314
375
315
376
316
377
317
378
379
319
334
380
999
320
335
381
997
321
336
382
995
322
337
383
992
323
338
384
988
324
339
385
983
325
340
386
977
326
341
387
970
327
342
388
963
328
343
389
957
329
344
390
952
330
345
391
948
331
346
392
945
332
347
393
943
333
348
394
942
349
395
335
350
396
336
351
397
337
352
398
338
353
399
339
354
400
340
355
401
341
356
402
342
357
403
343
358
404
344
359
405
345
360
406
346
361
407
347
362
408
348
363
409
349
364
410
411
351
365
412
352
366
413
353
367
414
354
368
415
355
369
416
356
370
417
357
371
418
358
372
419
359
373
420
360
374
421
361
375
422
362
376
423
363
377
424
364
378
425
379
426
366
428
367
429
368
430
369
431
370
432
371
433
372
434
373
435
374
436
375
437
376
438
377
439
378
440
379
441
442
381
396
444
1056
382
397
445
1055
383
398
446
1053
384
399
447
1050
385
400
448
1046
386
401
449
1041
387
402
450
1035
388
403
451
1028
389
404
452
1021
390
405
453
1015
391
406
454
1010
392
407
455
1006
393
408
456
1003
394
409
457
1001
395
410
458
1000
411
459
397
412
460
398
413
461
399
414
462
400
415
463
401
416
464
402
417
465
403
418
466
404
419
467
405
420
468
406
421
469
407
422
470
408
423
471
409
424
472
410
425
473
411
426
474
427
475
413
428
476
414
429
477
415
430
478
416
431
479
417
432
480
418
433
481
419
434
482
420
435
483
421
436
484
422
437
485
423
438
486
424
439
487
425
440
488
426
441
489
427
442
490
443
491
429
492
430
493
431
494
432
495
433
496
434
497
435
498
436
499
437
500
438
501
439
502
440
503
441
504
442
505
443
506
507
445
460
508
446
461
509
1112
447
462
510
1110
448
463
511
1107
449
464
512
1103
450
465
513
1098
451
466
514
1092
452
467
515
1085
453
468
516
1078
454
469
517
1072
455
470
518
1067
456
471
519
1063
457
472
520
1060
458
473
521
1058
459
474
522
1057
475
523
461
476
524
462
477
525
463
478
526
464
479
527
465
480
528
466
481
529
467
482
530
468
483
531
469
484
532
470
485
533
471
486
534
472
487
535
473
488
536
474
489
537
475
490
538
491
539
477
492
540
478
493
541
479
494
542
480
495
543
481
496
544
482
497
545
483
498
546
484
499
547
485
500
548
486
501
549
487
502
550
488
503
551
489
504
552
490
505
553
491
506
554
507
555
493
556
494
557
495
558
496
559
497
560
498
561
499
562
500
563
501
564
502
565
503
566
504
567
505
568
506
569
507
570
571
509
524
572
510
525
573
1168
511
526
574
1166
512
527
575
1163
513
528
576
1159
514
529
577
1154
515
530
578
1148
516
531
579
1141
517
532
580
1134
518
533
581
1128
519
534
582
1123
520
535
583
1119
521
536
584
1116
522
537
585
1114
523
538
586
1113
539
587
525
540
588
526
541
589
527
542
590
528
543
591
529
544
592
530
545
593
531
546
594
532
547
595
533
548
596
534
549
597
535
550
598
536
551
599
537
552
600
538
553
601
539
554
602
555
603
541
556
604
542
557
605
543
558
606
544
559
607
545
560
608
546
561
609
547
562
610
548
563
611
549
564
612
550
565
613
551
566
614
552
567
615
553
568
616
554
569
617
555
570
618
571
619
557
620
558
621
559
622
560
623
561
624
562
625
563
626
564
627
565
628
566
629
567
630
568
631
569
632
570
633
571
634
635
573
588
574
589
1224
575
590
1222
576
591
1219
577
592
1215
578
593
1210
579
594
1204
580
595
1197
581
596
1190
582
597
1184
583
598
1179
584
599
1175
585
600
1172
586
601
1170
587
602
1169
603
589
604
590
605
591
606
592
607
593
608
594
609
595
610
596
611
597
612
598
613
599
614
600
615
601
616
602
617
603
618
619
605
620
606
621
607
622
608
623
609
624
610
625
611
626
612
627
613
628
614
629
615
630
616
631
617
632
618
633
619
634
635
621
622
623
624
625
626
627
628
629
630
631
632
633
634
635
637
700
638
639
701
640
702
640
642
703
641
643
704
644
705
643
646
706
644
647
707
645
648
708
649
709
647
651
710
648
652
711
649
653
712
650
654
713
655
714
652
657
715
653
658
716
654
659
717
655
660
718
656
661
719
662
720
658
664
721
659
665
722
660
666
723
661
667
724
662
668
725
663
669
726
670
727
665
672
728
666
673
729
667
674
730
668
675
731
669
676
732
670
677
733
671
678
734
673
679
735
674
680
736
675
681
737
676
682
738
677
683
739
678
684
740
680
685
741
681
686
742
682
687
743
683
688
744
684
689
745
746
686
690
747
687
691
748
688
692
749
689
693
750
751
691
694
752
692
695
753
693
696
754
755
695
697
756
696
698
757
758
698
699
759
760
761
701
762
702
703
763
704
764
704
706
765
705
707
766
708
767
707
710
768
708
711
769
709
712
770
713
771
711
715
772
712
716
773
713
717
774
714
718
775
719
776
716
721
777
717
722
778
718
723
779
719
724
780
720
725
781
726
782
722
728
783
723
729
784
724
730
785
725
731
786
726
732
787
727
733
788
734
789
729
735
790
730
736
791
731
737
792
732
738
793
733
739
794
734
740
795
796
736
741
797
737
742
798
738
743
799
739
744
800
740
745
801
746
802
742
747
803
743
748
804
744
749
805
745
750
806
746
751
807
748
752
808
749
753
809
750
754
810
751
755
811
812
753
756
813
754
757
814
755
758
815
816
757
759
817
758
760
818
819
760
761
820
821
822
763
823
764
765
824
766
825
766
768
826
767
769
827
770
828
769
772
829
770
773
830
771
774
831
775
832
773
777
833
774
778
834
775
779
835
776
780
836
781
837
778
783
838
779
784
839
780
785
840
781
786
841
782
787
842
788
843
784
790
844
785
791
845
786
792
846
787
793
847
788
794
848
789
795
849
796
850
791
797
851
792
798
852
793
799
853
794
800
854
795
801
855
796
802
856
857
798
803
858
799
804
859
800
805
860
801
806
861
802
807
862
863
804
808
864
805
809
865
806
810
866
807
811
867
812
868
809
813
869
810
814
870
811
815
871
812
816
872
814
817
873
815
818
874
816
819
875
876
818
820
877
819
821
878
879
821
822
880
881
882
824
883
825
826
884
827
885
827
829
886
828
830
887
831
888
830
833
889
831
834
890
832
835
891
836
892
834
838
893
835
839
894
836
840
895
837
841
896
842
897
839
844
898
840
845
899
841
846
900
842
847
901
843
848
902
849
903
845
851
904
846
852
905
847
853
906
848
854
907
849
855
908
850
856
909
857
910
852
858
911
853
859
912
854
860
913
855
861
914
856
862
915
857
863
916
917
859
864
918
860
865
919
861
866
920
862
867
921
863
868
922
923
865
869
924
866
870
925
867
871
926
868
872
927
928
870
873
929
871
874
930
872
875
931
876
932
874
877
933
875
878
934
876
879
935
878
880
936
879
881
937
938
881
882
939
940
941
884
942
885
886
943
887
944
887
889
945
888
890
946
891
947
890
893
948
891
894
949
892
895
950
896
951
894
898
952
895
899
953
896
900
954
897
901
955
902
956
899
904
957
900
905
958
901
906
959
902
907
960
903
908
961
909
962
905
911
963
906
912
964
907
913
965
908
914
966
909
915
967
910
916
968
917
969
912
918
970
913
919
971
914
920
972
915
921
973
916
922
974
917
923
975
976
919
924
977
920
925
978
921
926
979
922
927
980
923
928
981
982
925
929
983
926
930
984
927
931
985
928
932
986
987
930
933
988
931
934
989
932
935
990
991
934
936
992
935
937
993
938
994
937
939
995
938
940
996
940
941
997
998
999
943
1000
944
945
1001
946
1002
946
948
1003
947
949
1004
950
1005
949
952
1006
950
953
1007
951
954
1008
955
1009
953
957
1010
954
958
1011
955
959
1012
956
960
1013
961
1014
958
963
1015
959
964
1016
960
965
1017
961
966
1018
962
967
1019
968
1020
964
970
1021
965
971
1022
966
972
1023
967
973
1024
968
974
1025
969
975
1026
976
1027
971
977
1028
972
978
1029
973
979
1030
974
980
1031
975
981
1032
976
982
1033
1034
978
983
1035
979
984
1036
980
985
1037
981
986
1038
982
987
1039
1040
984
988
1041
985
989
1042
986
990
1043
987
991
1044
1045
989
992
1046
990
993
1047
991
994
1048
1049
993
995
1050
994
996
1051
1052
996
997
1053
998
1054
998
999
1055
1056
1001
1057
1002
1003
1058
1004
1059
1004
1006
1060
1005
1007
1061
1008
1062
1007
1010
1063
1008
1011
1064
1009
1012
1065
1013
1066
1011
1015
1067
1012
1016
1068
1013
1017
1069
1014
1018
1070
1019
1071
1016
1021
1072
1017
1022
1073
1018
1023
1074
1019
1024
1075
1020
1025
1076
1026
1077
1022
1028
1078
1023
1029
1079
1024
1030
1080
1025
1031
1081
1026
1032
1082
1027
1033
1083
1034
1084
1029
1035
1085
1030
1036
1086
1031
1037
1087
1032
1038
1088
1033
1039
1089
1034
1040
1090
1091
1036
1041
1092
1037
1042
1093
1038
1043
1094
1039
1044
1095
1040
1045
1096
1097
1042
1046
1098
1043
1047
1099
1044
1048
1100
1045
1049
1101
1102
1047
1050
1103
1048
1051
1104
1049
1052
1105
1106
1051
1053
1107
1052
1054
1108
1109
1054
1055
1110
1111
1056
1112
1058
1113
1059
1060
1114
1061
1115
1061
1063
1116
1062
1064
1117
1065
1118
1064
1067
1119
1065
1068
1120
1066
1069
1121
1070
1122
1068
1072
1123
1069
1073
1124
1070
1074
1125
1071
1075
1126
1076
1127
1073
1078
1128
1074
1079
1129
1075
1080
1130
1076
1081
1131
1077
1082
1132
1083
1133
1079
1085
1134
1080
1086
1135
1081
1087
1136
1082
1088
1137
1083
1089
1138
1084
1090
1139
1091
1140
1086
1092
1141
1087
1093
1142
1088
1094
1143
1089
1095
1144
1090
1096
1145
1091
1097
1146
1147
1093
1098
1148
1094
1099
1149
1095
1100
1150
1096
1101
1151
1097
1102
1152
1153
1099
1103
1154
1100
1104
1155
1101
1105
1156
1102
1106
1157
1158
1104
1107
1159
1105
1108
1160
1106
1109
1161
1162
1108
1110
1163
1109
1111
1164
1165
1111
1112
1166
1167
1168
1114
1169
1115
1116
1170
1117
1171
1117
1119
1172
1118
1120
1173
1121
1174
1120
1123
1175
1121
1124
1176
1122
1125
1177
1126
1178
1124
1128
1179
1125
1129
1180
1126
1130
1181
1127
1131
1182
1132
1183
1129
1134
1184
1130
1135
1185
1131
1136
1186
1132
1137
1187
1133
1138
1188
1139
1189
1135
1141
1190
1136
1142
1191
1137
1143
1192
1138
1144
1193
1139
1145
1194
1140
1146
1195
1147
1196
1142
1148
1197
1143
1149
1198
1144
1150
1199
1145
1151
1200
1146
1152
1201
1147
1153
1202
1203
1149
1154
1204
1150
1155
1205
1151
1156
1206
1152
1157
1207
1153
1158
1208
1209
1155
1159
1210
1156
1160
1211
1157
1161
1212
1158
1162
1213
1214
1160
1163
1215
1161
1164
1216
1162
1165
1217
1218
1164
1166
1219
1165
1167
1220
1221
1167
1168
1222
1223
1224
1170
1171
1172
1173
1173
1175
1174
1176
1177
1176
1179
1177
1180
1178
1181
1182
1180
1184
1181
1185
1182
1186
1183
1187
1188
1185
1190
1186
1191
1187
1192
1188
1193
1189
1194
1195
1191
1197
1192
1198
1193
1199
1194
1200
1195
1201
1196
1202
1203
1198
1204
1199
1205
1200
1206
1201
1207
1202
1208
1203
1209
1205
1210
1206
1211
1207
1212
1208
1213
1209
1214
1211
1215
1212
1216
1213
1217
1214
1218
1216
1219
1217
1220
1218
1221
1220
1222
1221
1223
1223
1224
)


// ************************************************************************* //
