/*--------------------------------*- C++ -*----------------------------------*\
| =========                 |                                                 |
| \\      /  F ield         | OpenFOAM: The Open Source CFD Toolbox           |
|  \\    /   O peration     | Version:  4.x                                   |
|   \\  /    A nd           | Web:      www.OpenFOAM.org                      |
|    \\/     M anipulation  |                                                 |
\*---------------------------------------------------------------------------*/
FoamFile
{
    version     2.0;
    format      ascii;
    class       labelList;
    location    "constant/polyMesh";
    object      pointProcAddressing;
}
// * * * * * * * * * * * * * * * * * * * * * * * * * * * * * * * * * * * * * //


1665
(
0
2
4
5
6
7
8
9
10
11
12
13
23
24
25
26
27
28
29
30
31
41
42
43
74
75
76
77
78
79
80
81
82
83
84
85
86
87
88
89
90
91
92
93
94
95
96
97
98
99
100
101
102
3479
3511
3527
3528
3529
3575
3576
3577
3578
3579
3580
3581
3582
3583
3584
3729
3744
3759
3774
3789
3804
3819
3834
3927
3928
3929
3930
3931
3932
3933
3934
3935
3936
4258
4259
4260
4261
4262
4263
4264
4265
4266
4267
4268
4269
4270
4271
4272
4273
4274
4275
4276
4277
4278
4279
4280
4281
4282
4283
4284
4285
4286
4287
5158
5159
5160
5161
5162
5163
5164
5165
5166
5167
5168
5169
5170
5171
5172
5188
5189
5190
5191
5192
5193
5194
5195
5196
5197
5198
5199
5200
5201
5202
5203
5204
5205
5206
5207
5208
5209
5210
5211
5212
5213
5214
5215
5216
5217
5218
5219
5220
5221
5222
5223
5224
5225
5226
5227
5228
5229
5230
5231
5232
5233
5234
5235
5236
5237
5238
5239
5240
5241
5242
5243
5244
5245
5246
5247
5383
5384
5385
5386
5387
5388
5389
5390
5391
5392
5393
5394
5395
5396
5397
5398
5399
5400
5401
5402
5403
5404
5405
5406
5407
5408
5409
5410
5411
5412
5413
5414
5415
5416
5417
5418
5419
5420
5421
5422
5423
5424
5425
5426
5427
5428
5429
5430
5431
5432
5433
5434
5435
5436
5437
5438
5439
5440
5441
5442
5443
5444
5445
5446
5447
5448
5449
5450
5451
5452
5453
5454
5455
5456
5457
5458
5459
5460
5461
5462
5463
5464
5465
5466
5467
5468
5469
5470
5471
5472
5473
5474
5475
5476
5477
5478
5479
5480
5481
5482
5483
5484
5485
5486
5487
5488
5489
5490
5491
5492
5493
5494
5495
5496
5497
5498
5499
5500
5501
5502
5503
5504
5505
5506
5507
5508
5509
5510
5511
5512
5513
5514
5515
5516
5517
5518
5519
5520
5521
5522
5523
5524
5525
5526
5527
5528
5529
5530
5531
5532
5713
5714
5715
5716
5717
5718
5719
5720
5721
5722
5723
5724
5725
5726
5727
5728
5729
5730
5731
5732
5733
5734
5735
5736
5737
5738
5739
5740
5741
5742
5743
5744
5745
5746
5747
5748
5749
5750
5751
5752
5753
5754
5755
5756
5757
5758
5759
5760
5761
5762
5763
5764
5765
5766
5767
5768
5769
5770
5771
5772
5773
5774
5775
5776
5777
5778
5779
5780
5781
5782
5783
5784
5785
5786
5787
5788
5789
5790
5791
5792
5793
5794
5795
5796
5797
5798
5799
5800
5801
5802
5803
5804
5805
5806
5807
5808
5809
5810
5811
5812
5813
5814
5815
5816
5817
5818
5819
5820
5821
5822
5823
5824
5825
5826
5827
5828
5829
5830
5831
5832
5833
5834
5835
5836
5837
5838
5839
5840
5841
5842
5843
5844
5845
5846
5847
5848
5849
5850
5851
5852
5853
5854
5855
5856
5857
5858
5859
5860
5861
5862
6268
6269
6270
6271
6272
6273
6274
6275
6276
6277
6278
6279
6280
6281
6282
6283
6284
6285
6286
6287
6288
6289
6290
6291
6292
6293
6294
6295
6296
6297
6298
6299
6300
6301
6302
6303
6304
6305
6306
6307
6308
6309
6310
6311
6312
6313
6314
6315
6316
6317
6318
6319
6320
6321
6322
6323
6324
6325
6326
6327
6328
6329
6330
6331
6332
6333
6334
6335
6336
6337
6338
6339
6340
6341
6342
6343
6344
6345
6346
6347
6348
6349
6350
6351
6352
6353
6354
6355
6356
6357
6358
6359
6360
6361
6362
6363
6364
6365
6366
6367
6368
6369
6370
6371
6372
6373
6374
6375
6376
6377
6378
6379
6380
6381
6382
6383
6384
6385
6386
6387
6388
6389
6390
6391
6392
6393
6394
6395
6396
6397
6398
6399
6400
6401
6402
6403
6404
6405
6406
6407
6408
6409
6410
6411
6412
6413
6414
6415
6416
6417
6418
6419
6420
6421
6422
6423
6424
6425
6426
6427
6428
6429
6430
6431
6432
6433
6434
6435
6436
6437
6438
6439
6440
6441
6442
6443
6444
6445
6446
6447
6448
6449
6450
6451
6452
6453
6454
6455
6456
6457
6458
6459
6460
6461
6462
6463
6464
6465
6466
6467
6468
6469
6470
6471
6472
6473
6474
6475
6476
6477
6478
6479
6480
6481
6482
6483
6484
6485
6486
6487
6488
6489
6490
6491
6492
6493
6494
6495
6496
6497
6498
6499
6500
6501
6502
6503
6504
6505
6506
6507
6508
6509
6510
6511
6512
6513
6514
6515
6516
6517
6518
6519
6520
6521
6522
6523
6524
6525
6526
6527
6528
6529
6530
6531
6532
6533
6534
6535
6536
6537
6538
6539
6540
6541
6542
6543
6544
6545
6546
6547
6548
6549
6550
6551
6552
6553
6554
6555
6556
6557
6558
6559
6560
6561
6562
6563
6564
6565
6566
6567
6568
6569
6570
6571
6572
6573
6574
6575
6576
6577
6578
6579
6580
6581
6582
6583
6584
6585
6586
6587
6588
6589
6590
6591
6592
6593
6594
6595
6596
6597
6598
6599
6600
6601
6602
6603
6604
6605
6606
6607
6608
6609
6610
6611
6612
6613
6614
6615
6616
6617
6618
6619
6620
6621
6622
6623
6624
6625
6626
6627
6628
6629
6630
6631
6632
6633
6634
6635
6636
6637
6638
6639
6640
6641
6642
6643
6644
6645
6646
6647
6648
6649
6650
6651
6652
6653
6654
6655
6656
6657
6658
6659
6660
6661
6662
6663
6664
6665
6666
6667
6668
6669
6670
6671
6672
6673
6674
6675
6676
6677
6678
6679
6680
6681
6682
6683
6684
6685
6686
6687
6688
6689
6690
6691
6692
6693
6694
6695
6696
6697
6698
6699
6700
6701
6702
6703
6704
6705
6706
6707
6708
6709
6710
6711
6712
6713
6714
6715
6716
6717
7069
7070
7071
7083
7084
7085
7086
7087
7097
7098
7099
7100
7101
7102
7103
7111
7112
7113
7114
7115
7116
7117
7118
7119
7125
7126
7127
7128
7129
7130
7131
7132
7133
7134
7135
7139
7140
7141
7142
7143
7144
7145
7146
7147
7148
7149
7150
7151
7153
7154
7155
7156
7157
7158
7159
7160
7161
7162
7163
7164
7165
7166
7167
9193
9208
9209
9223
9224
9225
9238
9239
9240
9241
9253
9254
9255
9256
9257
9268
9269
9270
9271
9272
9273
9283
9284
9285
9286
9287
9288
9289
9298
9299
9300
9301
9302
9303
9304
9305
9313
9314
9315
9316
9317
9318
9319
9320
9328
9329
9330
9331
9332
9333
9334
9343
9344
9345
9346
9347
9348
9358
9359
9360
9361
9362
9373
9374
9375
9376
9388
9389
9390
9403
9404
9418
9433
9434
9448
9449
9450
9463
9464
9465
9466
9478
9479
9480
9481
9482
9493
9494
9495
9496
9497
9498
9508
9509
9510
9511
9512
9513
9514
9523
9524
9525
9526
9527
9528
9529
9530
9538
9539
9540
9541
9542
9543
9544
9545
9553
9554
9555
9556
9557
9558
9559
9568
9569
9570
9571
9572
9573
9583
9584
9585
9586
9587
9598
9599
9600
9601
9613
9614
9615
9628
9629
9643
9658
9659
9673
9674
9675
9688
9689
9690
9691
9703
9704
9705
9706
9707
9718
9719
9720
9721
9722
9723
9733
9734
9735
9736
9737
9738
9739
9748
9749
9750
9751
9752
9753
9754
9763
9764
9765
9766
9767
9768
9769
9778
9779
9780
9781
9782
9783
9793
9794
9795
9796
9797
9798
9808
9809
9810
9811
9812
9823
9824
9825
9826
9838
9839
9840
9853
9854
9868
9883
9884
9898
9899
9900
9913
9914
9915
9916
9928
9929
9930
9931
9932
9943
9944
9945
9946
9947
9948
9958
9959
9960
9961
9962
9963
9964
9973
9974
9975
9976
9977
9978
9979
9988
9989
9990
9991
9992
9993
9994
10003
10004
10005
10006
10007
10008
10018
10019
10020
10021
10022
10033
10034
10035
10036
10037
10048
10049
10050
10051
10063
10064
10065
10078
10079
10093
10108
10109
10123
10124
10125
10138
10139
10140
10141
10153
10154
10155
10156
10157
10168
10169
10170
10171
10172
10173
10183
10184
10185
10186
10187
10188
10189
10198
10199
10200
10201
10202
10203
10204
10213
10214
10215
10216
10217
10218
10219
10228
10229
10230
10231
10232
10233
10243
10244
10245
10246
10247
10258
10259
10260
10261
10273
10274
10275
10276
10288
10289
10290
10303
10304
10318
10333
10334
10348
10349
10350
10363
10364
10365
10366
10378
10379
10380
10381
10382
10393
10394
10395
10396
10397
10398
10408
10409
10410
10411
10412
10413
10414
10423
10424
10425
10426
10427
10428
10429
10438
10439
10440
10441
10442
10443
10444
10453
10454
10455
10456
10457
10458
10468
10469
10470
10471
10472
10483
10484
10485
10486
10498
10499
10500
10513
10514
10515
10528
10529
10543
10558
10559
10573
10574
10575
10588
10589
10590
10591
10603
10604
10605
10606
10607
10618
10619
10620
10621
10622
10623
10633
10634
10635
10636
10637
10638
10639
10648
10649
10650
10651
10652
10653
10654
10663
10664
10665
10666
10667
10668
10669
10678
10679
10680
10681
10682
10683
10693
10694
10695
10696
10697
10708
10709
10710
10711
10723
10724
10725
10738
10739
10753
10754
10768
10783
10784
10798
10799
10800
10813
10814
10815
10816
10828
10829
10830
10831
10832
10843
10844
10845
10846
10847
10848
10858
10859
10860
10861
10862
10863
10864
10873
10874
10875
10876
10877
10878
10879
10888
10889
10890
10891
10892
10893
10894
10903
10904
10905
10906
10907
10908
10918
10919
10920
10921
10922
10933
10934
10935
10936
10948
10949
10950
10963
10964
10978
10993
11008
11009
11023
11024
11025
11038
11039
11040
11041
11053
11054
11055
11056
11057
11068
11069
11070
11071
11072
11073
11083
11084
11085
11086
11087
11088
11089
11098
11099
11100
11101
11102
11103
11104
11113
11114
11115
11116
11117
11118
11119
11128
11129
11130
11131
11132
11133
11143
11144
11145
11146
11147
11158
11159
11160
11161
11173
11174
11175
11188
11189
11203
11218
11233
11234
11248
11249
11250
11263
11264
11265
11266
11278
11279
11280
11281
11282
11293
11294
11295
11296
11297
11298
11308
11309
11310
11311
11312
11313
11314
11323
11324
11325
11326
11327
11328
11329
11338
11339
11340
11341
11342
11343
11344
11353
11354
11355
11356
11357
11358
11368
11369
11370
11371
11372
11383
11384
11385
11386
11398
11399
11400
11413
11414
11428
)


// ************************************************************************* //
