/*--------------------------------*- C++ -*----------------------------------*\
| =========                 |                                                 |
| \\      /  F ield         | OpenFOAM: The Open Source CFD Toolbox           |
|  \\    /   O peration     | Version:  4.x                                   |
|   \\  /    A nd           | Web:      www.OpenFOAM.org                      |
|    \\/     M anipulation  |                                                 |
\*---------------------------------------------------------------------------*/
FoamFile
{
    version     2.0;
    format      ascii;
    class       labelList;
    location    "constant/polyMesh";
    object      cellProcAddressing;
}
// * * * * * * * * * * * * * * * * * * * * * * * * * * * * * * * * * * * * * //


1276
(
640
641
642
643
644
645
646
647
648
649
650
651
652
653
654
655
656
657
658
659
660
661
662
663
664
665
666
667
668
669
670
671
672
673
674
675
676
677
678
679
680
681
682
683
684
685
686
687
688
689
690
691
692
693
694
695
696
697
698
699
700
701
702
703
704
705
706
707
708
709
710
711
712
713
714
715
716
717
718
719
720
721
722
723
724
725
726
727
728
729
730
731
732
733
734
735
736
737
738
739
740
741
742
743
744
745
746
747
748
749
750
751
752
753
754
755
756
757
758
759
760
761
762
763
764
765
766
767
768
769
770
771
772
773
774
775
776
777
778
779
780
781
782
783
784
785
786
787
788
789
790
791
792
793
794
795
796
797
798
799
800
801
802
803
804
805
806
807
808
809
810
811
812
813
814
815
816
817
818
819
820
821
822
823
824
825
826
827
828
829
830
831
832
833
834
835
836
837
838
839
840
841
842
843
844
845
846
847
848
849
850
851
852
853
854
855
856
857
858
859
860
861
862
863
864
865
866
867
868
869
870
871
872
873
874
875
876
877
878
879
880
881
882
883
884
885
886
887
888
889
890
891
892
893
894
895
896
897
898
899
900
901
902
903
904
905
906
907
908
909
910
911
912
913
914
915
916
917
918
919
920
921
922
923
924
925
926
927
928
929
930
931
932
933
934
935
936
937
938
939
940
941
942
943
944
945
946
947
948
949
950
951
952
953
954
955
956
957
958
959
960
961
962
963
964
965
966
967
968
969
970
971
972
973
974
975
976
977
978
979
980
981
982
983
984
985
986
987
988
989
990
991
992
993
994
995
996
997
998
999
1000
1001
1002
1003
1004
1005
1006
1007
1008
1009
1010
1011
1012
1013
1014
1015
1016
1017
1018
1019
1020
1021
1022
1023
1024
1025
1026
1027
1028
1029
1030
1031
1032
1033
1034
1035
1036
1037
1038
1039
1040
1041
1042
1043
1044
1045
1046
1047
1048
1049
1050
1051
1052
1053
1054
1055
1056
1057
1058
1059
1060
1061
1062
1063
1064
1065
1066
1067
1068
1069
1070
1071
1072
1073
1074
1075
1076
1077
1078
1079
1080
1081
1082
1083
1084
1085
1086
1087
1088
1089
1090
1091
1092
1093
1094
1095
1096
1097
1098
1099
1100
1101
1102
1103
1104
1105
1106
1107
1108
1109
1110
1111
1112
1113
1114
1115
1116
1117
1118
1119
1120
1121
1122
1123
1124
1125
1126
1127
1128
1129
1130
1131
1132
1133
1134
1135
1136
1137
1138
1139
1140
1141
1142
1143
1144
1145
1146
1147
1148
1149
1150
1151
1152
1153
1154
1155
1156
1157
1158
1159
1160
1161
1162
1163
1164
1165
1166
1167
1168
1169
1170
1171
1172
1173
1174
1175
1176
1177
1178
1179
1180
1181
1182
1183
1184
1185
1186
1187
1188
1189
1190
1191
1192
1193
1194
1195
1196
1197
1198
1199
1200
1201
1202
1203
1204
1205
1206
1207
1208
1209
1210
1211
1212
1213
1214
1215
1216
1217
1218
1219
1220
1221
1222
1223
1224
1225
1226
1227
1228
1229
1230
1231
1232
1233
1234
1235
1236
1237
1238
1239
1240
1241
1242
1243
1244
1245
1246
1247
1248
1249
1250
1251
1252
1253
1254
1255
1256
1257
1258
1259
1260
1261
1262
1263
1264
1265
1266
1267
1268
1269
1270
1271
1272
1273
1274
1275
7672
7673
7674
7675
7676
7677
7678
7679
7680
7681
7682
7683
7684
7685
7686
7689
7690
7691
7692
7693
7694
7695
7696
7697
7698
7699
7700
7701
7706
7707
7708
7709
7710
7711
7712
7713
7714
7715
7716
7723
7724
7725
7726
7727
7728
7729
7730
7731
7740
7741
7742
7743
7744
7745
7746
7757
7758
7759
7760
7761
7774
7775
7776
7791
7928
7929
7930
7931
7932
7933
7934
7935
7936
7937
7938
7939
7940
7941
7942
7945
7946
7947
7948
7949
7950
7951
7952
7953
7954
7955
7956
7957
7962
7963
7964
7965
7966
7967
7968
7969
7970
7971
7972
7979
7980
7981
7982
7983
7984
7985
7986
7987
7996
7997
7998
7999
8000
8001
8002
8013
8014
8015
8016
8017
8030
8031
8032
8047
8184
8185
8186
8187
8188
8189
8190
8191
8192
8193
8194
8195
8196
8197
8198
8201
8202
8203
8204
8205
8206
8207
8208
8209
8210
8211
8212
8213
8218
8219
8220
8221
8222
8223
8224
8225
8226
8227
8228
8235
8236
8237
8238
8239
8240
8241
8242
8243
8252
8253
8254
8255
8256
8257
8258
8269
8270
8271
8272
8273
8286
8287
8288
8303
8440
8441
8442
8443
8444
8445
8446
8447
8448
8449
8450
8451
8452
8453
8454
8457
8458
8459
8460
8461
8462
8463
8464
8465
8466
8467
8468
8469
8474
8475
8476
8477
8478
8479
8480
8481
8482
8483
8484
8491
8492
8493
8494
8495
8496
8497
8498
8499
8508
8509
8510
8511
8512
8513
8514
8525
8526
8527
8528
8529
8542
8543
8544
8559
8696
8697
8698
8699
8700
8701
8702
8703
8704
8705
8706
8707
8708
8709
8710
8713
8714
8715
8716
8717
8718
8719
8720
8721
8722
8723
8724
8725
8730
8731
8732
8733
8734
8735
8736
8737
8738
8739
8740
8747
8748
8749
8750
8751
8752
8753
8754
8755
8764
8765
8766
8767
8768
8769
8770
8781
8782
8783
8784
8785
8798
8799
8800
8815
8952
8953
8954
8955
8956
8957
8958
8959
8960
8961
8962
8963
8964
8965
8966
8969
8970
8971
8972
8973
8974
8975
8976
8977
8978
8979
8980
8981
8986
8987
8988
8989
8990
8991
8992
8993
8994
8995
8996
9003
9004
9005
9006
9007
9008
9009
9010
9011
9020
9021
9022
9023
9024
9025
9026
9037
9038
9039
9040
9041
9054
9055
9056
9071
9208
9209
9210
9211
9212
9213
9214
9215
9216
9217
9218
9219
9220
9221
9222
9225
9226
9227
9228
9229
9230
9231
9232
9233
9234
9235
9236
9237
9242
9243
9244
9245
9246
9247
9248
9249
9250
9251
9252
9259
9260
9261
9262
9263
9264
9265
9266
9267
9276
9277
9278
9279
9280
9281
9282
9293
9294
9295
9296
9297
9310
9311
9312
9327
9464
9465
9466
9467
9468
9469
9470
9471
9472
9473
9474
9475
9476
9477
9478
9481
9482
9483
9484
9485
9486
9487
9488
9489
9490
9491
9492
9493
9498
9499
9500
9501
9502
9503
9504
9505
9506
9507
9508
9515
9516
9517
9518
9519
9520
9521
9522
9523
9532
9533
9534
9535
9536
9537
9538
9549
9550
9551
9552
9553
9566
9567
9568
9583
9720
9721
9722
9723
9724
9725
9726
9727
9728
9729
9730
9731
9732
9733
9734
9737
9738
9739
9740
9741
9742
9743
9744
9745
9746
9747
9748
9749
9754
9755
9756
9757
9758
9759
9760
9761
9762
9763
9764
9771
9772
9773
9774
9775
9776
9777
9778
9779
9788
9789
9790
9791
9792
9793
9794
9805
9806
9807
9808
9809
9822
9823
9824
9839
9976
9977
9978
9979
9980
9981
9982
9983
9984
9985
9986
9987
9988
9989
9990
9993
9994
9995
9996
9997
9998
9999
10000
10001
10002
10003
10004
10005
10010
10011
10012
10013
10014
10015
10016
10017
10018
10019
10020
10027
10028
10029
10030
10031
10032
10033
10034
10035
10044
10045
10046
10047
10048
10049
10050
10061
10062
10063
10064
10065
10078
10079
10080
10095
)


// ************************************************************************* //
