/*--------------------------------*- C++ -*----------------------------------*\
| =========                 |                                                 |
| \\      /  F ield         | OpenFOAM: The Open Source CFD Toolbox           |
|  \\    /   O peration     | Version:  4.x                                   |
|   \\  /    A nd           | Web:      www.OpenFOAM.org                      |
|    \\/     M anipulation  |                                                 |
\*---------------------------------------------------------------------------*/
FoamFile
{
    version     2.0;
    format      ascii;
    class       labelList;
    note        "nPoints: 1725 nCells: 1276 nFaces: 4238 nInternalFaces: 3418";
    location    "constant/polyMesh";
    object      neighbour;
}
// * * * * * * * * * * * * * * * * * * * * * * * * * * * * * * * * * * * * * //


3418
(
1
16
64
636
2
17
65
637
3
18
66
638
4
19
67
639
5
20
68
640
6
21
69
641
7
22
70
642
8
23
71
643
9
24
72
644
10
25
73
645
11
26
74
646
12
27
75
647
13
28
76
648
14
29
77
649
15
30
78
650
31
79
17
32
80
18
33
81
19
34
82
20
35
83
21
36
84
22
37
85
23
38
86
24
39
87
25
40
88
26
41
89
27
42
90
28
43
91
29
44
92
30
45
93
31
46
94
47
95
33
48
96
34
49
97
35
50
98
36
51
99
37
52
100
38
53
101
39
54
102
40
55
103
41
56
104
42
57
105
43
58
106
44
59
107
45
60
108
46
61
109
47
62
110
63
111
49
112
50
113
51
114
52
115
53
116
54
117
55
118
56
119
57
120
58
121
59
122
60
123
61
124
62
125
63
126
127
65
80
128
700
66
81
129
701
67
82
130
702
68
83
131
703
69
84
132
704
70
85
133
705
71
86
134
706
72
87
135
707
73
88
136
708
74
89
137
709
75
90
138
710
76
91
139
711
77
92
140
712
78
93
141
713
79
94
142
714
95
143
81
96
144
82
97
145
83
98
146
84
99
147
85
100
148
86
101
149
87
102
150
88
103
151
89
104
152
90
105
153
91
106
154
92
107
155
93
108
156
94
109
157
95
110
158
111
159
97
112
160
98
113
161
99
114
162
100
115
163
101
116
164
102
117
165
103
118
166
104
119
167
105
120
168
106
121
169
107
122
170
108
123
171
109
124
172
110
125
173
111
126
174
127
175
113
176
114
177
115
178
116
179
117
180
118
181
119
182
120
183
121
184
122
185
123
186
124
187
125
188
126
189
127
190
191
129
144
192
764
130
145
193
765
131
146
194
766
132
147
195
767
133
148
196
768
134
149
197
769
135
150
198
770
136
151
199
771
137
152
200
772
138
153
201
773
139
154
202
774
140
155
203
775
141
156
204
776
142
157
205
777
143
158
206
778
159
207
145
160
208
146
161
209
147
162
210
148
163
211
149
164
212
150
165
213
151
166
214
152
167
215
153
168
216
154
169
217
155
170
218
156
171
219
157
172
220
158
173
221
159
174
222
175
223
161
176
224
162
177
225
163
178
226
164
179
227
165
180
228
166
181
229
167
182
230
168
183
231
169
184
232
170
185
233
171
186
234
172
187
235
173
188
236
174
189
237
175
190
238
191
239
177
240
178
241
179
242
180
243
181
244
182
245
183
246
184
247
185
248
186
249
187
250
188
251
189
252
190
253
191
254
255
193
208
256
828
194
209
257
829
195
210
258
830
196
211
259
831
197
212
260
832
198
213
261
833
199
214
262
834
200
215
263
835
201
216
264
836
202
217
265
837
203
218
266
838
204
219
267
839
205
220
268
840
206
221
269
841
207
222
270
842
223
271
209
224
272
210
225
273
211
226
274
212
227
275
213
228
276
214
229
277
215
230
278
216
231
279
217
232
280
218
233
281
219
234
282
220
235
283
221
236
284
222
237
285
223
238
286
239
287
225
240
226
241
288
227
242
289
228
243
290
229
244
291
230
245
292
231
246
293
232
247
294
233
248
295
234
249
296
235
250
297
236
251
298
237
252
299
238
253
300
239
254
301
255
302
241
242
303
243
304
244
305
245
306
246
307
247
308
248
309
249
310
250
311
251
312
252
313
253
314
254
315
255
316
317
257
272
318
892
258
273
319
893
259
274
320
894
260
275
321
895
261
276
322
896
262
277
323
897
263
278
324
898
264
279
325
899
265
280
326
900
266
281
327
901
267
282
328
902
268
283
329
903
269
284
330
904
270
285
331
905
271
286
332
906
287
333
273
334
274
288
335
275
289
336
276
290
337
277
291
338
278
292
339
279
293
340
280
294
341
281
295
342
282
296
343
283
297
344
284
298
345
285
299
346
286
300
347
287
301
348
302
349
289
303
350
290
304
351
291
305
352
292
306
353
293
307
354
294
308
355
295
309
356
296
310
357
297
311
358
298
312
359
299
313
360
300
314
361
301
315
362
302
316
363
317
364
304
365
305
366
306
367
307
368
308
369
309
370
310
371
311
372
312
373
313
374
314
375
315
376
316
377
317
378
379
319
334
380
956
320
335
381
957
321
336
382
958
322
337
383
959
323
338
384
960
324
339
385
961
325
340
386
962
326
341
387
963
327
342
388
964
328
343
389
965
329
344
390
966
330
345
391
967
331
346
392
968
332
347
393
969
333
348
394
970
349
395
335
396
336
350
397
337
351
398
338
352
399
339
353
400
340
354
401
341
355
402
342
356
403
343
357
404
344
358
405
345
359
406
346
360
407
347
361
408
348
362
409
349
363
410
364
411
351
365
413
352
366
414
353
367
415
354
368
416
355
369
417
356
370
418
357
371
419
358
372
420
359
373
421
360
374
422
361
375
423
362
376
424
363
377
425
364
378
426
379
427
366
429
367
430
368
431
369
432
370
433
371
434
372
435
373
436
374
437
375
438
376
439
377
440
378
441
379
442
443
381
396
444
1020
382
397
445
1021
383
398
446
1022
384
399
447
1023
385
400
448
1024
386
401
449
1025
387
402
450
1026
388
403
451
1027
389
404
452
1028
390
405
453
1029
391
406
454
1030
392
407
455
1031
393
408
456
1032
394
409
457
1033
395
410
458
1034
411
459
397
412
460
398
413
461
399
414
462
400
415
463
401
416
464
402
417
465
403
418
466
404
419
467
405
420
468
406
421
469
407
422
470
408
423
471
409
424
472
410
425
473
411
426
474
427
475
413
428
476
414
429
477
415
430
478
416
431
479
417
432
480
418
433
481
419
434
482
420
435
483
421
436
484
422
437
485
423
438
486
424
439
487
425
440
488
426
441
489
427
442
490
443
491
429
492
430
493
431
494
432
495
433
496
434
497
435
498
436
499
437
500
438
501
439
502
440
503
441
504
442
505
443
506
507
445
460
508
1084
446
461
509
1085
447
462
510
1086
448
463
511
1087
449
464
512
1088
450
465
513
1089
451
466
514
1090
452
467
515
1091
453
468
516
1092
454
469
517
1093
455
470
518
1094
456
471
519
1095
457
472
520
1096
458
473
521
1097
459
474
522
1098
475
523
461
476
524
462
477
525
463
478
526
464
479
527
465
480
528
466
481
529
467
482
530
468
483
531
469
484
532
470
485
533
471
486
534
472
487
535
473
488
536
474
489
537
475
490
538
491
539
477
492
540
478
493
541
479
494
542
480
495
543
481
496
544
482
497
545
483
498
546
484
499
547
485
500
548
486
501
549
487
502
550
488
503
551
489
504
552
490
505
553
491
506
554
507
555
493
556
494
557
495
558
496
559
497
560
498
561
499
562
500
563
501
564
502
565
503
566
504
567
505
568
506
569
507
570
571
509
524
572
1148
510
525
573
1149
511
526
574
1150
512
527
575
1151
513
528
576
1152
514
529
577
1153
515
530
578
1154
516
531
579
1155
517
532
580
1156
518
533
581
1157
519
534
582
1158
520
535
583
1159
521
536
584
1160
522
537
585
1161
523
538
586
1162
539
587
525
540
588
526
541
589
527
542
590
528
543
591
529
544
592
530
545
593
531
546
594
532
547
595
533
548
596
534
549
597
535
550
598
536
551
599
537
552
600
538
553
601
539
554
602
555
603
541
556
604
542
557
605
543
558
606
544
559
607
545
560
608
546
561
609
547
562
610
548
563
611
549
564
612
550
565
613
551
566
614
552
567
615
553
568
616
554
569
617
555
570
618
571
619
557
620
558
621
559
622
560
623
561
624
562
625
563
626
564
627
565
628
566
629
567
630
568
631
569
632
570
633
571
634
635
573
588
1212
574
589
1213
575
590
1214
576
591
1215
577
592
1216
578
593
1217
579
594
1218
580
595
1219
581
596
1220
582
597
1221
583
598
1222
584
599
1223
585
600
1224
586
601
1225
587
602
1226
603
589
604
590
605
591
606
592
607
593
608
594
609
595
610
596
611
597
612
598
613
599
614
600
615
601
616
602
617
603
618
619
605
620
606
621
607
622
608
623
609
624
610
625
611
626
612
627
613
628
614
629
615
630
616
631
617
632
618
633
619
634
635
621
622
623
624
625
626
627
628
629
630
631
632
633
634
635
637
700
638
651
701
639
652
702
640
653
703
641
654
704
642
655
705
643
656
706
644
657
707
645
658
708
646
659
709
647
660
710
648
661
711
649
662
712
650
663
713
714
652
715
653
664
716
654
665
717
655
666
718
656
667
719
657
668
720
658
669
721
659
670
722
660
671
723
661
672
724
662
673
725
663
674
726
727
665
728
666
675
729
667
676
730
668
677
731
669
678
732
670
679
733
671
680
734
672
681
735
673
682
736
674
683
737
738
676
739
677
684
740
678
685
741
679
686
742
680
687
743
681
688
744
682
689
745
683
690
746
747
685
748
686
691
749
687
692
750
688
693
751
689
694
752
690
695
753
754
692
755
693
696
756
694
697
757
695
698
758
759
697
760
698
699
761
762
763
701
764
702
715
765
703
716
766
704
717
767
705
718
768
706
719
769
707
720
770
708
721
771
709
722
772
710
723
773
711
724
774
712
725
775
713
726
776
714
727
777
778
716
779
717
728
780
718
729
781
719
730
782
720
731
783
721
732
784
722
733
785
723
734
786
724
735
787
725
736
788
726
737
789
727
738
790
791
729
792
730
739
793
731
740
794
732
741
795
733
742
796
734
743
797
735
744
798
736
745
799
737
746
800
738
747
801
802
740
803
741
748
804
742
749
805
743
750
806
744
751
807
745
752
808
746
753
809
747
754
810
811
749
812
750
755
813
751
756
814
752
757
815
753
758
816
754
759
817
818
756
819
757
760
820
758
761
821
759
762
822
823
761
824
762
763
825
826
827
765
828
766
779
829
767
780
830
768
781
831
769
782
832
770
783
833
771
784
834
772
785
835
773
786
836
774
787
837
775
788
838
776
789
839
777
790
840
778
791
841
842
780
843
781
792
844
782
793
845
783
794
846
784
795
847
785
796
848
786
797
849
787
798
850
788
799
851
789
800
852
790
801
853
791
802
854
855
793
856
794
803
857
795
804
858
796
805
859
797
806
860
798
807
861
799
808
862
800
809
863
801
810
864
802
811
865
866
804
867
805
812
868
806
813
869
807
814
870
808
815
871
809
816
872
810
817
873
811
818
874
875
813
876
814
819
877
815
820
878
816
821
879
817
822
880
818
823
881
882
820
883
821
824
884
822
825
885
823
826
886
887
825
888
826
827
889
890
891
829
892
830
843
893
831
844
894
832
845
895
833
846
896
834
847
897
835
848
898
836
849
899
837
850
900
838
851
901
839
852
902
840
853
903
841
854
904
842
855
905
906
844
907
845
856
908
846
857
909
847
858
910
848
859
911
849
860
912
850
861
913
851
862
914
852
863
915
853
864
916
854
865
917
855
866
918
919
857
920
858
867
921
859
868
922
860
869
923
861
870
924
862
871
925
863
872
926
864
873
927
865
874
928
866
875
929
930
868
931
869
876
932
870
877
933
871
878
934
872
879
935
873
880
936
874
881
937
875
882
938
939
877
940
878
883
941
879
884
942
880
885
943
881
886
944
882
887
945
946
884
947
885
888
948
886
889
949
887
890
950
951
889
952
890
891
953
954
955
893
956
894
907
957
895
908
958
896
909
959
897
910
960
898
911
961
899
912
962
900
913
963
901
914
964
902
915
965
903
916
966
904
917
967
905
918
968
906
919
969
970
908
971
909
920
972
910
921
973
911
922
974
912
923
975
913
924
976
914
925
977
915
926
978
916
927
979
917
928
980
918
929
981
919
930
982
983
921
984
922
931
985
923
932
986
924
933
987
925
934
988
926
935
989
927
936
990
928
937
991
929
938
992
930
939
993
994
932
995
933
940
996
934
941
997
935
942
998
936
943
999
937
944
1000
938
945
1001
939
946
1002
1003
941
1004
942
947
1005
943
948
1006
944
949
1007
945
950
1008
946
951
1009
1010
948
1011
949
952
1012
950
953
1013
951
954
1014
1015
953
1016
954
955
1017
1018
1019
957
1020
958
971
1021
959
972
1022
960
973
1023
961
974
1024
962
975
1025
963
976
1026
964
977
1027
965
978
1028
966
979
1029
967
980
1030
968
981
1031
969
982
1032
970
983
1033
1034
972
1035
973
984
1036
974
985
1037
975
986
1038
976
987
1039
977
988
1040
978
989
1041
979
990
1042
980
991
1043
981
992
1044
982
993
1045
983
994
1046
1047
985
1048
986
995
1049
987
996
1050
988
997
1051
989
998
1052
990
999
1053
991
1000
1054
992
1001
1055
993
1002
1056
994
1003
1057
1058
996
1059
997
1004
1060
998
1005
1061
999
1006
1062
1000
1007
1063
1001
1008
1064
1002
1009
1065
1003
1010
1066
1067
1005
1068
1006
1011
1069
1007
1012
1070
1008
1013
1071
1009
1014
1072
1010
1015
1073
1074
1012
1075
1013
1016
1076
1014
1017
1077
1015
1018
1078
1079
1017
1080
1018
1019
1081
1082
1083
1021
1084
1022
1035
1085
1023
1036
1086
1024
1037
1087
1025
1038
1088
1026
1039
1089
1027
1040
1090
1028
1041
1091
1029
1042
1092
1030
1043
1093
1031
1044
1094
1032
1045
1095
1033
1046
1096
1034
1047
1097
1098
1036
1099
1037
1048
1100
1038
1049
1101
1039
1050
1102
1040
1051
1103
1041
1052
1104
1042
1053
1105
1043
1054
1106
1044
1055
1107
1045
1056
1108
1046
1057
1109
1047
1058
1110
1111
1049
1112
1050
1059
1113
1051
1060
1114
1052
1061
1115
1053
1062
1116
1054
1063
1117
1055
1064
1118
1056
1065
1119
1057
1066
1120
1058
1067
1121
1122
1060
1123
1061
1068
1124
1062
1069
1125
1063
1070
1126
1064
1071
1127
1065
1072
1128
1066
1073
1129
1067
1074
1130
1131
1069
1132
1070
1075
1133
1071
1076
1134
1072
1077
1135
1073
1078
1136
1074
1079
1137
1138
1076
1139
1077
1080
1140
1078
1081
1141
1079
1082
1142
1143
1081
1144
1082
1083
1145
1146
1147
1085
1148
1086
1099
1149
1087
1100
1150
1088
1101
1151
1089
1102
1152
1090
1103
1153
1091
1104
1154
1092
1105
1155
1093
1106
1156
1094
1107
1157
1095
1108
1158
1096
1109
1159
1097
1110
1160
1098
1111
1161
1162
1100
1163
1101
1112
1164
1102
1113
1165
1103
1114
1166
1104
1115
1167
1105
1116
1168
1106
1117
1169
1107
1118
1170
1108
1119
1171
1109
1120
1172
1110
1121
1173
1111
1122
1174
1175
1113
1176
1114
1123
1177
1115
1124
1178
1116
1125
1179
1117
1126
1180
1118
1127
1181
1119
1128
1182
1120
1129
1183
1121
1130
1184
1122
1131
1185
1186
1124
1187
1125
1132
1188
1126
1133
1189
1127
1134
1190
1128
1135
1191
1129
1136
1192
1130
1137
1193
1131
1138
1194
1195
1133
1196
1134
1139
1197
1135
1140
1198
1136
1141
1199
1137
1142
1200
1138
1143
1201
1202
1140
1203
1141
1144
1204
1142
1145
1205
1143
1146
1206
1207
1145
1208
1146
1147
1209
1210
1211
1149
1212
1150
1163
1213
1151
1164
1214
1152
1165
1215
1153
1166
1216
1154
1167
1217
1155
1168
1218
1156
1169
1219
1157
1170
1220
1158
1171
1221
1159
1172
1222
1160
1173
1223
1161
1174
1224
1162
1175
1225
1226
1164
1227
1165
1176
1228
1166
1177
1229
1167
1178
1230
1168
1179
1231
1169
1180
1232
1170
1181
1233
1171
1182
1234
1172
1183
1235
1173
1184
1236
1174
1185
1237
1175
1186
1238
1239
1177
1240
1178
1187
1241
1179
1188
1242
1180
1189
1243
1181
1190
1244
1182
1191
1245
1183
1192
1246
1184
1193
1247
1185
1194
1248
1186
1195
1249
1250
1188
1251
1189
1196
1252
1190
1197
1253
1191
1198
1254
1192
1199
1255
1193
1200
1256
1194
1201
1257
1195
1202
1258
1259
1197
1260
1198
1203
1261
1199
1204
1262
1200
1205
1263
1201
1206
1264
1202
1207
1265
1266
1204
1267
1205
1208
1268
1206
1209
1269
1207
1210
1270
1271
1209
1272
1210
1211
1273
1274
1275
1213
1214
1227
1215
1228
1216
1229
1217
1230
1218
1231
1219
1232
1220
1233
1221
1234
1222
1235
1223
1236
1224
1237
1225
1238
1226
1239
1228
1229
1240
1230
1241
1231
1242
1232
1243
1233
1244
1234
1245
1235
1246
1236
1247
1237
1248
1238
1249
1239
1250
1241
1242
1251
1243
1252
1244
1253
1245
1254
1246
1255
1247
1256
1248
1257
1249
1258
1250
1259
1252
1253
1260
1254
1261
1255
1262
1256
1263
1257
1264
1258
1265
1259
1266
1261
1262
1267
1263
1268
1264
1269
1265
1270
1266
1271
1268
1269
1272
1270
1273
1271
1274
1273
1274
1275
)


// ************************************************************************* //
