/*--------------------------------*- C++ -*----------------------------------*\
| =========                 |                                                 |
| \\      /  F ield         | OpenFOAM: The Open Source CFD Toolbox           |
|  \\    /   O peration     | Version:  4.x                                   |
|   \\  /    A nd           | Web:      www.OpenFOAM.org                      |
|    \\/     M anipulation  |                                                 |
\*---------------------------------------------------------------------------*/
FoamFile
{
    version     2.0;
    format      ascii;
    class       labelList;
    location    "constant/polyMesh";
    object      pointProcAddressing;
}
// * * * * * * * * * * * * * * * * * * * * * * * * * * * * * * * * * * * * * //


1725
(
0
2
4
5
6
7
8
9
10
11
12
13
23
24
25
26
27
28
29
30
31
41
42
43
74
75
76
77
78
79
80
81
82
83
84
85
86
87
88
89
90
91
92
93
94
95
96
97
98
99
100
101
102
103
104
105
106
107
108
109
110
111
112
113
114
115
116
117
118
119
120
121
122
123
124
125
126
127
128
129
130
131
132
133
134
167
168
169
170
171
172
173
174
175
176
321
322
323
324
325
326
327
328
329
330
331
332
333
334
335
336
337
338
339
340
341
342
343
344
345
346
347
348
349
350
351
352
353
354
355
356
357
358
359
360
361
362
363
364
365
366
367
368
369
370
371
372
373
374
375
376
377
378
379
380
381
382
383
384
385
386
387
388
389
390
391
392
393
394
395
396
397
398
399
400
401
402
403
404
405
406
407
408
409
410
411
412
413
414
415
416
417
418
419
420
421
422
423
424
425
426
427
428
429
430
431
432
433
434
435
436
437
438
439
440
441
442
443
444
445
446
447
448
449
450
451
452
453
454
455
456
457
458
459
460
461
462
463
464
465
466
467
468
469
470
519
520
521
522
523
524
525
526
527
528
673
674
675
676
677
678
679
680
681
682
683
684
685
686
687
688
689
690
691
692
693
694
695
696
697
698
699
700
701
702
703
704
705
706
707
708
709
710
711
712
713
714
715
716
717
718
719
720
721
722
723
724
725
726
727
728
729
730
731
732
733
734
735
736
737
738
739
740
741
742
743
744
745
746
747
748
749
750
751
752
753
754
755
756
757
758
759
760
761
762
763
764
765
766
767
768
769
770
771
772
773
774
775
776
777
778
779
780
781
782
783
784
785
786
787
788
789
790
791
792
793
794
795
796
797
798
799
800
801
802
803
804
805
806
807
808
809
810
811
812
813
814
815
816
817
818
819
820
821
822
823
824
825
826
827
828
829
830
831
832
833
834
835
836
837
838
839
840
841
842
843
844
845
846
847
848
849
850
851
852
853
854
855
856
857
858
859
860
861
862
863
864
865
866
867
868
869
870
898
899
900
901
902
903
904
905
906
907
908
909
910
911
912
913
914
915
916
917
918
919
920
921
922
923
924
925
926
927
1333
1334
1335
1336
1337
1338
1339
1340
1341
1342
1343
1344
1345
1346
1347
1348
1349
1350
1351
1352
1353
1354
1355
1356
1357
1358
1359
1360
1361
1362
1363
1364
1365
1366
1367
1368
1369
1370
1371
1372
1373
1374
1375
1376
1377
1378
1379
1380
1381
1382
1383
1384
1385
1386
1387
1388
1389
1390
1391
1392
1393
1394
1395
1396
1397
1398
1399
1400
1401
1402
1403
1404
1405
1406
1407
1408
1409
1410
1411
1412
1413
1414
1415
1416
1417
1418
1419
1420
1421
1422
1423
1424
1425
1426
1427
1428
1429
1430
1431
1432
1433
1434
1435
1436
1437
1438
1439
1440
1441
1442
1443
1444
1445
1446
1447
1448
1449
1450
1451
1452
1453
1454
1455
1456
1457
1458
1459
1460
1461
1462
1463
1464
1465
1466
1467
1468
1469
1470
1471
1472
1473
1474
1475
1476
1477
1478
1479
1480
1481
1482
1483
1484
1485
1486
1487
1488
1489
1490
1491
1492
1493
1494
1495
1496
1497
1498
1499
1500
1501
1502
1503
1504
1505
1506
1507
1508
1509
1510
1511
1512
1513
1514
1515
1516
1517
1518
1519
1520
1521
1522
1523
1524
1525
1526
1527
1528
1529
1530
1531
1532
1533
1534
1535
1536
1537
1538
1539
1540
1541
1542
1543
1544
1545
1546
1547
1548
1549
1550
1551
1552
1553
1554
1555
1556
1557
1558
1559
1560
1561
1562
1563
1564
1565
1566
1567
1568
1569
1570
1571
1572
1573
1574
1575
1576
1577
1578
1579
1580
1581
1582
1583
1584
1585
1586
1587
1588
1589
1590
1591
1592
1593
1594
1595
1596
1597
1598
1599
1600
1601
1602
1603
1604
1605
1606
1607
1608
1609
1610
1611
1612
1613
1614
1615
1616
1617
1618
1619
1620
1621
1622
1623
1624
1625
1626
1627
1628
1629
1630
1631
1632
1633
1634
1635
1636
1637
1638
1639
1640
1641
1642
1643
1644
1645
1646
1647
1648
1649
1650
1651
1652
1653
1654
1655
1656
1657
1658
1659
1660
1661
1662
1663
1664
1665
1666
1667
1668
1669
1670
1671
1672
1673
1674
1675
1676
1677
1678
1679
1680
1681
1682
1683
1684
1685
1686
1687
1688
1689
1690
1691
1692
1693
1694
1695
1696
1697
1698
1699
1700
1701
1702
1703
1704
1705
1706
1707
1708
1709
1710
1711
1712
1713
1714
1715
1716
1717
1718
1719
1720
1721
1722
1723
1724
1725
1726
1727
1728
1729
1730
1731
1732
1733
1734
1735
1736
1737
1738
1739
1740
1741
1742
1743
1744
1745
1746
1747
1748
1749
1750
1751
1752
1753
1754
1755
1756
1757
1758
1759
1760
1761
1762
1763
1764
1765
1766
1767
1768
1769
1770
1771
1772
1773
1774
1775
1776
1777
1778
1779
1780
1781
1782
5202
5383
5398
5413
5428
5443
5458
5473
5488
5503
5518
6943
6958
6959
6973
6974
6975
6988
6989
6990
6991
7003
7004
7005
7006
7007
7018
7019
7020
7021
7022
7023
7033
7034
7035
7036
7037
7038
7039
7048
7049
7050
7051
7052
7053
7054
7055
7063
7064
7065
7066
7067
7068
7069
7070
7078
7079
7080
7081
7082
7083
7084
7093
7094
7095
7096
7097
7098
7108
7109
7110
7111
7112
7123
7124
7125
7126
7138
7139
7140
7153
7154
9193
9194
9195
9196
9197
9198
9199
9200
9201
9202
9203
9204
9205
9206
9207
9208
9209
9210
9211
9212
9213
9214
9215
9216
9217
9218
9219
9220
9221
9224
9225
9226
9227
9228
9229
9230
9231
9232
9233
9234
9235
9240
9241
9242
9243
9244
9245
9246
9247
9248
9249
9256
9257
9258
9259
9260
9261
9262
9263
9272
9273
9274
9275
9276
9277
9288
9289
9290
9291
9304
9305
9418
9419
9420
9421
9422
9423
9424
9425
9426
9427
9428
9429
9430
9431
9432
9433
9434
9435
9436
9437
9438
9439
9440
9441
9442
9443
9444
9445
9446
9449
9450
9451
9452
9453
9454
9455
9456
9457
9458
9459
9460
9465
9466
9467
9468
9469
9470
9471
9472
9473
9474
9481
9482
9483
9484
9485
9486
9487
9488
9497
9498
9499
9500
9501
9502
9513
9514
9515
9516
9529
9530
9643
9644
9645
9646
9647
9648
9649
9650
9651
9652
9653
9654
9655
9656
9657
9658
9659
9660
9661
9662
9663
9664
9665
9666
9667
9668
9669
9670
9671
9674
9675
9676
9677
9678
9679
9680
9681
9682
9683
9684
9685
9690
9691
9692
9693
9694
9695
9696
9697
9698
9699
9706
9707
9708
9709
9710
9711
9712
9713
9722
9723
9724
9725
9726
9727
9738
9739
9740
9741
9754
9755
9868
9869
9870
9871
9872
9873
9874
9875
9876
9877
9878
9879
9880
9881
9882
9883
9884
9885
9886
9887
9888
9889
9890
9891
9892
9893
9894
9895
9896
9899
9900
9901
9902
9903
9904
9905
9906
9907
9908
9909
9910
9915
9916
9917
9918
9919
9920
9921
9922
9923
9924
9931
9932
9933
9934
9935
9936
9937
9938
9947
9948
9949
9950
9951
9952
9963
9964
9965
9966
9979
9980
10093
10094
10095
10096
10097
10098
10099
10100
10101
10102
10103
10104
10105
10106
10107
10108
10109
10110
10111
10112
10113
10114
10115
10116
10117
10118
10119
10120
10121
10124
10125
10126
10127
10128
10129
10130
10131
10132
10133
10134
10135
10140
10141
10142
10143
10144
10145
10146
10147
10148
10149
10156
10157
10158
10159
10160
10161
10162
10163
10172
10173
10174
10175
10176
10177
10188
10189
10190
10191
10204
10205
10318
10319
10320
10321
10322
10323
10324
10325
10326
10327
10328
10329
10330
10331
10332
10333
10334
10335
10336
10337
10338
10339
10340
10341
10342
10343
10344
10345
10346
10349
10350
10351
10352
10353
10354
10355
10356
10357
10358
10359
10360
10365
10366
10367
10368
10369
10370
10371
10372
10373
10374
10381
10382
10383
10384
10385
10386
10387
10388
10397
10398
10399
10400
10401
10402
10413
10414
10415
10416
10429
10430
10543
10544
10545
10546
10547
10548
10549
10550
10551
10552
10553
10554
10555
10556
10557
10558
10559
10560
10561
10562
10563
10564
10565
10566
10567
10568
10569
10570
10571
10574
10575
10576
10577
10578
10579
10580
10581
10582
10583
10584
10585
10590
10591
10592
10593
10594
10595
10596
10597
10598
10599
10606
10607
10608
10609
10610
10611
10612
10613
10622
10623
10624
10625
10626
10627
10638
10639
10640
10641
10654
10655
10768
10769
10770
10771
10772
10773
10774
10775
10776
10777
10778
10779
10780
10781
10782
10783
10784
10785
10786
10787
10788
10789
10790
10791
10792
10793
10794
10795
10796
10799
10800
10801
10802
10803
10804
10805
10806
10807
10808
10809
10810
10815
10816
10817
10818
10819
10820
10821
10822
10823
10824
10831
10832
10833
10834
10835
10836
10837
10838
10847
10848
10849
10850
10851
10852
10863
10864
10865
10866
10879
10880
10993
10994
10995
10996
10997
10998
10999
11000
11001
11002
11003
11004
11005
11006
11007
11008
11009
11010
11011
11012
11013
11014
11015
11016
11017
11018
11019
11020
11021
11024
11025
11026
11027
11028
11029
11030
11031
11032
11033
11034
11035
11040
11041
11042
11043
11044
11045
11046
11047
11048
11049
11056
11057
11058
11059
11060
11061
11062
11063
11072
11073
11074
11075
11076
11077
11088
11089
11090
11091
11104
11105
11218
11219
11220
11221
11222
11223
11224
11225
11226
11227
11228
11229
11230
11231
11232
11233
11234
11235
11236
11237
11238
11239
11240
11241
11242
11243
11244
11245
11246
11249
11250
11251
11252
11253
11254
11255
11256
11257
11258
11259
11260
11265
11266
11267
11268
11269
11270
11271
11272
11273
11274
11281
11282
11283
11284
11285
11286
11287
11288
11297
11298
11299
11300
11301
11302
11313
11314
11315
11316
11329
11330
)


// ************************************************************************* //
