/*--------------------------------*- C++ -*----------------------------------*\
| =========                 |                                                 |
| \\      /  F ield         | OpenFOAM: The Open Source CFD Toolbox           |
|  \\    /   O peration     | Version:  4.x                                   |
|   \\  /    A nd           | Web:      www.OpenFOAM.org                      |
|    \\/     M anipulation  |                                                 |
\*---------------------------------------------------------------------------*/
FoamFile
{
    version     2.0;
    format      ascii;
    class       labelList;
    location    "constant/polyMesh";
    object      cellProcAddressing;
}
// * * * * * * * * * * * * * * * * * * * * * * * * * * * * * * * * * * * * * //


1268
(
0
1
2
3
4
5
6
7
8
9
10
11
12
13
14
15
16
17
18
19
20
21
22
23
24
25
26
27
28
29
30
31
32
33
34
35
36
37
38
39
40
41
42
43
44
45
46
47
48
49
50
51
52
53
54
55
56
57
58
59
60
61
62
63
64
65
66
67
68
69
70
71
72
73
74
75
76
77
78
79
80
81
82
83
84
85
86
87
88
89
90
91
92
93
94
95
96
97
98
99
100
101
102
103
104
105
106
107
108
109
110
111
112
113
114
115
116
117
118
119
120
121
122
123
124
125
126
127
128
129
130
131
132
133
134
135
136
137
138
139
140
141
142
143
144
145
146
147
148
149
150
151
152
153
154
155
156
157
158
159
160
161
162
163
164
165
166
167
168
169
170
171
172
173
174
175
176
177
178
179
180
181
182
183
184
185
186
187
188
189
190
191
192
193
194
195
196
197
198
199
200
201
202
203
204
205
206
207
208
209
210
211
212
213
214
215
216
217
218
219
220
221
222
223
224
225
226
227
228
229
230
231
232
233
234
235
236
237
238
239
240
241
242
243
244
245
246
247
248
249
250
251
252
253
254
255
256
257
258
259
260
261
262
263
264
265
266
267
268
269
270
271
272
273
274
275
276
277
278
279
280
281
282
283
284
285
286
287
288
289
290
291
292
293
294
295
296
297
298
299
300
301
302
303
304
305
306
307
308
309
310
311
312
313
314
315
316
317
318
319
320
321
322
323
324
325
326
327
328
329
330
331
332
333
334
335
336
337
338
339
340
341
342
343
344
345
346
347
348
349
350
351
352
353
354
355
356
357
358
359
360
361
362
363
364
365
366
367
368
369
370
371
372
373
374
375
376
377
378
379
380
381
382
383
384
385
386
387
388
389
390
391
392
393
394
395
396
397
398
399
400
401
402
403
404
405
406
407
408
409
410
411
412
413
414
415
416
417
418
419
420
421
422
423
424
425
426
427
428
429
430
431
432
433
434
435
436
437
438
439
440
441
442
443
444
445
446
447
448
449
450
451
452
453
454
455
456
457
458
459
460
461
462
463
464
465
466
467
468
469
470
471
472
473
474
475
476
477
478
479
480
481
482
483
484
485
486
487
488
489
490
491
492
493
494
495
496
497
498
499
500
501
502
503
504
505
506
507
508
509
510
511
512
513
514
515
516
517
518
519
520
521
522
523
524
525
526
527
528
529
530
531
532
533
534
535
536
537
538
539
540
541
542
543
544
545
546
547
548
549
550
551
552
553
554
555
556
557
558
559
560
561
562
563
564
565
566
567
568
569
570
571
572
573
574
575
576
577
578
579
580
581
582
583
584
585
586
587
588
589
590
591
592
593
594
595
596
597
598
599
600
601
602
603
604
605
606
607
608
609
610
611
612
613
614
615
616
617
618
619
620
621
622
623
624
625
626
627
628
629
630
631
632
633
634
635
636
637
638
639
5113
5114
5115
5116
5117
5118
5119
5120
5121
5122
5123
5124
5125
5126
5127
5130
5131
5132
5133
5134
5135
5136
5137
5138
5139
5140
5141
5142
5147
5148
5149
5150
5151
5152
5153
5154
5155
5156
5157
5164
5165
5166
5167
5168
5169
5170
5171
5172
5181
5182
5183
5184
5185
5186
5187
5198
5199
5200
5201
5202
5215
5216
5217
5232
5369
5370
5371
5372
5373
5374
5375
5376
5377
5378
5379
5380
5381
5382
5383
5386
5387
5388
5389
5390
5391
5392
5393
5394
5395
5396
5397
5398
5403
5404
5405
5406
5407
5408
5409
5410
5411
5412
5413
5420
5421
5422
5423
5424
5425
5426
5427
5428
5437
5438
5439
5440
5441
5442
5443
5454
5455
5456
5457
5458
5471
5472
5473
5488
5625
5626
5627
5628
5629
5630
5631
5632
5633
5634
5635
5636
5637
5638
5639
5642
5643
5644
5645
5646
5647
5648
5649
5650
5651
5652
5653
5654
5659
5660
5661
5662
5663
5664
5665
5666
5667
5668
5669
5676
5677
5678
5679
5680
5681
5682
5683
5684
5693
5694
5695
5696
5697
5698
5699
5710
5711
5712
5713
5714
5727
5728
5729
5744
5881
5882
5883
5884
5885
5886
5887
5888
5889
5890
5891
5892
5893
5894
5895
5898
5899
5900
5901
5902
5903
5904
5905
5906
5907
5908
5909
5910
5915
5916
5917
5918
5919
5920
5921
5922
5923
5924
5925
5932
5933
5934
5935
5936
5937
5938
5939
5940
5949
5950
5951
5952
5953
5954
5955
5966
5967
5968
5969
5970
5983
5984
5985
6000
6137
6138
6139
6140
6141
6142
6143
6144
6145
6146
6147
6148
6149
6150
6154
6155
6156
6157
6158
6159
6160
6161
6162
6163
6164
6165
6166
6171
6172
6173
6174
6175
6176
6177
6178
6179
6180
6181
6188
6189
6190
6191
6192
6193
6194
6195
6196
6205
6206
6207
6208
6209
6210
6211
6222
6223
6224
6225
6226
6239
6240
6241
6256
6393
6394
6395
6396
6397
6398
6399
6400
6401
6402
6403
6404
6405
6406
6410
6411
6412
6413
6414
6415
6416
6417
6418
6419
6420
6421
6427
6428
6429
6430
6431
6432
6433
6434
6435
6436
6437
6444
6445
6446
6447
6448
6449
6450
6451
6452
6461
6462
6463
6464
6465
6466
6467
6478
6479
6480
6481
6482
6495
6496
6497
6512
6649
6650
6651
6652
6653
6654
6655
6656
6657
6658
6659
6660
6661
6662
6666
6667
6668
6669
6670
6671
6672
6673
6674
6675
6676
6677
6683
6684
6685
6686
6687
6688
6689
6690
6691
6692
6700
6701
6702
6703
6704
6705
6706
6707
6717
6718
6719
6720
6721
6722
6723
6734
6735
6736
6737
6738
6751
6752
6753
6768
6904
6905
6906
6907
6908
6909
6910
6911
6912
6913
6914
6915
6916
6917
6918
6921
6922
6923
6924
6925
6926
6927
6928
6929
6930
6931
6932
6933
6939
6940
6941
6942
6943
6944
6945
6946
6947
6948
6956
6957
6958
6959
6960
6961
6962
6963
6973
6974
6975
6976
6977
6978
6990
6991
6992
6993
6994
7007
7008
7009
7024
7160
7161
7162
7163
7164
7165
7166
7167
7168
7169
7170
7171
7172
7173
7174
7177
7178
7179
7180
7181
7182
7183
7184
7185
7186
7187
7188
7189
7194
7195
7196
7197
7198
7199
7200
7201
7202
7203
7204
7211
7212
7213
7214
7215
7216
7217
7218
7219
7229
7230
7231
7232
7233
7234
7246
7247
7248
7249
7263
7264
7265
7280
7416
7417
7418
7419
7420
7421
7422
7423
7424
7425
7426
7427
7428
7429
7430
7433
7434
7435
7436
7437
7438
7439
7440
7441
7442
7443
7444
7445
7450
7451
7452
7453
7454
7455
7456
7457
7458
7459
7460
7467
7468
7469
7470
7471
7472
7473
7474
7475
7484
7485
7486
7487
7488
7489
7490
7501
7502
7503
7504
7505
7518
7519
7520
7536
)


// ************************************************************************* //
