/*--------------------------------*- C++ -*----------------------------------*\
| =========                 |                                                 |
| \\      /  F ield         | OpenFOAM: The Open Source CFD Toolbox           |
|  \\    /   O peration     | Version:  4.x                                   |
|   \\  /    A nd           | Web:      www.OpenFOAM.org                      |
|    \\/     M anipulation  |                                                 |
\*---------------------------------------------------------------------------*/
FoamFile
{
    version     2.0;
    format      ascii;
    class       faceList;
    location    "constant/polyMesh";
    object      faces;
}
// * * * * * * * * * * * * * * * * * * * * * * * * * * * * * * * * * * * * * //


4219
(
4(72 250 485 111)
4(22 25 485 250)
4(11 111 485 25)
4(73 251 486 110)
4(250 485 486 251)
4(111 110 486 485)
4(72 73 110 111)
4(74 252 487 109)
4(251 486 487 252)
4(110 109 487 486)
4(73 74 109 110)
4(75 253 488 108)
4(252 487 488 253)
4(109 108 488 487)
4(74 75 108 109)
4(76 254 489 107)
4(253 488 489 254)
4(108 107 489 488)
4(75 76 107 108)
4(77 255 490 106)
4(254 489 490 255)
4(107 106 490 489)
4(76 77 106 107)
4(78 256 491 105)
4(255 490 491 256)
4(106 105 491 490)
4(77 78 105 106)
4(79 257 492 104)
4(256 491 492 257)
4(105 104 492 491)
4(78 79 104 105)
4(80 258 493 103)
4(257 492 493 258)
4(104 103 493 492)
4(79 80 103 104)
4(81 259 494 102)
4(258 493 494 259)
4(103 102 494 493)
4(80 81 102 103)
4(82 260 495 101)
4(259 494 495 260)
4(102 101 495 494)
4(81 82 101 102)
4(83 261 496 100)
4(260 495 496 261)
4(101 100 496 495)
4(82 83 100 101)
4(84 262 497 99)
4(261 496 497 262)
4(100 99 497 496)
4(83 84 99 100)
4(85 263 498 98)
4(262 497 498 263)
4(99 98 498 497)
4(84 85 98 99)
4(86 264 499 97)
4(263 498 499 264)
4(98 97 499 498)
4(85 86 97 98)
4(264 499 455 249)
4(97 96 455 499)
4(86 71 96 97)
4(250 265 500 485)
4(23 26 500 265)
4(25 485 500 26)
4(251 266 501 486)
4(265 500 501 266)
4(485 486 501 500)
4(252 267 502 487)
4(266 501 502 267)
4(486 487 502 501)
4(253 268 503 488)
4(267 502 503 268)
4(487 488 503 502)
4(254 269 504 489)
4(268 503 504 269)
4(488 489 504 503)
4(255 270 505 490)
4(269 504 505 270)
4(489 490 505 504)
4(256 271 506 491)
4(270 505 506 271)
4(490 491 506 505)
4(257 272 507 492)
4(271 506 507 272)
4(491 492 507 506)
4(258 273 508 493)
4(272 507 508 273)
4(492 493 508 507)
4(259 274 509 494)
4(273 508 509 274)
4(493 494 509 508)
4(260 275 510 495)
4(274 509 510 275)
4(494 495 510 509)
4(261 276 511 496)
4(275 510 511 276)
4(495 496 511 510)
4(262 277 512 497)
4(276 511 512 277)
4(496 497 512 511)
4(263 278 513 498)
4(277 512 513 278)
4(497 498 513 512)
4(264 279 514 499)
4(278 513 514 279)
4(498 499 514 513)
4(279 514 456 248)
4(499 455 456 514)
4(265 280 515 500)
4(24 27 515 280)
4(26 500 515 27)
4(266 281 516 501)
4(280 515 516 281)
4(500 501 516 515)
4(267 282 517 502)
4(281 516 517 282)
4(501 502 517 516)
4(268 283 518 503)
4(282 517 518 283)
4(502 503 518 517)
4(269 284 519 504)
4(283 518 519 284)
4(503 504 519 518)
4(270 285 520 505)
4(284 519 520 285)
4(504 505 520 519)
4(271 286 521 506)
4(285 520 521 286)
4(505 506 521 520)
4(272 287 522 507)
4(286 521 522 287)
4(506 507 522 521)
4(273 288 523 508)
4(287 522 523 288)
4(507 508 523 522)
4(274 289 524 509)
4(288 523 524 289)
4(508 509 524 523)
4(275 290 525 510)
4(289 524 525 290)
4(509 510 525 524)
4(276 291 526 511)
4(290 525 526 291)
4(510 511 526 525)
4(277 292 527 512)
4(291 526 527 292)
4(511 512 527 526)
4(278 293 528 513)
4(292 527 528 293)
4(512 513 528 527)
4(279 294 529 514)
4(293 528 529 294)
4(513 514 529 528)
4(294 529 457 247)
4(514 456 457 529)
4(280 56 305 515)
4(27 515 305 21)
4(281 57 306 516)
4(515 516 306 305)
4(282 58 307 517)
4(516 517 307 306)
4(283 59 308 518)
4(517 518 308 307)
4(284 60 309 519)
4(518 519 309 308)
4(285 61 310 520)
4(519 520 310 309)
4(286 62 311 521)
4(520 521 311 310)
4(287 63 312 522)
4(521 522 312 311)
4(288 64 313 523)
4(522 523 313 312)
4(289 65 314 524)
4(523 524 314 313)
4(290 66 315 525)
4(524 525 315 314)
4(291 67 316 526)
4(525 526 316 315)
4(292 68 317 527)
4(526 527 317 316)
4(293 69 318 528)
4(527 528 318 317)
4(294 70 319 529)
4(528 529 319 318)
4(529 457 304 319)
4(111 485 530 126)
4(25 28 530 485)
4(10 126 530 28)
4(110 486 531 125)
4(485 530 531 486)
4(126 125 531 530)
4(111 110 125 126)
4(109 487 532 124)
4(486 531 532 487)
4(125 124 532 531)
4(110 109 124 125)
4(108 488 533 123)
4(487 532 533 488)
4(124 123 533 532)
4(109 108 123 124)
4(107 489 534 122)
4(488 533 534 489)
4(123 122 534 533)
4(108 107 122 123)
4(106 490 535 121)
4(489 534 535 490)
4(122 121 535 534)
4(107 106 121 122)
4(105 491 536 120)
4(490 535 536 491)
4(121 120 536 535)
4(106 105 120 121)
4(104 492 537 119)
4(491 536 537 492)
4(120 119 537 536)
4(105 104 119 120)
4(103 493 538 118)
4(492 537 538 493)
4(119 118 538 537)
4(104 103 118 119)
4(102 494 539 117)
4(493 538 539 494)
4(118 117 539 538)
4(103 102 117 118)
4(101 495 540 116)
4(494 539 540 495)
4(117 116 540 539)
4(102 101 116 117)
4(100 496 541 115)
4(495 540 541 496)
4(116 115 541 540)
4(101 100 115 116)
4(99 497 542 114)
4(496 541 542 497)
4(115 114 542 541)
4(100 99 114 115)
4(98 498 543 113)
4(497 542 543 498)
4(114 113 543 542)
4(99 98 113 114)
4(97 499 544 112)
4(498 543 544 499)
4(113 112 544 543)
4(98 97 112 113)
4(499 544 458 455)
4(112 95 458 544)
4(97 96 95 112)
4(485 500 545 530)
4(26 29 545 500)
4(28 530 545 29)
4(486 501 546 531)
4(500 545 546 501)
4(530 531 546 545)
4(487 502 547 532)
4(501 546 547 502)
4(531 532 547 546)
4(488 503 548 533)
4(502 547 548 503)
4(532 533 548 547)
4(489 504 549 534)
4(503 548 549 504)
4(533 534 549 548)
4(490 505 550 535)
4(504 549 550 505)
4(534 535 550 549)
4(491 506 551 536)
4(505 550 551 506)
4(535 536 551 550)
4(492 507 552 537)
4(506 551 552 507)
4(536 537 552 551)
4(493 508 553 538)
4(507 552 553 508)
4(537 538 553 552)
4(494 509 554 539)
4(508 553 554 509)
4(538 539 554 553)
4(495 510 555 540)
4(509 554 555 510)
4(539 540 555 554)
4(496 511 556 541)
4(510 555 556 511)
4(540 541 556 555)
4(497 512 557 542)
4(511 556 557 512)
4(541 542 557 556)
4(498 513 558 543)
4(512 557 558 513)
4(542 543 558 557)
4(499 514 559 544)
4(513 558 559 514)
4(543 544 559 558)
4(514 559 459 456)
4(544 458 459 559)
4(500 515 560 545)
4(27 30 560 515)
4(29 545 560 30)
4(501 516 561 546)
4(515 560 561 516)
4(545 546 561 560)
4(502 517 562 547)
4(516 561 562 517)
4(546 547 562 561)
4(503 518 563 548)
4(517 562 563 518)
4(547 548 563 562)
4(504 519 564 549)
4(518 563 564 519)
4(548 549 564 563)
4(505 520 565 550)
4(519 564 565 520)
4(549 550 565 564)
4(506 521 566 551)
4(520 565 566 521)
4(550 551 566 565)
4(507 522 567 552)
4(521 566 567 522)
4(551 552 567 566)
4(508 523 568 553)
4(522 567 568 523)
4(552 553 568 567)
4(509 524 569 554)
4(523 568 569 524)
4(553 554 569 568)
4(510 525 570 555)
4(524 569 570 525)
4(554 555 570 569)
4(511 526 571 556)
4(525 570 571 526)
4(555 556 571 570)
4(512 527 572 557)
4(526 571 572 527)
4(556 557 572 571)
4(513 528 573 558)
4(527 572 573 528)
4(557 558 573 572)
4(514 529 574 559)
4(528 573 574 529)
4(558 559 574 573)
4(529 574 460 457)
4(559 459 460 574)
4(515 305 320 560)
4(30 560 320 20)
4(516 306 321 561)
4(560 561 321 320)
4(517 307 322 562)
4(561 562 322 321)
4(518 308 323 563)
4(562 563 323 322)
4(519 309 324 564)
4(563 564 324 323)
4(520 310 325 565)
4(564 565 325 324)
4(521 311 326 566)
4(565 566 326 325)
4(522 312 327 567)
4(566 567 327 326)
4(523 313 328 568)
4(567 568 328 327)
4(524 314 329 569)
4(568 569 329 328)
4(525 315 330 570)
4(569 570 330 329)
4(526 316 331 571)
4(570 571 331 330)
4(527 317 332 572)
4(571 572 332 331)
4(528 318 333 573)
4(572 573 333 332)
4(529 319 334 574)
4(573 574 334 333)
4(574 460 303 334)
4(126 530 575 141)
4(28 31 575 530)
4(9 141 575 31)
4(125 531 576 140)
4(530 575 576 531)
4(141 140 576 575)
4(126 125 140 141)
4(124 532 577 139)
4(531 576 577 532)
4(140 139 577 576)
4(125 124 139 140)
4(123 533 578 138)
4(532 577 578 533)
4(139 138 578 577)
4(124 123 138 139)
4(122 534 579 137)
4(533 578 579 534)
4(138 137 579 578)
4(123 122 137 138)
4(121 535 580 136)
4(534 579 580 535)
4(137 136 580 579)
4(122 121 136 137)
4(120 536 581 135)
4(535 580 581 536)
4(136 135 581 580)
4(121 120 135 136)
4(119 537 582 134)
4(536 581 582 537)
4(135 134 582 581)
4(120 119 134 135)
4(118 538 583 133)
4(537 582 583 538)
4(134 133 583 582)
4(119 118 133 134)
4(117 539 584 132)
4(538 583 584 539)
4(133 132 584 583)
4(118 117 132 133)
4(116 540 585 131)
4(539 584 585 540)
4(132 131 585 584)
4(117 116 131 132)
4(115 541 586 130)
4(540 585 586 541)
4(131 130 586 585)
4(116 115 130 131)
4(114 542 587 129)
4(541 586 587 542)
4(130 129 587 586)
4(115 114 129 130)
4(113 543 588 128)
4(542 587 588 543)
4(129 128 588 587)
4(114 113 128 129)
4(112 544 589 127)
4(543 588 589 544)
4(128 127 589 588)
4(113 112 127 128)
4(544 589 461 458)
4(127 94 461 589)
4(112 95 94 127)
4(530 545 590 575)
4(29 32 590 545)
4(31 575 590 32)
4(531 546 591 576)
4(545 590 591 546)
4(575 576 591 590)
4(532 547 592 577)
4(546 591 592 547)
4(576 577 592 591)
4(533 548 593 578)
4(547 592 593 548)
4(577 578 593 592)
4(534 549 594 579)
4(548 593 594 549)
4(578 579 594 593)
4(535 550 595 580)
4(549 594 595 550)
4(579 580 595 594)
4(536 551 596 581)
4(550 595 596 551)
4(580 581 596 595)
4(537 552 597 582)
4(551 596 597 552)
4(581 582 597 596)
4(538 553 598 583)
4(552 597 598 553)
4(582 583 598 597)
4(539 554 599 584)
4(553 598 599 554)
4(583 584 599 598)
4(540 555 600 585)
4(554 599 600 555)
4(584 585 600 599)
4(541 556 601 586)
4(555 600 601 556)
4(585 586 601 600)
4(542 557 602 587)
4(556 601 602 557)
4(586 587 602 601)
4(543 558 603 588)
4(557 602 603 558)
4(587 588 603 602)
4(544 559 604 589)
4(558 603 604 559)
4(588 589 604 603)
4(559 604 462 459)
4(589 461 462 604)
4(545 560 605 590)
4(30 33 605 560)
4(32 590 605 33)
4(546 561 606 591)
4(560 605 606 561)
4(590 591 606 605)
4(547 562 607 592)
4(561 606 607 562)
4(591 592 607 606)
4(548 563 608 593)
4(562 607 608 563)
4(592 593 608 607)
4(549 564 609 594)
4(563 608 609 564)
4(593 594 609 608)
4(550 565 610 595)
4(564 609 610 565)
4(594 595 610 609)
4(551 566 611 596)
4(565 610 611 566)
4(595 596 611 610)
4(552 567 612 597)
4(566 611 612 567)
4(596 597 612 611)
4(553 568 613 598)
4(567 612 613 568)
4(597 598 613 612)
4(554 569 614 599)
4(568 613 614 569)
4(598 599 614 613)
4(555 570 615 600)
4(569 614 615 570)
4(599 600 615 614)
4(556 571 616 601)
4(570 615 616 571)
4(600 601 616 615)
4(557 572 617 602)
4(571 616 617 572)
4(601 602 617 616)
4(558 573 618 603)
4(572 617 618 573)
4(602 603 618 617)
4(559 574 619 604)
4(573 618 619 574)
4(603 604 619 618)
4(574 619 463 460)
4(604 462 463 619)
4(560 320 335 605)
4(33 605 335 19)
4(561 321 336 606)
4(605 606 336 335)
4(562 322 337 607)
4(606 607 337 336)
4(563 323 338 608)
4(607 608 338 337)
4(564 324 339 609)
4(608 609 339 338)
4(565 325 340 610)
4(609 610 340 339)
4(566 326 341 611)
4(610 611 341 340)
4(567 327 342 612)
4(611 612 342 341)
4(568 328 343 613)
4(612 613 343 342)
4(569 329 344 614)
4(613 614 344 343)
4(570 330 345 615)
4(614 615 345 344)
4(571 331 346 616)
4(615 616 346 345)
4(572 332 347 617)
4(616 617 347 346)
4(573 333 348 618)
4(617 618 348 347)
4(574 334 349 619)
4(618 619 349 348)
4(619 463 302 349)
4(141 575 620 156)
4(31 34 620 575)
4(8 156 620 34)
4(140 576 621 155)
4(575 620 621 576)
4(156 155 621 620)
4(141 140 155 156)
4(139 577 622 154)
4(576 621 622 577)
4(155 154 622 621)
4(140 139 154 155)
4(138 578 623 153)
4(577 622 623 578)
4(154 153 623 622)
4(139 138 153 154)
4(137 579 624 152)
4(578 623 624 579)
4(153 152 624 623)
4(138 137 152 153)
4(136 580 625 151)
4(579 624 625 580)
4(152 151 625 624)
4(137 136 151 152)
4(135 581 626 150)
4(580 625 626 581)
4(151 150 626 625)
4(136 135 150 151)
4(134 582 627 149)
4(581 626 627 582)
4(150 149 627 626)
4(135 134 149 150)
4(133 583 628 148)
4(582 627 628 583)
4(149 148 628 627)
4(134 133 148 149)
4(132 584 629 147)
4(583 628 629 584)
4(148 147 629 628)
4(133 132 147 148)
4(131 585 630 146)
4(584 629 630 585)
4(147 146 630 629)
4(132 131 146 147)
4(130 586 631 145)
4(585 630 631 586)
4(146 145 631 630)
4(131 130 145 146)
4(129 587 632 144)
4(586 631 632 587)
4(145 144 632 631)
4(130 129 144 145)
4(128 588 633 143)
4(587 632 633 588)
4(144 143 633 632)
4(129 128 143 144)
4(127 589 634 142)
4(588 633 634 589)
4(143 142 634 633)
4(128 127 142 143)
4(589 634 464 461)
4(142 93 464 634)
4(127 94 93 142)
4(575 590 635 620)
4(32 35 635 590)
4(34 620 635 35)
4(576 591 636 621)
4(590 635 636 591)
4(620 621 636 635)
4(577 592 637 622)
4(591 636 637 592)
4(621 622 637 636)
4(578 593 638 623)
4(592 637 638 593)
4(622 623 638 637)
4(579 594 639 624)
4(593 638 639 594)
4(623 624 639 638)
4(580 595 640 625)
4(594 639 640 595)
4(624 625 640 639)
4(581 596 641 626)
4(595 640 641 596)
4(625 626 641 640)
4(582 597 642 627)
4(596 641 642 597)
4(626 627 642 641)
4(583 598 643 628)
4(597 642 643 598)
4(627 628 643 642)
4(584 599 644 629)
4(598 643 644 599)
4(628 629 644 643)
4(585 600 645 630)
4(599 644 645 600)
4(629 630 645 644)
4(586 601 646 631)
4(600 645 646 601)
4(630 631 646 645)
4(587 602 647 632)
4(601 646 647 602)
4(631 632 647 646)
4(588 603 648 633)
4(602 647 648 603)
4(632 633 648 647)
4(589 604 649 634)
4(603 648 649 604)
4(633 634 649 648)
4(604 649 465 462)
4(634 464 465 649)
4(590 605 650 635)
4(33 36 650 605)
4(35 635 650 36)
4(591 606 651 636)
4(605 650 651 606)
4(635 636 651 650)
4(592 607 652 637)
4(606 651 652 607)
4(636 637 652 651)
4(593 608 653 638)
4(607 652 653 608)
4(637 638 653 652)
4(594 609 654 639)
4(608 653 654 609)
4(638 639 654 653)
4(595 610 655 640)
4(609 654 655 610)
4(639 640 655 654)
4(596 611 656 641)
4(610 655 656 611)
4(640 641 656 655)
4(597 612 657 642)
4(611 656 657 612)
4(641 642 657 656)
4(598 613 658 643)
4(612 657 658 613)
4(642 643 658 657)
4(599 614 659 644)
4(613 658 659 614)
4(643 644 659 658)
4(600 615 660 645)
4(614 659 660 615)
4(644 645 660 659)
4(601 616 661 646)
4(615 660 661 616)
4(645 646 661 660)
4(602 617 662 647)
4(616 661 662 617)
4(646 647 662 661)
4(603 618 663 648)
4(617 662 663 618)
4(647 648 663 662)
4(604 619 664 649)
4(618 663 664 619)
4(648 649 664 663)
4(619 664 466 463)
4(649 465 466 664)
4(605 335 350 650)
4(36 650 350 18)
4(606 336 351 651)
4(650 651 351 350)
4(607 337 352 652)
4(651 652 352 351)
4(608 338 353 653)
4(652 653 353 352)
4(609 339 354 654)
4(653 654 354 353)
4(610 340 355 655)
4(654 655 355 354)
4(611 341 356 656)
4(655 656 356 355)
4(612 342 357 657)
4(656 657 357 356)
4(613 343 358 658)
4(657 658 358 357)
4(614 344 359 659)
4(658 659 359 358)
4(615 345 360 660)
4(659 660 360 359)
4(616 346 361 661)
4(660 661 361 360)
4(617 347 362 662)
4(661 662 362 361)
4(618 348 363 663)
4(662 663 363 362)
4(619 349 364 664)
4(663 664 364 363)
4(664 466 301 364)
4(156 620 665 171)
4(34 37 665 620)
4(7 171 665 37)
4(155 621 666 170)
4(620 665 666 621)
4(171 170 666 665)
4(156 155 170 171)
4(154 622 667 169)
4(621 666 667 622)
4(170 169 667 666)
4(155 154 169 170)
4(153 623 668 168)
4(622 667 668 623)
4(169 168 668 667)
4(154 153 168 169)
4(152 624 669 167)
4(623 668 669 624)
4(168 167 669 668)
4(153 152 167 168)
4(151 625 670 166)
4(624 669 670 625)
4(167 166 670 669)
4(152 151 166 167)
4(150 626 671 165)
4(625 670 671 626)
4(166 165 671 670)
4(151 150 165 166)
4(149 627 672 164)
4(626 671 672 627)
4(165 164 672 671)
4(150 149 164 165)
4(148 628 673 163)
4(627 672 673 628)
4(164 163 673 672)
4(149 148 163 164)
4(147 629 674 162)
4(628 673 674 629)
4(163 162 674 673)
4(148 147 162 163)
4(146 630 675 161)
4(629 674 675 630)
4(162 161 675 674)
4(147 146 161 162)
4(145 631 676 160)
4(630 675 676 631)
4(161 160 676 675)
4(146 145 160 161)
4(144 632 677 159)
4(631 676 677 632)
4(160 159 677 676)
4(145 144 159 160)
4(143 633 678 158)
4(632 677 678 633)
4(159 158 678 677)
4(144 143 158 159)
4(142 634 679 157)
4(633 678 679 634)
4(158 157 679 678)
4(143 142 157 158)
4(634 679 467 464)
4(157 92 467 679)
4(620 635 680 665)
4(35 38 680 635)
4(37 665 680 38)
4(621 636 681 666)
4(635 680 681 636)
4(665 666 681 680)
4(622 637 682 667)
4(636 681 682 637)
4(666 667 682 681)
4(623 638 683 668)
4(637 682 683 638)
4(667 668 683 682)
4(624 639 684 669)
4(638 683 684 639)
4(668 669 684 683)
4(625 640 685 670)
4(639 684 685 640)
4(669 670 685 684)
4(626 641 686 671)
4(640 685 686 641)
4(670 671 686 685)
4(627 642 687 672)
4(641 686 687 642)
4(671 672 687 686)
4(628 643 688 673)
4(642 687 688 643)
4(672 673 688 687)
4(629 644 689 674)
4(643 688 689 644)
4(673 674 689 688)
4(630 645 690 675)
4(644 689 690 645)
4(674 675 690 689)
4(631 646 691 676)
4(645 690 691 646)
4(675 676 691 690)
4(632 647 692 677)
4(646 691 692 647)
4(676 677 692 691)
4(633 648 693 678)
4(647 692 693 648)
4(677 678 693 692)
4(634 649 694 679)
4(648 693 694 649)
4(678 679 694 693)
4(649 694 468 465)
4(679 467 468 694)
4(635 650 695 680)
4(36 39 695 650)
4(38 680 695 39)
4(636 651 696 681)
4(650 695 696 651)
4(680 681 696 695)
4(637 652 697 682)
4(651 696 697 652)
4(681 682 697 696)
4(638 653 698 683)
4(652 697 698 653)
4(682 683 698 697)
4(639 654 699 684)
4(653 698 699 654)
4(683 684 699 698)
4(640 655 700 685)
4(654 699 700 655)
4(684 685 700 699)
4(641 656 701 686)
4(655 700 701 656)
4(685 686 701 700)
4(642 657 702 687)
4(656 701 702 657)
4(686 687 702 701)
4(643 658 703 688)
4(657 702 703 658)
4(687 688 703 702)
4(644 659 704 689)
4(658 703 704 659)
4(688 689 704 703)
4(645 660 705 690)
4(659 704 705 660)
4(689 690 705 704)
4(646 661 706 691)
4(660 705 706 661)
4(690 691 706 705)
4(647 662 707 692)
4(661 706 707 662)
4(691 692 707 706)
4(648 663 708 693)
4(662 707 708 663)
4(692 693 708 707)
4(649 664 709 694)
4(663 708 709 664)
4(693 694 709 708)
4(664 709 469 466)
4(694 468 469 709)
4(650 350 365 695)
4(39 695 365 17)
4(651 351 366 696)
4(695 696 366 365)
4(652 352 367 697)
4(696 697 367 366)
4(653 353 368 698)
4(697 698 368 367)
4(654 354 369 699)
4(698 699 369 368)
4(655 355 370 700)
4(699 700 370 369)
4(656 356 371 701)
4(700 701 371 370)
4(657 357 372 702)
4(701 702 372 371)
4(658 358 373 703)
4(702 703 373 372)
4(659 359 374 704)
4(703 704 374 373)
4(660 360 375 705)
4(704 705 375 374)
4(661 361 376 706)
4(705 706 376 375)
4(662 362 377 707)
4(706 707 377 376)
4(663 363 378 708)
4(707 708 378 377)
4(664 364 379 709)
4(708 709 379 378)
4(709 469 300 379)
4(171 665 710 186)
4(37 40 710 665)
4(6 186 710 40)
4(170 666 711 185)
4(665 710 711 666)
4(186 185 711 710)
4(171 170 185 186)
4(169 667 712 184)
4(666 711 712 667)
4(185 184 712 711)
4(170 169 184 185)
4(168 668 713 183)
4(667 712 713 668)
4(184 183 713 712)
4(169 168 183 184)
4(167 669 714 182)
4(668 713 714 669)
4(183 182 714 713)
4(168 167 182 183)
4(166 670 715 181)
4(669 714 715 670)
4(182 181 715 714)
4(167 166 181 182)
4(165 671 716 180)
4(670 715 716 671)
4(181 180 716 715)
4(166 165 180 181)
4(164 672 717 179)
4(671 716 717 672)
4(180 179 717 716)
4(165 164 179 180)
4(163 673 718 178)
4(672 717 718 673)
4(179 178 718 717)
4(164 163 178 179)
4(162 674 719 177)
4(673 718 719 674)
4(178 177 719 718)
4(163 162 177 178)
4(161 675 720 176)
4(674 719 720 675)
4(177 176 720 719)
4(162 161 176 177)
4(160 676 721 175)
4(675 720 721 676)
4(176 175 721 720)
4(161 160 175 176)
4(159 677 722 174)
4(676 721 722 677)
4(175 174 722 721)
4(160 159 174 175)
4(158 678 723 173)
4(677 722 723 678)
4(174 173 723 722)
4(159 158 173 174)
4(157 679 724 172)
4(678 723 724 679)
4(173 172 724 723)
4(158 157 172 173)
4(679 724 470 467)
4(172 91 470 724)
4(665 680 725 710)
4(38 41 725 680)
4(40 710 725 41)
4(666 681 726 711)
4(680 725 726 681)
4(710 711 726 725)
4(667 682 727 712)
4(681 726 727 682)
4(711 712 727 726)
4(668 683 728 713)
4(682 727 728 683)
4(712 713 728 727)
4(669 684 729 714)
4(683 728 729 684)
4(713 714 729 728)
4(670 685 730 715)
4(684 729 730 685)
4(714 715 730 729)
4(671 686 731 716)
4(685 730 731 686)
4(715 716 731 730)
4(672 687 732 717)
4(686 731 732 687)
4(716 717 732 731)
4(673 688 733 718)
4(687 732 733 688)
4(717 718 733 732)
4(674 689 734 719)
4(688 733 734 689)
4(718 719 734 733)
4(675 690 735 720)
4(689 734 735 690)
4(719 720 735 734)
4(676 691 736 721)
4(690 735 736 691)
4(720 721 736 735)
4(677 692 737 722)
4(691 736 737 692)
4(721 722 737 736)
4(678 693 738 723)
4(692 737 738 693)
4(722 723 738 737)
4(679 694 739 724)
4(693 738 739 694)
4(723 724 739 738)
4(694 739 471 468)
4(724 470 471 739)
4(680 695 740 725)
4(39 42 740 695)
4(41 725 740 42)
4(681 696 741 726)
4(695 740 741 696)
4(725 726 741 740)
4(682 697 742 727)
4(696 741 742 697)
4(726 727 742 741)
4(683 698 743 728)
4(697 742 743 698)
4(727 728 743 742)
4(684 699 744 729)
4(698 743 744 699)
4(728 729 744 743)
4(685 700 745 730)
4(699 744 745 700)
4(729 730 745 744)
4(686 701 746 731)
4(700 745 746 701)
4(730 731 746 745)
4(687 702 747 732)
4(701 746 747 702)
4(731 732 747 746)
4(688 703 748 733)
4(702 747 748 703)
4(732 733 748 747)
4(689 704 749 734)
4(703 748 749 704)
4(733 734 749 748)
4(690 705 750 735)
4(704 749 750 705)
4(734 735 750 749)
4(691 706 751 736)
4(705 750 751 706)
4(735 736 751 750)
4(692 707 752 737)
4(706 751 752 707)
4(736 737 752 751)
4(693 708 753 738)
4(707 752 753 708)
4(737 738 753 752)
4(694 709 754 739)
4(708 753 754 709)
4(738 739 754 753)
4(709 754 472 469)
4(739 471 472 754)
4(695 365 380 740)
4(42 740 380 16)
4(696 366 381 741)
4(740 741 381 380)
4(697 367 382 742)
4(741 742 382 381)
4(698 368 383 743)
4(742 743 383 382)
4(699 369 384 744)
4(743 744 384 383)
4(700 370 385 745)
4(744 745 385 384)
4(701 371 386 746)
4(745 746 386 385)
4(702 372 387 747)
4(746 747 387 386)
4(703 373 388 748)
4(747 748 388 387)
4(704 374 389 749)
4(748 749 389 388)
4(705 375 390 750)
4(749 750 390 389)
4(706 376 391 751)
4(750 751 391 390)
4(707 377 392 752)
4(751 752 392 391)
4(708 378 393 753)
4(752 753 393 392)
4(709 379 394 754)
4(753 754 394 393)
4(754 472 299 394)
4(186 710 755 201)
4(40 43 755 710)
4(5 201 755 43)
4(185 711 756 200)
4(710 755 756 711)
4(201 200 756 755)
4(186 185 200 201)
4(184 712 757 199)
4(711 756 757 712)
4(200 199 757 756)
4(185 184 199 200)
4(183 713 758 198)
4(712 757 758 713)
4(199 198 758 757)
4(184 183 198 199)
4(182 714 759 197)
4(713 758 759 714)
4(198 197 759 758)
4(183 182 197 198)
4(181 715 760 196)
4(714 759 760 715)
4(197 196 760 759)
4(182 181 196 197)
4(180 716 761 195)
4(715 760 761 716)
4(196 195 761 760)
4(181 180 195 196)
4(179 717 762 194)
4(716 761 762 717)
4(195 194 762 761)
4(180 179 194 195)
4(178 718 763 193)
4(717 762 763 718)
4(194 193 763 762)
4(179 178 193 194)
4(177 719 764 192)
4(718 763 764 719)
4(193 192 764 763)
4(178 177 192 193)
4(176 720 765 191)
4(719 764 765 720)
4(192 191 765 764)
4(177 176 191 192)
4(175 721 766 190)
4(720 765 766 721)
4(191 190 766 765)
4(176 175 190 191)
4(174 722 767 189)
4(721 766 767 722)
4(190 189 767 766)
4(175 174 189 190)
4(173 723 768 188)
4(722 767 768 723)
4(189 188 768 767)
4(174 173 188 189)
4(172 724 769 187)
4(723 768 769 724)
4(188 187 769 768)
4(173 172 187 188)
4(724 769 473 470)
4(187 90 473 769)
4(710 725 770 755)
4(41 44 770 725)
4(43 755 770 44)
4(711 726 771 756)
4(725 770 771 726)
4(755 756 771 770)
4(712 727 772 757)
4(726 771 772 727)
4(756 757 772 771)
4(713 728 773 758)
4(727 772 773 728)
4(757 758 773 772)
4(714 729 774 759)
4(728 773 774 729)
4(758 759 774 773)
4(715 730 775 760)
4(729 774 775 730)
4(759 760 775 774)
4(716 731 776 761)
4(730 775 776 731)
4(760 761 776 775)
4(717 732 777 762)
4(731 776 777 732)
4(761 762 777 776)
4(718 733 778 763)
4(732 777 778 733)
4(762 763 778 777)
4(719 734 779 764)
4(733 778 779 734)
4(763 764 779 778)
4(720 735 780 765)
4(734 779 780 735)
4(764 765 780 779)
4(721 736 781 766)
4(735 780 781 736)
4(765 766 781 780)
4(722 737 782 767)
4(736 781 782 737)
4(766 767 782 781)
4(723 738 783 768)
4(737 782 783 738)
4(767 768 783 782)
4(724 739 784 769)
4(738 783 784 739)
4(768 769 784 783)
4(739 784 474 471)
4(769 473 474 784)
4(725 740 785 770)
4(42 45 785 740)
4(44 770 785 45)
4(726 741 786 771)
4(740 785 786 741)
4(770 771 786 785)
4(727 742 787 772)
4(741 786 787 742)
4(771 772 787 786)
4(728 743 788 773)
4(742 787 788 743)
4(772 773 788 787)
4(729 744 789 774)
4(743 788 789 744)
4(773 774 789 788)
4(730 745 790 775)
4(744 789 790 745)
4(774 775 790 789)
4(731 746 791 776)
4(745 790 791 746)
4(775 776 791 790)
4(732 747 792 777)
4(746 791 792 747)
4(776 777 792 791)
4(733 748 793 778)
4(747 792 793 748)
4(777 778 793 792)
4(734 749 794 779)
4(748 793 794 749)
4(778 779 794 793)
4(735 750 795 780)
4(749 794 795 750)
4(779 780 795 794)
4(736 751 796 781)
4(750 795 796 751)
4(780 781 796 795)
4(737 752 797 782)
4(751 796 797 752)
4(781 782 797 796)
4(738 753 798 783)
4(752 797 798 753)
4(782 783 798 797)
4(739 754 799 784)
4(753 798 799 754)
4(783 784 799 798)
4(754 799 475 472)
4(784 474 475 799)
4(740 380 395 785)
4(45 785 395 15)
4(741 381 396 786)
4(785 786 396 395)
4(742 382 397 787)
4(786 787 397 396)
4(743 383 398 788)
4(787 788 398 397)
4(744 384 399 789)
4(788 789 399 398)
4(745 385 400 790)
4(789 790 400 399)
4(746 386 401 791)
4(790 791 401 400)
4(747 387 402 792)
4(791 792 402 401)
4(748 388 403 793)
4(792 793 403 402)
4(749 389 404 794)
4(793 794 404 403)
4(750 390 405 795)
4(794 795 405 404)
4(751 391 406 796)
4(795 796 406 405)
4(752 392 407 797)
4(796 797 407 406)
4(753 393 408 798)
4(797 798 408 407)
4(754 394 409 799)
4(798 799 409 408)
4(799 475 298 409)
4(201 755 800 216)
4(43 46 800 755)
4(4 216 800 46)
4(5 201 216 4)
4(200 756 801 215)
4(755 800 801 756)
4(216 215 801 800)
4(201 200 215 216)
4(199 757 802 214)
4(756 801 802 757)
4(215 214 802 801)
4(200 199 214 215)
4(198 758 803 213)
4(757 802 803 758)
4(214 213 803 802)
4(199 198 213 214)
4(197 759 804 212)
4(758 803 804 759)
4(213 212 804 803)
4(198 197 212 213)
4(196 760 805 211)
4(759 804 805 760)
4(212 211 805 804)
4(197 196 211 212)
4(195 761 806 210)
4(760 805 806 761)
4(211 210 806 805)
4(196 195 210 211)
4(194 762 807 209)
4(761 806 807 762)
4(210 209 807 806)
4(195 194 209 210)
4(193 763 808 208)
4(762 807 808 763)
4(209 208 808 807)
4(194 193 208 209)
4(192 764 809 207)
4(763 808 809 764)
4(208 207 809 808)
4(193 192 207 208)
4(191 765 810 206)
4(764 809 810 765)
4(207 206 810 809)
4(192 191 206 207)
4(190 766 811 205)
4(765 810 811 766)
4(206 205 811 810)
4(191 190 205 206)
4(189 767 812 204)
4(766 811 812 767)
4(205 204 812 811)
4(190 189 204 205)
4(188 768 813 203)
4(767 812 813 768)
4(204 203 813 812)
4(189 188 203 204)
4(187 769 814 202)
4(768 813 814 769)
4(203 202 814 813)
4(188 187 202 203)
4(769 814 476 473)
4(202 89 476 814)
4(755 770 815 800)
4(44 47 815 770)
4(46 800 815 47)
4(756 771 816 801)
4(770 815 816 771)
4(800 801 816 815)
4(757 772 817 802)
4(771 816 817 772)
4(801 802 817 816)
4(758 773 818 803)
4(772 817 818 773)
4(802 803 818 817)
4(759 774 819 804)
4(773 818 819 774)
4(803 804 819 818)
4(760 775 820 805)
4(774 819 820 775)
4(804 805 820 819)
4(761 776 821 806)
4(775 820 821 776)
4(805 806 821 820)
4(762 777 822 807)
4(776 821 822 777)
4(806 807 822 821)
4(763 778 823 808)
4(777 822 823 778)
4(807 808 823 822)
4(764 779 824 809)
4(778 823 824 779)
4(808 809 824 823)
4(765 780 825 810)
4(779 824 825 780)
4(809 810 825 824)
4(766 781 826 811)
4(780 825 826 781)
4(810 811 826 825)
4(767 782 827 812)
4(781 826 827 782)
4(811 812 827 826)
4(768 783 828 813)
4(782 827 828 783)
4(812 813 828 827)
4(769 784 829 814)
4(783 828 829 784)
4(813 814 829 828)
4(784 829 477 474)
4(814 476 477 829)
4(770 785 830 815)
4(45 48 830 785)
4(47 815 830 48)
4(771 786 831 816)
4(785 830 831 786)
4(815 816 831 830)
4(772 787 832 817)
4(786 831 832 787)
4(816 817 832 831)
4(773 788 833 818)
4(787 832 833 788)
4(817 818 833 832)
4(774 789 834 819)
4(788 833 834 789)
4(818 819 834 833)
4(775 790 835 820)
4(789 834 835 790)
4(819 820 835 834)
4(776 791 836 821)
4(790 835 836 791)
4(820 821 836 835)
4(777 792 837 822)
4(791 836 837 792)
4(821 822 837 836)
4(778 793 838 823)
4(792 837 838 793)
4(822 823 838 837)
4(779 794 839 824)
4(793 838 839 794)
4(823 824 839 838)
4(780 795 840 825)
4(794 839 840 795)
4(824 825 840 839)
4(781 796 841 826)
4(795 840 841 796)
4(825 826 841 840)
4(782 797 842 827)
4(796 841 842 797)
4(826 827 842 841)
4(783 798 843 828)
4(797 842 843 798)
4(827 828 843 842)
4(784 799 844 829)
4(798 843 844 799)
4(828 829 844 843)
4(799 844 478 475)
4(829 477 478 844)
4(785 395 410 830)
4(48 830 410 14)
4(786 396 411 831)
4(830 831 411 410)
4(787 397 412 832)
4(831 832 412 411)
4(788 398 413 833)
4(832 833 413 412)
4(789 399 414 834)
4(833 834 414 413)
4(790 400 415 835)
4(834 835 415 414)
4(791 401 416 836)
4(835 836 416 415)
4(792 402 417 837)
4(836 837 417 416)
4(793 403 418 838)
4(837 838 418 417)
4(794 404 419 839)
4(838 839 419 418)
4(795 405 420 840)
4(839 840 420 419)
4(796 406 421 841)
4(840 841 421 420)
4(797 407 422 842)
4(841 842 422 421)
4(798 408 423 843)
4(842 843 423 422)
4(799 409 424 844)
4(843 844 424 423)
4(844 478 297 424)
4(216 800 845 231)
4(46 49 845 800)
4(3 231 845 49)
4(4 216 231 3)
4(215 801 846 230)
4(800 845 846 801)
4(231 230 846 845)
4(216 215 230 231)
4(214 802 847 229)
4(801 846 847 802)
4(230 229 847 846)
4(215 214 229 230)
4(213 803 848 228)
4(802 847 848 803)
4(229 228 848 847)
4(214 213 228 229)
4(212 804 849 227)
4(803 848 849 804)
4(228 227 849 848)
4(213 212 227 228)
4(211 805 850 226)
4(804 849 850 805)
4(227 226 850 849)
4(212 211 226 227)
4(210 806 851 225)
4(805 850 851 806)
4(226 225 851 850)
4(211 210 225 226)
4(209 807 852 224)
4(806 851 852 807)
4(225 224 852 851)
4(210 209 224 225)
4(208 808 853 223)
4(807 852 853 808)
4(224 223 853 852)
4(209 208 223 224)
4(207 809 854 222)
4(808 853 854 809)
4(223 222 854 853)
4(208 207 222 223)
4(206 810 855 221)
4(809 854 855 810)
4(222 221 855 854)
4(207 206 221 222)
4(205 811 856 220)
4(810 855 856 811)
4(221 220 856 855)
4(206 205 220 221)
4(204 812 857 219)
4(811 856 857 812)
4(220 219 857 856)
4(205 204 219 220)
4(203 813 858 218)
4(812 857 858 813)
4(219 218 858 857)
4(204 203 218 219)
4(202 814 859 217)
4(813 858 859 814)
4(218 217 859 858)
4(203 202 217 218)
4(814 859 479 476)
4(217 88 479 859)
4(800 815 860 845)
4(47 50 860 815)
4(49 845 860 50)
4(801 816 861 846)
4(815 860 861 816)
4(845 846 861 860)
4(802 817 862 847)
4(816 861 862 817)
4(846 847 862 861)
4(803 818 863 848)
4(817 862 863 818)
4(847 848 863 862)
4(804 819 864 849)
4(818 863 864 819)
4(848 849 864 863)
4(805 820 865 850)
4(819 864 865 820)
4(849 850 865 864)
4(806 821 866 851)
4(820 865 866 821)
4(850 851 866 865)
4(807 822 867 852)
4(821 866 867 822)
4(851 852 867 866)
4(808 823 868 853)
4(822 867 868 823)
4(852 853 868 867)
4(809 824 869 854)
4(823 868 869 824)
4(853 854 869 868)
4(810 825 870 855)
4(824 869 870 825)
4(854 855 870 869)
4(811 826 871 856)
4(825 870 871 826)
4(855 856 871 870)
4(812 827 872 857)
4(826 871 872 827)
4(856 857 872 871)
4(813 828 873 858)
4(827 872 873 828)
4(857 858 873 872)
4(814 829 874 859)
4(828 873 874 829)
4(858 859 874 873)
4(829 874 480 477)
4(859 479 480 874)
4(815 830 875 860)
4(48 51 875 830)
4(50 860 875 51)
4(816 831 876 861)
4(830 875 876 831)
4(860 861 876 875)
4(817 832 877 862)
4(831 876 877 832)
4(861 862 877 876)
4(818 833 878 863)
4(832 877 878 833)
4(862 863 878 877)
4(819 834 879 864)
4(833 878 879 834)
4(863 864 879 878)
4(820 835 880 865)
4(834 879 880 835)
4(864 865 880 879)
4(821 836 881 866)
4(835 880 881 836)
4(865 866 881 880)
4(822 837 882 867)
4(836 881 882 837)
4(866 867 882 881)
4(823 838 883 868)
4(837 882 883 838)
4(867 868 883 882)
4(824 839 884 869)
4(838 883 884 839)
4(868 869 884 883)
4(825 840 885 870)
4(839 884 885 840)
4(869 870 885 884)
4(826 841 886 871)
4(840 885 886 841)
4(870 871 886 885)
4(827 842 887 872)
4(841 886 887 842)
4(871 872 887 886)
4(828 843 888 873)
4(842 887 888 843)
4(872 873 888 887)
4(829 844 889 874)
4(843 888 889 844)
4(873 874 889 888)
4(844 889 481 478)
4(874 480 481 889)
4(830 410 425 875)
4(51 875 425 13)
4(831 411 426 876)
4(875 876 426 425)
4(832 412 427 877)
4(876 877 427 426)
4(833 413 428 878)
4(877 878 428 427)
4(834 414 429 879)
4(878 879 429 428)
4(835 415 430 880)
4(879 880 430 429)
4(836 416 431 881)
4(880 881 431 430)
4(837 417 432 882)
4(881 882 432 431)
4(838 418 433 883)
4(882 883 433 432)
4(839 419 434 884)
4(883 884 434 433)
4(840 420 435 885)
4(884 885 435 434)
4(841 421 436 886)
4(885 886 436 435)
4(842 422 437 887)
4(886 887 437 436)
4(843 423 438 888)
4(887 888 438 437)
4(844 424 439 889)
4(888 889 439 438)
4(889 481 296 439)
4(231 845 890 246)
4(49 52 890 845)
4(3 231 246 2)
4(230 846 891 245)
4(845 890 891 846)
4(231 230 245 246)
4(229 847 892 244)
4(846 891 892 847)
4(230 229 244 245)
4(228 848 893 243)
4(847 892 893 848)
4(229 228 243 244)
4(227 849 894 242)
4(848 893 894 849)
4(228 227 242 243)
4(226 850 895 241)
4(849 894 895 850)
4(227 226 241 242)
4(225 851 896 240)
4(850 895 896 851)
4(226 225 240 241)
4(224 852 897 239)
4(851 896 897 852)
4(225 224 239 240)
4(223 853 898 238)
4(852 897 898 853)
4(224 223 238 239)
4(222 854 899 237)
4(853 898 899 854)
4(223 222 237 238)
4(221 855 900 236)
4(854 899 900 855)
4(222 221 236 237)
4(220 856 901 235)
4(855 900 901 856)
4(221 220 235 236)
4(219 857 902 234)
4(856 901 902 857)
4(220 219 234 235)
4(218 858 903 233)
4(857 902 903 858)
4(219 218 233 234)
4(217 859 904 232)
4(858 903 904 859)
4(218 217 232 233)
4(859 904 482 479)
4(845 860 905 890)
4(50 53 905 860)
4(846 861 906 891)
4(860 905 906 861)
4(847 862 907 892)
4(861 906 907 862)
4(848 863 908 893)
4(862 907 908 863)
4(849 864 909 894)
4(863 908 909 864)
4(850 865 910 895)
4(864 909 910 865)
4(851 866 911 896)
4(865 910 911 866)
4(852 867 912 897)
4(866 911 912 867)
4(853 868 913 898)
4(867 912 913 868)
4(854 869 914 899)
4(868 913 914 869)
4(855 870 915 900)
4(869 914 915 870)
4(856 871 916 901)
4(870 915 916 871)
4(857 872 917 902)
4(871 916 917 872)
4(858 873 918 903)
4(872 917 918 873)
4(859 874 919 904)
4(873 918 919 874)
4(874 919 483 480)
4(860 875 920 905)
4(51 54 920 875)
4(861 876 921 906)
4(875 920 921 876)
4(862 877 922 907)
4(876 921 922 877)
4(863 878 923 908)
4(877 922 923 878)
4(864 879 924 909)
4(878 923 924 879)
4(865 880 925 910)
4(879 924 925 880)
4(866 881 926 911)
4(880 925 926 881)
4(867 882 927 912)
4(881 926 927 882)
4(868 883 928 913)
4(882 927 928 883)
4(869 884 929 914)
4(883 928 929 884)
4(870 885 930 915)
4(884 929 930 885)
4(871 886 931 916)
4(885 930 931 886)
4(872 887 932 917)
4(886 931 932 887)
4(873 888 933 918)
4(887 932 933 888)
4(874 889 934 919)
4(888 933 934 889)
4(889 934 484 481)
4(875 425 440 920)
4(876 426 441 921)
4(877 427 442 922)
4(878 428 443 923)
4(879 429 444 924)
4(880 430 445 925)
4(881 431 446 926)
4(882 432 447 927)
4(883 433 448 928)
4(884 434 449 929)
4(885 435 450 930)
4(886 436 451 931)
4(887 437 452 932)
4(888 438 453 933)
4(889 439 454 934)
4(73 110 1016 945)
4(111 1015 1016 110)
4(74 109 1017 947)
4(945 947 1017 1016)
4(110 1016 1017 109)
4(75 108 1018 950)
4(947 950 1018 1017)
4(109 1017 1018 108)
4(76 107 1019 954)
4(950 954 1019 1018)
4(108 1018 1019 107)
4(77 106 1020 959)
4(954 959 1020 1019)
4(107 1019 1020 106)
4(78 105 1021 965)
4(959 965 1021 1020)
4(106 1020 1021 105)
4(79 104 1022 972)
4(965 972 1022 1021)
4(105 1021 1022 104)
4(80 103 1023 980)
4(972 980 1023 1022)
4(104 1022 1023 103)
4(81 102 1024 988)
4(980 988 1024 1023)
4(103 1023 1024 102)
4(82 101 1025 995)
4(988 995 1025 1024)
4(102 1024 1025 101)
4(83 100 1026 1001)
4(995 1001 1026 1025)
4(101 1025 1026 100)
4(84 99 1027 1006)
4(1001 1006 1027 1026)
4(100 1026 1027 99)
4(85 98 1028 1010)
4(1006 1010 1028 1027)
4(99 1027 1028 98)
4(86 97 1029 1013)
4(1010 1013 1029 1028)
4(98 1028 1029 97)
4(97 1029 936 96)
4(947 1017 1031 948)
4(1016 1030 1031 1017)
4(950 1018 1032 951)
4(948 951 1032 1031)
4(1017 1031 1032 1018)
4(954 1019 1033 955)
4(951 955 1033 1032)
4(1018 1032 1033 1019)
4(959 1020 1034 960)
4(955 960 1034 1033)
4(1019 1033 1034 1020)
4(965 1021 1035 966)
4(960 966 1035 1034)
4(1020 1034 1035 1021)
4(972 1022 1036 973)
4(966 973 1036 1035)
4(1021 1035 1036 1022)
4(980 1023 1037 981)
4(973 981 1037 1036)
4(1022 1036 1037 1023)
4(988 1024 1038 989)
4(981 989 1038 1037)
4(1023 1037 1038 1024)
4(995 1025 1039 996)
4(989 996 1039 1038)
4(1024 1038 1039 1025)
4(1001 1026 1040 1002)
4(996 1002 1040 1039)
4(1025 1039 1040 1026)
4(1006 1027 1041 1007)
4(1002 1007 1041 1040)
4(1026 1040 1041 1027)
4(1010 1028 1042 1011)
4(1007 1011 1042 1041)
4(1027 1041 1042 1028)
4(1028 1042 1043 1029)
4(951 1032 1045 952)
4(1031 1044 1045 1032)
4(955 1033 1046 956)
4(952 956 1046 1045)
4(1032 1045 1046 1033)
4(960 1034 1047 961)
4(956 961 1047 1046)
4(1033 1046 1047 1034)
4(966 1035 1048 967)
4(961 967 1048 1047)
4(1034 1047 1048 1035)
4(973 1036 1049 974)
4(967 974 1049 1048)
4(1035 1048 1049 1036)
4(981 1037 1050 982)
4(974 982 1050 1049)
4(1036 1049 1050 1037)
4(989 1038 1051 990)
4(982 990 1051 1050)
4(1037 1050 1051 1038)
4(996 1039 1052 997)
4(990 997 1052 1051)
4(1038 1051 1052 1039)
4(1002 1040 1053 1003)
4(997 1003 1053 1052)
4(1039 1052 1053 1040)
4(1007 1041 1054 1008)
4(1003 1008 1054 1053)
4(1040 1053 1054 1041)
4(1041 1054 1055 1042)
4(956 1046 1057 957)
4(1045 1056 1057 1046)
4(961 1047 1058 962)
4(957 962 1058 1057)
4(1046 1057 1058 1047)
4(967 1048 1059 968)
4(962 968 1059 1058)
4(1047 1058 1059 1048)
4(974 1049 1060 975)
4(968 975 1060 1059)
4(1048 1059 1060 1049)
4(982 1050 1061 983)
4(975 983 1061 1060)
4(1049 1060 1061 1050)
4(990 1051 1062 991)
4(983 991 1062 1061)
4(1050 1061 1062 1051)
4(997 1052 1063 998)
4(991 998 1063 1062)
4(1051 1062 1063 1052)
4(1003 1053 1064 1004)
4(998 1004 1064 1063)
4(1052 1063 1064 1053)
4(1053 1064 1065 1054)
4(962 1058 1067 963)
4(1057 1066 1067 1058)
4(968 1059 1068 969)
4(963 969 1068 1067)
4(1058 1067 1068 1059)
4(975 1060 1069 976)
4(969 976 1069 1068)
4(1059 1068 1069 1060)
4(983 1061 1070 984)
4(976 984 1070 1069)
4(1060 1069 1070 1061)
4(991 1062 1071 992)
4(984 992 1071 1070)
4(1061 1070 1071 1062)
4(998 1063 1072 999)
4(992 999 1072 1071)
4(1062 1071 1072 1063)
4(1063 1072 1073 1064)
4(969 1068 1075 970)
4(1067 1074 1075 1068)
4(976 1069 1076 977)
4(970 977 1076 1075)
4(1068 1075 1076 1069)
4(984 1070 1077 985)
4(977 985 1077 1076)
4(1069 1076 1077 1070)
4(992 1071 1078 993)
4(985 993 1078 1077)
4(1070 1077 1078 1071)
4(1071 1078 1079 1072)
4(977 1076 1081 978)
4(1075 1080 1081 1076)
4(985 1077 1082 986)
4(978 986 1082 1081)
4(1076 1081 1082 1077)
4(1077 1082 1083 1078)
4(1081 1084 1085 1082)
4(110 125 1087 1016)
4(126 1086 1087 125)
4(109 124 1088 1017)
4(1016 1017 1088 1087)
4(125 1087 1088 124)
4(108 123 1089 1018)
4(1017 1018 1089 1088)
4(124 1088 1089 123)
4(107 122 1090 1019)
4(1018 1019 1090 1089)
4(123 1089 1090 122)
4(106 121 1091 1020)
4(1019 1020 1091 1090)
4(122 1090 1091 121)
4(105 120 1092 1021)
4(1020 1021 1092 1091)
4(121 1091 1092 120)
4(104 119 1093 1022)
4(1021 1022 1093 1092)
4(120 1092 1093 119)
4(103 118 1094 1023)
4(1022 1023 1094 1093)
4(119 1093 1094 118)
4(102 117 1095 1024)
4(1023 1024 1095 1094)
4(118 1094 1095 117)
4(101 116 1096 1025)
4(1024 1025 1096 1095)
4(117 1095 1096 116)
4(100 115 1097 1026)
4(1025 1026 1097 1096)
4(116 1096 1097 115)
4(99 114 1098 1027)
4(1026 1027 1098 1097)
4(115 1097 1098 114)
4(98 113 1099 1028)
4(1027 1028 1099 1098)
4(114 1098 1099 113)
4(97 112 1100 1029)
4(1028 1029 1100 1099)
4(113 1099 1100 112)
4(112 1100 937 95)
4(1017 1088 1102 1031)
4(1087 1101 1102 1088)
4(1018 1089 1103 1032)
4(1031 1032 1103 1102)
4(1088 1102 1103 1089)
4(1019 1090 1104 1033)
4(1032 1033 1104 1103)
4(1089 1103 1104 1090)
4(1020 1091 1105 1034)
4(1033 1034 1105 1104)
4(1090 1104 1105 1091)
4(1021 1092 1106 1035)
4(1034 1035 1106 1105)
4(1091 1105 1106 1092)
4(1022 1093 1107 1036)
4(1035 1036 1107 1106)
4(1092 1106 1107 1093)
4(1023 1094 1108 1037)
4(1036 1037 1108 1107)
4(1093 1107 1108 1094)
4(1024 1095 1109 1038)
4(1037 1038 1109 1108)
4(1094 1108 1109 1095)
4(1025 1096 1110 1039)
4(1038 1039 1110 1109)
4(1095 1109 1110 1096)
4(1026 1097 1111 1040)
4(1039 1040 1111 1110)
4(1096 1110 1111 1097)
4(1027 1098 1112 1041)
4(1040 1041 1112 1111)
4(1097 1111 1112 1098)
4(1028 1099 1113 1042)
4(1041 1042 1113 1112)
4(1098 1112 1113 1099)
4(1099 1113 1114 1100)
4(1032 1103 1116 1045)
4(1102 1115 1116 1103)
4(1033 1104 1117 1046)
4(1045 1046 1117 1116)
4(1103 1116 1117 1104)
4(1034 1105 1118 1047)
4(1046 1047 1118 1117)
4(1104 1117 1118 1105)
4(1035 1106 1119 1048)
4(1047 1048 1119 1118)
4(1105 1118 1119 1106)
4(1036 1107 1120 1049)
4(1048 1049 1120 1119)
4(1106 1119 1120 1107)
4(1037 1108 1121 1050)
4(1049 1050 1121 1120)
4(1107 1120 1121 1108)
4(1038 1109 1122 1051)
4(1050 1051 1122 1121)
4(1108 1121 1122 1109)
4(1039 1110 1123 1052)
4(1051 1052 1123 1122)
4(1109 1122 1123 1110)
4(1040 1111 1124 1053)
4(1052 1053 1124 1123)
4(1110 1123 1124 1111)
4(1041 1112 1125 1054)
4(1053 1054 1125 1124)
4(1111 1124 1125 1112)
4(1112 1125 1126 1113)
4(1046 1117 1128 1057)
4(1116 1127 1128 1117)
4(1047 1118 1129 1058)
4(1057 1058 1129 1128)
4(1117 1128 1129 1118)
4(1048 1119 1130 1059)
4(1058 1059 1130 1129)
4(1118 1129 1130 1119)
4(1049 1120 1131 1060)
4(1059 1060 1131 1130)
4(1119 1130 1131 1120)
4(1050 1121 1132 1061)
4(1060 1061 1132 1131)
4(1120 1131 1132 1121)
4(1051 1122 1133 1062)
4(1061 1062 1133 1132)
4(1121 1132 1133 1122)
4(1052 1123 1134 1063)
4(1062 1063 1134 1133)
4(1122 1133 1134 1123)
4(1053 1124 1135 1064)
4(1063 1064 1135 1134)
4(1123 1134 1135 1124)
4(1124 1135 1136 1125)
4(1058 1129 1138 1067)
4(1128 1137 1138 1129)
4(1059 1130 1139 1068)
4(1067 1068 1139 1138)
4(1129 1138 1139 1130)
4(1060 1131 1140 1069)
4(1068 1069 1140 1139)
4(1130 1139 1140 1131)
4(1061 1132 1141 1070)
4(1069 1070 1141 1140)
4(1131 1140 1141 1132)
4(1062 1133 1142 1071)
4(1070 1071 1142 1141)
4(1132 1141 1142 1133)
4(1063 1134 1143 1072)
4(1071 1072 1143 1142)
4(1133 1142 1143 1134)
4(1134 1143 1144 1135)
4(1068 1139 1146 1075)
4(1138 1145 1146 1139)
4(1069 1140 1147 1076)
4(1075 1076 1147 1146)
4(1139 1146 1147 1140)
4(1070 1141 1148 1077)
4(1076 1077 1148 1147)
4(1140 1147 1148 1141)
4(1071 1142 1149 1078)
4(1077 1078 1149 1148)
4(1141 1148 1149 1142)
4(1142 1149 1150 1143)
4(1076 1147 1152 1081)
4(1146 1151 1152 1147)
4(1077 1148 1153 1082)
4(1081 1082 1153 1152)
4(1147 1152 1153 1148)
4(1148 1153 1154 1149)
4(1152 1155 1156 1153)
4(125 140 1158 1087)
4(141 1157 1158 140)
4(124 139 1159 1088)
4(1087 1088 1159 1158)
4(140 1158 1159 139)
4(123 138 1160 1089)
4(1088 1089 1160 1159)
4(139 1159 1160 138)
4(122 137 1161 1090)
4(1089 1090 1161 1160)
4(138 1160 1161 137)
4(121 136 1162 1091)
4(1090 1091 1162 1161)
4(137 1161 1162 136)
4(120 135 1163 1092)
4(1091 1092 1163 1162)
4(136 1162 1163 135)
4(119 134 1164 1093)
4(1092 1093 1164 1163)
4(135 1163 1164 134)
4(118 133 1165 1094)
4(1093 1094 1165 1164)
4(134 1164 1165 133)
4(117 132 1166 1095)
4(1094 1095 1166 1165)
4(133 1165 1166 132)
4(116 131 1167 1096)
4(1095 1096 1167 1166)
4(132 1166 1167 131)
4(115 130 1168 1097)
4(1096 1097 1168 1167)
4(131 1167 1168 130)
4(114 129 1169 1098)
4(1097 1098 1169 1168)
4(130 1168 1169 129)
4(113 128 1170 1099)
4(1098 1099 1170 1169)
4(129 1169 1170 128)
4(112 127 1171 1100)
4(1099 1100 1171 1170)
4(128 1170 1171 127)
4(127 1171 938 94)
4(1088 1159 1173 1102)
4(1158 1172 1173 1159)
4(1089 1160 1174 1103)
4(1102 1103 1174 1173)
4(1159 1173 1174 1160)
4(1090 1161 1175 1104)
4(1103 1104 1175 1174)
4(1160 1174 1175 1161)
4(1091 1162 1176 1105)
4(1104 1105 1176 1175)
4(1161 1175 1176 1162)
4(1092 1163 1177 1106)
4(1105 1106 1177 1176)
4(1162 1176 1177 1163)
4(1093 1164 1178 1107)
4(1106 1107 1178 1177)
4(1163 1177 1178 1164)
4(1094 1165 1179 1108)
4(1107 1108 1179 1178)
4(1164 1178 1179 1165)
4(1095 1166 1180 1109)
4(1108 1109 1180 1179)
4(1165 1179 1180 1166)
4(1096 1167 1181 1110)
4(1109 1110 1181 1180)
4(1166 1180 1181 1167)
4(1097 1168 1182 1111)
4(1110 1111 1182 1181)
4(1167 1181 1182 1168)
4(1098 1169 1183 1112)
4(1111 1112 1183 1182)
4(1168 1182 1183 1169)
4(1099 1170 1184 1113)
4(1112 1113 1184 1183)
4(1169 1183 1184 1170)
4(1170 1184 1185 1171)
4(1103 1174 1187 1116)
4(1173 1186 1187 1174)
4(1104 1175 1188 1117)
4(1116 1117 1188 1187)
4(1174 1187 1188 1175)
4(1105 1176 1189 1118)
4(1117 1118 1189 1188)
4(1175 1188 1189 1176)
4(1106 1177 1190 1119)
4(1118 1119 1190 1189)
4(1176 1189 1190 1177)
4(1107 1178 1191 1120)
4(1119 1120 1191 1190)
4(1177 1190 1191 1178)
4(1108 1179 1192 1121)
4(1120 1121 1192 1191)
4(1178 1191 1192 1179)
4(1109 1180 1193 1122)
4(1121 1122 1193 1192)
4(1179 1192 1193 1180)
4(1110 1181 1194 1123)
4(1122 1123 1194 1193)
4(1180 1193 1194 1181)
4(1111 1182 1195 1124)
4(1123 1124 1195 1194)
4(1181 1194 1195 1182)
4(1112 1183 1196 1125)
4(1124 1125 1196 1195)
4(1182 1195 1196 1183)
4(1183 1196 1197 1184)
4(1117 1188 1199 1128)
4(1187 1198 1199 1188)
4(1118 1189 1200 1129)
4(1128 1129 1200 1199)
4(1188 1199 1200 1189)
4(1119 1190 1201 1130)
4(1129 1130 1201 1200)
4(1189 1200 1201 1190)
4(1120 1191 1202 1131)
4(1130 1131 1202 1201)
4(1190 1201 1202 1191)
4(1121 1192 1203 1132)
4(1131 1132 1203 1202)
4(1191 1202 1203 1192)
4(1122 1193 1204 1133)
4(1132 1133 1204 1203)
4(1192 1203 1204 1193)
4(1123 1194 1205 1134)
4(1133 1134 1205 1204)
4(1193 1204 1205 1194)
4(1124 1195 1206 1135)
4(1134 1135 1206 1205)
4(1194 1205 1206 1195)
4(1195 1206 1207 1196)
4(1129 1200 1209 1138)
4(1199 1208 1209 1200)
4(1130 1201 1210 1139)
4(1138 1139 1210 1209)
4(1200 1209 1210 1201)
4(1131 1202 1211 1140)
4(1139 1140 1211 1210)
4(1201 1210 1211 1202)
4(1132 1203 1212 1141)
4(1140 1141 1212 1211)
4(1202 1211 1212 1203)
4(1133 1204 1213 1142)
4(1141 1142 1213 1212)
4(1203 1212 1213 1204)
4(1134 1205 1214 1143)
4(1142 1143 1214 1213)
4(1204 1213 1214 1205)
4(1205 1214 1215 1206)
4(1139 1210 1217 1146)
4(1209 1216 1217 1210)
4(1140 1211 1218 1147)
4(1146 1147 1218 1217)
4(1210 1217 1218 1211)
4(1141 1212 1219 1148)
4(1147 1148 1219 1218)
4(1211 1218 1219 1212)
4(1142 1213 1220 1149)
4(1148 1149 1220 1219)
4(1212 1219 1220 1213)
4(1213 1220 1221 1214)
4(1147 1218 1223 1152)
4(1217 1222 1223 1218)
4(1148 1219 1224 1153)
4(1152 1153 1224 1223)
4(1218 1223 1224 1219)
4(1219 1224 1225 1220)
4(1223 1226 1227 1224)
4(140 155 1229 1158)
4(156 1228 1229 155)
4(139 154 1230 1159)
4(1158 1159 1230 1229)
4(155 1229 1230 154)
4(138 153 1231 1160)
4(1159 1160 1231 1230)
4(154 1230 1231 153)
4(137 152 1232 1161)
4(1160 1161 1232 1231)
4(153 1231 1232 152)
4(136 151 1233 1162)
4(1161 1162 1233 1232)
4(152 1232 1233 151)
4(135 150 1234 1163)
4(1162 1163 1234 1233)
4(151 1233 1234 150)
4(134 149 1235 1164)
4(1163 1164 1235 1234)
4(150 1234 1235 149)
4(133 148 1236 1165)
4(1164 1165 1236 1235)
4(149 1235 1236 148)
4(132 147 1237 1166)
4(1165 1166 1237 1236)
4(148 1236 1237 147)
4(131 146 1238 1167)
4(1166 1167 1238 1237)
4(147 1237 1238 146)
4(130 145 1239 1168)
4(1167 1168 1239 1238)
4(146 1238 1239 145)
4(129 144 1240 1169)
4(1168 1169 1240 1239)
4(145 1239 1240 144)
4(128 143 1241 1170)
4(1169 1170 1241 1240)
4(144 1240 1241 143)
4(127 142 1242 1171)
4(1170 1171 1242 1241)
4(143 1241 1242 142)
4(1159 1230 1244 1173)
4(1229 1243 1244 1230)
4(1160 1231 1245 1174)
4(1173 1174 1245 1244)
4(1230 1244 1245 1231)
4(1161 1232 1246 1175)
4(1174 1175 1246 1245)
4(1231 1245 1246 1232)
4(1162 1233 1247 1176)
4(1175 1176 1247 1246)
4(1232 1246 1247 1233)
4(1163 1234 1248 1177)
4(1176 1177 1248 1247)
4(1233 1247 1248 1234)
4(1164 1235 1249 1178)
4(1177 1178 1249 1248)
4(1234 1248 1249 1235)
4(1165 1236 1250 1179)
4(1178 1179 1250 1249)
4(1235 1249 1250 1236)
4(1166 1237 1251 1180)
4(1179 1180 1251 1250)
4(1236 1250 1251 1237)
4(1167 1238 1252 1181)
4(1180 1181 1252 1251)
4(1237 1251 1252 1238)
4(1168 1239 1253 1182)
4(1181 1182 1253 1252)
4(1238 1252 1253 1239)
4(1169 1240 1254 1183)
4(1182 1183 1254 1253)
4(1239 1253 1254 1240)
4(1170 1241 1255 1184)
4(1183 1184 1255 1254)
4(1240 1254 1255 1241)
4(1241 1255 1256 1242)
4(1174 1245 1258 1187)
4(1244 1257 1258 1245)
4(1175 1246 1259 1188)
4(1187 1188 1259 1258)
4(1245 1258 1259 1246)
4(1176 1247 1260 1189)
4(1188 1189 1260 1259)
4(1246 1259 1260 1247)
4(1177 1248 1261 1190)
4(1189 1190 1261 1260)
4(1247 1260 1261 1248)
4(1178 1249 1262 1191)
4(1190 1191 1262 1261)
4(1248 1261 1262 1249)
4(1179 1250 1263 1192)
4(1191 1192 1263 1262)
4(1249 1262 1263 1250)
4(1180 1251 1264 1193)
4(1192 1193 1264 1263)
4(1250 1263 1264 1251)
4(1181 1252 1265 1194)
4(1193 1194 1265 1264)
4(1251 1264 1265 1252)
4(1182 1253 1266 1195)
4(1194 1195 1266 1265)
4(1252 1265 1266 1253)
4(1183 1254 1267 1196)
4(1195 1196 1267 1266)
4(1253 1266 1267 1254)
4(1254 1267 1268 1255)
4(1188 1259 1270 1199)
4(1258 1269 1270 1259)
4(1189 1260 1271 1200)
4(1199 1200 1271 1270)
4(1259 1270 1271 1260)
4(1190 1261 1272 1201)
4(1200 1201 1272 1271)
4(1260 1271 1272 1261)
4(1191 1262 1273 1202)
4(1201 1202 1273 1272)
4(1261 1272 1273 1262)
4(1192 1263 1274 1203)
4(1202 1203 1274 1273)
4(1262 1273 1274 1263)
4(1193 1264 1275 1204)
4(1203 1204 1275 1274)
4(1263 1274 1275 1264)
4(1194 1265 1276 1205)
4(1204 1205 1276 1275)
4(1264 1275 1276 1265)
4(1195 1266 1277 1206)
4(1205 1206 1277 1276)
4(1265 1276 1277 1266)
4(1266 1277 1278 1267)
4(1200 1271 1280 1209)
4(1270 1279 1280 1271)
4(1201 1272 1281 1210)
4(1209 1210 1281 1280)
4(1271 1280 1281 1272)
4(1202 1273 1282 1211)
4(1210 1211 1282 1281)
4(1272 1281 1282 1273)
4(1203 1274 1283 1212)
4(1211 1212 1283 1282)
4(1273 1282 1283 1274)
4(1204 1275 1284 1213)
4(1212 1213 1284 1283)
4(1274 1283 1284 1275)
4(1205 1276 1285 1214)
4(1213 1214 1285 1284)
4(1275 1284 1285 1276)
4(1276 1285 1286 1277)
4(1210 1281 1288 1217)
4(1280 1287 1288 1281)
4(1211 1282 1289 1218)
4(1217 1218 1289 1288)
4(1281 1288 1289 1282)
4(1212 1283 1290 1219)
4(1218 1219 1290 1289)
4(1282 1289 1290 1283)
4(1213 1284 1291 1220)
4(1219 1220 1291 1290)
4(1283 1290 1291 1284)
4(1284 1291 1292 1285)
4(1218 1289 1294 1223)
4(1288 1293 1294 1289)
4(1219 1290 1295 1224)
4(1223 1224 1295 1294)
4(1289 1294 1295 1290)
4(1290 1295 1296 1291)
4(1294 1297 1298 1295)
4(155 170 1300 1229)
4(171 1299 1300 170)
4(154 169 1301 1230)
4(1229 1230 1301 1300)
4(170 1300 1301 169)
4(153 168 1302 1231)
4(1230 1231 1302 1301)
4(169 1301 1302 168)
4(152 167 1303 1232)
4(1231 1232 1303 1302)
4(168 1302 1303 167)
4(151 166 1304 1233)
4(1232 1233 1304 1303)
4(167 1303 1304 166)
4(150 165 1305 1234)
4(1233 1234 1305 1304)
4(166 1304 1305 165)
4(149 164 1306 1235)
4(1234 1235 1306 1305)
4(165 1305 1306 164)
4(148 163 1307 1236)
4(1235 1236 1307 1306)
4(164 1306 1307 163)
4(147 162 1308 1237)
4(1236 1237 1308 1307)
4(163 1307 1308 162)
4(146 161 1309 1238)
4(1237 1238 1309 1308)
4(162 1308 1309 161)
4(145 160 1310 1239)
4(1238 1239 1310 1309)
4(161 1309 1310 160)
4(144 159 1311 1240)
4(1239 1240 1311 1310)
4(160 1310 1311 159)
4(143 158 1312 1241)
4(1240 1241 1312 1311)
4(159 1311 1312 158)
4(1241 1242 1313 1312)
4(158 1312 1313 157)
4(1230 1301 1315 1244)
4(1300 1314 1315 1301)
4(1231 1302 1316 1245)
4(1244 1245 1316 1315)
4(1301 1315 1316 1302)
4(1232 1303 1317 1246)
4(1245 1246 1317 1316)
4(1302 1316 1317 1303)
4(1233 1304 1318 1247)
4(1246 1247 1318 1317)
4(1303 1317 1318 1304)
4(1234 1305 1319 1248)
4(1247 1248 1319 1318)
4(1304 1318 1319 1305)
4(1235 1306 1320 1249)
4(1248 1249 1320 1319)
4(1305 1319 1320 1306)
4(1236 1307 1321 1250)
4(1249 1250 1321 1320)
4(1306 1320 1321 1307)
4(1237 1308 1322 1251)
4(1250 1251 1322 1321)
4(1307 1321 1322 1308)
4(1238 1309 1323 1252)
4(1251 1252 1323 1322)
4(1308 1322 1323 1309)
4(1239 1310 1324 1253)
4(1252 1253 1324 1323)
4(1309 1323 1324 1310)
4(1240 1311 1325 1254)
4(1253 1254 1325 1324)
4(1310 1324 1325 1311)
4(1241 1312 1326 1255)
4(1254 1255 1326 1325)
4(1311 1325 1326 1312)
4(1245 1316 1329 1258)
4(1315 1328 1329 1316)
4(1246 1317 1330 1259)
4(1258 1259 1330 1329)
4(1316 1329 1330 1317)
4(1247 1318 1331 1260)
4(1259 1260 1331 1330)
4(1317 1330 1331 1318)
4(1248 1319 1332 1261)
4(1260 1261 1332 1331)
4(1318 1331 1332 1319)
4(1249 1320 1333 1262)
4(1261 1262 1333 1332)
4(1319 1332 1333 1320)
4(1250 1321 1334 1263)
4(1262 1263 1334 1333)
4(1320 1333 1334 1321)
4(1251 1322 1335 1264)
4(1263 1264 1335 1334)
4(1321 1334 1335 1322)
4(1252 1323 1336 1265)
4(1264 1265 1336 1335)
4(1322 1335 1336 1323)
4(1253 1324 1337 1266)
4(1265 1266 1337 1336)
4(1323 1336 1337 1324)
4(1254 1325 1338 1267)
4(1266 1267 1338 1337)
4(1324 1337 1338 1325)
4(1325 1338 1339 1326)
4(1259 1330 1341 1270)
4(1329 1340 1341 1330)
4(1260 1331 1342 1271)
4(1270 1271 1342 1341)
4(1330 1341 1342 1331)
4(1261 1332 1343 1272)
4(1271 1272 1343 1342)
4(1331 1342 1343 1332)
4(1262 1333 1344 1273)
4(1272 1273 1344 1343)
4(1332 1343 1344 1333)
4(1263 1334 1345 1274)
4(1273 1274 1345 1344)
4(1333 1344 1345 1334)
4(1264 1335 1346 1275)
4(1274 1275 1346 1345)
4(1334 1345 1346 1335)
4(1265 1336 1347 1276)
4(1275 1276 1347 1346)
4(1335 1346 1347 1336)
4(1266 1337 1348 1277)
4(1276 1277 1348 1347)
4(1336 1347 1348 1337)
4(1337 1348 1349 1338)
4(1271 1342 1351 1280)
4(1341 1350 1351 1342)
4(1272 1343 1352 1281)
4(1280 1281 1352 1351)
4(1342 1351 1352 1343)
4(1273 1344 1353 1282)
4(1281 1282 1353 1352)
4(1343 1352 1353 1344)
4(1274 1345 1354 1283)
4(1282 1283 1354 1353)
4(1344 1353 1354 1345)
4(1275 1346 1355 1284)
4(1283 1284 1355 1354)
4(1345 1354 1355 1346)
4(1276 1347 1356 1285)
4(1284 1285 1356 1355)
4(1346 1355 1356 1347)
4(1347 1356 1357 1348)
4(1281 1352 1359 1288)
4(1351 1358 1359 1352)
4(1282 1353 1360 1289)
4(1288 1289 1360 1359)
4(1352 1359 1360 1353)
4(1283 1354 1361 1290)
4(1289 1290 1361 1360)
4(1353 1360 1361 1354)
4(1284 1355 1362 1291)
4(1290 1291 1362 1361)
4(1354 1361 1362 1355)
4(1355 1362 1363 1356)
4(1289 1360 1365 1294)
4(1359 1364 1365 1360)
4(1290 1361 1366 1295)
4(1294 1295 1366 1365)
4(1360 1365 1366 1361)
4(1361 1366 1367 1362)
4(1365 1368 1369 1366)
4(170 185 1371 1300)
4(186 1370 1371 185)
4(169 184 1372 1301)
4(1300 1301 1372 1371)
4(185 1371 1372 184)
4(168 183 1373 1302)
4(1301 1302 1373 1372)
4(184 1372 1373 183)
4(167 182 1374 1303)
4(1302 1303 1374 1373)
4(183 1373 1374 182)
4(166 181 1375 1304)
4(1303 1304 1375 1374)
4(182 1374 1375 181)
4(165 180 1376 1305)
4(1304 1305 1376 1375)
4(181 1375 1376 180)
4(164 179 1377 1306)
4(1305 1306 1377 1376)
4(180 1376 1377 179)
4(163 178 1378 1307)
4(1306 1307 1378 1377)
4(179 1377 1378 178)
4(162 177 1379 1308)
4(1307 1308 1379 1378)
4(178 1378 1379 177)
4(161 176 1380 1309)
4(1308 1309 1380 1379)
4(177 1379 1380 176)
4(160 175 1381 1310)
4(1309 1310 1381 1380)
4(176 1380 1381 175)
4(159 174 1382 1311)
4(1310 1311 1382 1381)
4(175 1381 1382 174)
4(158 173 1383 1312)
4(1311 1312 1383 1382)
4(174 1382 1383 173)
4(173 1383 1384 172)
4(1301 1372 1386 1315)
4(1371 1385 1386 1372)
4(1302 1373 1387 1316)
4(1315 1316 1387 1386)
4(1372 1386 1387 1373)
4(1303 1374 1388 1317)
4(1316 1317 1388 1387)
4(1373 1387 1388 1374)
4(1304 1375 1389 1318)
4(1317 1318 1389 1388)
4(1374 1388 1389 1375)
4(1305 1376 1390 1319)
4(1318 1319 1390 1389)
4(1375 1389 1390 1376)
4(1306 1377 1391 1320)
4(1319 1320 1391 1390)
4(1376 1390 1391 1377)
4(1307 1378 1392 1321)
4(1320 1321 1392 1391)
4(1377 1391 1392 1378)
4(1308 1379 1393 1322)
4(1321 1322 1393 1392)
4(1378 1392 1393 1379)
4(1309 1380 1394 1323)
4(1322 1323 1394 1393)
4(1379 1393 1394 1380)
4(1310 1381 1395 1324)
4(1323 1324 1395 1394)
4(1380 1394 1395 1381)
4(1311 1382 1396 1325)
4(1324 1325 1396 1395)
4(1381 1395 1396 1382)
4(1325 1326 1397 1396)
4(1382 1396 1397 1383)
4(1316 1387 1399 1329)
4(1386 1398 1399 1387)
4(1317 1388 1400 1330)
4(1329 1330 1400 1399)
4(1387 1399 1400 1388)
4(1318 1389 1401 1331)
4(1330 1331 1401 1400)
4(1388 1400 1401 1389)
4(1319 1390 1402 1332)
4(1331 1332 1402 1401)
4(1389 1401 1402 1390)
4(1320 1391 1403 1333)
4(1332 1333 1403 1402)
4(1390 1402 1403 1391)
4(1321 1392 1404 1334)
4(1333 1334 1404 1403)
4(1391 1403 1404 1392)
4(1322 1393 1405 1335)
4(1334 1335 1405 1404)
4(1392 1404 1405 1393)
4(1323 1394 1406 1336)
4(1335 1336 1406 1405)
4(1393 1405 1406 1394)
4(1324 1395 1407 1337)
4(1336 1337 1407 1406)
4(1394 1406 1407 1395)
4(1325 1396 1408 1338)
4(1337 1338 1408 1407)
4(1395 1407 1408 1396)
4(1330 1400 1411 1341)
4(1399 1410 1411 1400)
4(1331 1401 1412 1342)
4(1341 1342 1412 1411)
4(1400 1411 1412 1401)
4(1332 1402 1413 1343)
4(1342 1343 1413 1412)
4(1401 1412 1413 1402)
4(1333 1403 1414 1344)
4(1343 1344 1414 1413)
4(1402 1413 1414 1403)
4(1334 1404 1415 1345)
4(1344 1345 1415 1414)
4(1403 1414 1415 1404)
4(1335 1405 1416 1346)
4(1345 1346 1416 1415)
4(1404 1415 1416 1405)
4(1336 1406 1417 1347)
4(1346 1347 1417 1416)
4(1405 1416 1417 1406)
4(1337 1407 1418 1348)
4(1347 1348 1418 1417)
4(1406 1417 1418 1407)
4(1342 1412 1421 1351)
4(1411 1420 1421 1412)
4(1343 1413 1422 1352)
4(1351 1352 1422 1421)
4(1412 1421 1422 1413)
4(1344 1414 1423 1353)
4(1352 1353 1423 1422)
4(1413 1422 1423 1414)
4(1345 1415 1424 1354)
4(1353 1354 1424 1423)
4(1414 1423 1424 1415)
4(1346 1416 1425 1355)
4(1354 1355 1425 1424)
4(1415 1424 1425 1416)
4(1347 1417 1426 1356)
4(1355 1356 1426 1425)
4(1416 1425 1426 1417)
4(1417 1426 1427 1418)
4(1352 1422 1429 1359)
4(1421 1428 1429 1422)
4(1353 1423 1430 1360)
4(1359 1360 1430 1429)
4(1422 1429 1430 1423)
4(1354 1424 1431 1361)
4(1360 1361 1431 1430)
4(1423 1430 1431 1424)
4(1355 1425 1432 1362)
4(1361 1362 1432 1431)
4(1424 1431 1432 1425)
4(1425 1432 1433 1426)
4(1360 1430 1435 1365)
4(1429 1434 1435 1430)
4(1361 1431 1436 1366)
4(1365 1366 1436 1435)
4(1430 1435 1436 1431)
4(1431 1436 1437 1432)
4(1435 1438 1439 1436)
4(185 200 1441 1371)
4(201 1440 1441 200)
4(184 199 1442 1372)
4(1371 1372 1442 1441)
4(200 1441 1442 199)
4(183 198 1443 1373)
4(1372 1373 1443 1442)
4(199 1442 1443 198)
4(182 197 1444 1374)
4(1373 1374 1444 1443)
4(198 1443 1444 197)
4(181 196 1445 1375)
4(1374 1375 1445 1444)
4(197 1444 1445 196)
4(180 195 1446 1376)
4(1375 1376 1446 1445)
4(196 1445 1446 195)
4(179 194 1447 1377)
4(1376 1377 1447 1446)
4(195 1446 1447 194)
4(178 193 1448 1378)
4(1377 1378 1448 1447)
4(194 1447 1448 193)
4(177 192 1449 1379)
4(1378 1379 1449 1448)
4(193 1448 1449 192)
4(176 191 1450 1380)
4(1379 1380 1450 1449)
4(192 1449 1450 191)
4(175 190 1451 1381)
4(1380 1381 1451 1450)
4(191 1450 1451 190)
4(174 189 1452 1382)
4(1381 1382 1452 1451)
4(190 1451 1452 189)
4(173 188 1453 1383)
4(1382 1383 1453 1452)
4(189 1452 1453 188)
4(188 1453 1454 187)
4(1372 1442 1457 1386)
4(1441 1456 1457 1442)
4(1373 1443 1458 1387)
4(1386 1387 1458 1457)
4(1442 1457 1458 1443)
4(1374 1444 1459 1388)
4(1387 1388 1459 1458)
4(1443 1458 1459 1444)
4(1375 1445 1460 1389)
4(1388 1389 1460 1459)
4(1444 1459 1460 1445)
4(1376 1446 1461 1390)
4(1389 1390 1461 1460)
4(1445 1460 1461 1446)
4(1377 1447 1462 1391)
4(1390 1391 1462 1461)
4(1446 1461 1462 1447)
4(1378 1448 1463 1392)
4(1391 1392 1463 1462)
4(1447 1462 1463 1448)
4(1379 1449 1464 1393)
4(1392 1393 1464 1463)
4(1448 1463 1464 1449)
4(1380 1450 1465 1394)
4(1393 1394 1465 1464)
4(1449 1464 1465 1450)
4(1381 1451 1466 1395)
4(1394 1395 1466 1465)
4(1450 1465 1466 1451)
4(1382 1452 1467 1396)
4(1395 1396 1467 1466)
4(1451 1466 1467 1452)
4(1452 1467 1468 1453)
4(1387 1458 1470 1399)
4(1457 1469 1470 1458)
4(1388 1459 1471 1400)
4(1399 1400 1471 1470)
4(1458 1470 1471 1459)
4(1389 1460 1472 1401)
4(1400 1401 1472 1471)
4(1459 1471 1472 1460)
4(1390 1461 1473 1402)
4(1401 1402 1473 1472)
4(1460 1472 1473 1461)
4(1391 1462 1474 1403)
4(1402 1403 1474 1473)
4(1461 1473 1474 1462)
4(1392 1463 1475 1404)
4(1403 1404 1475 1474)
4(1462 1474 1475 1463)
4(1393 1464 1476 1405)
4(1404 1405 1476 1475)
4(1463 1475 1476 1464)
4(1394 1465 1477 1406)
4(1405 1406 1477 1476)
4(1464 1476 1477 1465)
4(1395 1466 1478 1407)
4(1406 1407 1478 1477)
4(1465 1477 1478 1466)
4(1466 1478 1479 1467)
4(1400 1471 1481 1411)
4(1470 1480 1481 1471)
4(1401 1472 1482 1412)
4(1411 1412 1482 1481)
4(1471 1481 1482 1472)
4(1402 1473 1483 1413)
4(1412 1413 1483 1482)
4(1472 1482 1483 1473)
4(1403 1474 1484 1414)
4(1413 1414 1484 1483)
4(1473 1483 1484 1474)
4(1404 1475 1485 1415)
4(1414 1415 1485 1484)
4(1474 1484 1485 1475)
4(1405 1476 1486 1416)
4(1415 1416 1486 1485)
4(1475 1485 1486 1476)
4(1406 1477 1487 1417)
4(1416 1417 1487 1486)
4(1476 1486 1487 1477)
4(1417 1418 1488 1487)
4(1477 1487 1488 1478)
4(1412 1482 1490 1421)
4(1481 1489 1490 1482)
4(1413 1483 1491 1422)
4(1421 1422 1491 1490)
4(1482 1490 1491 1483)
4(1414 1484 1492 1423)
4(1422 1423 1492 1491)
4(1483 1491 1492 1484)
4(1415 1485 1493 1424)
4(1423 1424 1493 1492)
4(1484 1492 1493 1485)
4(1416 1486 1494 1425)
4(1424 1425 1494 1493)
4(1485 1493 1494 1486)
4(1417 1487 1495 1426)
4(1425 1426 1495 1494)
4(1486 1494 1495 1487)
4(1422 1491 1498 1429)
4(1490 1497 1498 1491)
4(1423 1492 1499 1430)
4(1429 1430 1499 1498)
4(1491 1498 1499 1492)
4(1424 1493 1500 1431)
4(1430 1431 1500 1499)
4(1492 1499 1500 1493)
4(1425 1494 1501 1432)
4(1431 1432 1501 1500)
4(1493 1500 1501 1494)
4(1494 1501 1502 1495)
4(1430 1499 1504 1435)
4(1498 1503 1504 1499)
4(1431 1500 1505 1436)
4(1435 1436 1505 1504)
4(1499 1504 1505 1500)
4(1500 1505 1506 1501)
4(1504 1507 1508 1505)
4(201 216 1509 1440)
4(4 941 1509 216)
4(200 215 1510 1441)
4(1440 1441 1510 1509)
4(216 1509 1510 215)
4(199 214 1511 1442)
4(1441 1442 1511 1510)
4(215 1510 1511 214)
4(198 213 1512 1443)
4(1442 1443 1512 1511)
4(214 1511 1512 213)
4(197 212 1513 1444)
4(1443 1444 1513 1512)
4(213 1512 1513 212)
4(196 211 1514 1445)
4(1444 1445 1514 1513)
4(212 1513 1514 211)
4(195 210 1515 1446)
4(1445 1446 1515 1514)
4(211 1514 1515 210)
4(194 209 1516 1447)
4(1446 1447 1516 1515)
4(210 1515 1516 209)
4(193 208 1517 1448)
4(1447 1448 1517 1516)
4(209 1516 1517 208)
4(192 207 1518 1449)
4(1448 1449 1518 1517)
4(208 1517 1518 207)
4(191 206 1519 1450)
4(1449 1450 1519 1518)
4(207 1518 1519 206)
4(190 205 1520 1451)
4(1450 1451 1520 1519)
4(206 1519 1520 205)
4(189 204 1521 1452)
4(1451 1452 1521 1520)
4(205 1520 1521 204)
4(188 203 1522 1453)
4(1452 1453 1522 1521)
4(204 1521 1522 203)
4(203 1522 1523 202)
4(1441 1510 1525 1456)
4(1509 1524 1525 1510)
4(1442 1511 1526 1457)
4(1510 1525 1526 1511)
4(1443 1512 1527 1458)
4(1457 1458 1527 1526)
4(1511 1526 1527 1512)
4(1444 1513 1528 1459)
4(1458 1459 1528 1527)
4(1512 1527 1528 1513)
4(1445 1514 1529 1460)
4(1459 1460 1529 1528)
4(1513 1528 1529 1514)
4(1446 1515 1530 1461)
4(1460 1461 1530 1529)
4(1514 1529 1530 1515)
4(1447 1516 1531 1462)
4(1461 1462 1531 1530)
4(1515 1530 1531 1516)
4(1448 1517 1532 1463)
4(1462 1463 1532 1531)
4(1516 1531 1532 1517)
4(1449 1518 1533 1464)
4(1463 1464 1533 1532)
4(1517 1532 1533 1518)
4(1450 1519 1534 1465)
4(1464 1465 1534 1533)
4(1518 1533 1534 1519)
4(1451 1520 1535 1466)
4(1465 1466 1535 1534)
4(1519 1534 1535 1520)
4(1452 1521 1536 1467)
4(1466 1467 1536 1535)
4(1520 1535 1536 1521)
4(1521 1536 1537 1522)
4(1458 1527 1540 1470)
4(1526 1539 1540 1527)
4(1459 1528 1541 1471)
4(1470 1471 1541 1540)
4(1527 1540 1541 1528)
4(1460 1529 1542 1472)
4(1471 1472 1542 1541)
4(1528 1541 1542 1529)
4(1461 1530 1543 1473)
4(1472 1473 1543 1542)
4(1529 1542 1543 1530)
4(1462 1531 1544 1474)
4(1473 1474 1544 1543)
4(1530 1543 1544 1531)
4(1463 1532 1545 1475)
4(1474 1475 1545 1544)
4(1531 1544 1545 1532)
4(1464 1533 1546 1476)
4(1475 1476 1546 1545)
4(1532 1545 1546 1533)
4(1465 1534 1547 1477)
4(1476 1477 1547 1546)
4(1533 1546 1547 1534)
4(1466 1535 1548 1478)
4(1477 1478 1548 1547)
4(1534 1547 1548 1535)
4(1535 1548 1549 1536)
4(1471 1541 1552 1481)
4(1540 1551 1552 1541)
4(1472 1542 1553 1482)
4(1481 1482 1553 1552)
4(1541 1552 1553 1542)
4(1473 1543 1554 1483)
4(1482 1483 1554 1553)
4(1542 1553 1554 1543)
4(1474 1544 1555 1484)
4(1483 1484 1555 1554)
4(1543 1554 1555 1544)
4(1475 1545 1556 1485)
4(1484 1485 1556 1555)
4(1544 1555 1556 1545)
4(1476 1546 1557 1486)
4(1485 1486 1557 1556)
4(1545 1556 1557 1546)
4(1477 1547 1558 1487)
4(1486 1487 1558 1557)
4(1546 1557 1558 1547)
4(1547 1558 1559 1548)
4(1482 1553 1561 1490)
4(1552 1560 1561 1553)
4(1483 1554 1562 1491)
4(1490 1491 1562 1561)
4(1553 1561 1562 1554)
4(1484 1555 1563 1492)
4(1491 1492 1563 1562)
4(1554 1562 1563 1555)
4(1485 1556 1564 1493)
4(1492 1493 1564 1563)
4(1555 1563 1564 1556)
4(1486 1557 1565 1494)
4(1493 1494 1565 1564)
4(1556 1564 1565 1557)
4(1494 1495 1566 1565)
4(1557 1565 1566 1558)
4(1491 1562 1568 1498)
4(1561 1567 1568 1562)
4(1492 1563 1569 1499)
4(1498 1499 1569 1568)
4(1562 1568 1569 1563)
4(1493 1564 1570 1500)
4(1499 1500 1570 1569)
4(1563 1569 1570 1564)
4(1494 1565 1571 1501)
4(1500 1501 1571 1570)
4(1564 1570 1571 1565)
4(1499 1569 1574 1504)
4(1568 1573 1574 1569)
4(1500 1570 1575 1505)
4(1504 1505 1575 1574)
4(1569 1574 1575 1570)
4(1570 1575 1576 1571)
4(1574 1577 1578 1575)
4(216 231 1579 1509)
4(3 942 1579 231)
4(215 230 1580 1510)
4(1509 1510 1580 1579)
4(231 1579 1580 230)
4(214 229 1581 1511)
4(1510 1511 1581 1580)
4(230 1580 1581 229)
4(213 228 1582 1512)
4(1511 1512 1582 1581)
4(229 1581 1582 228)
4(212 227 1583 1513)
4(1512 1513 1583 1582)
4(228 1582 1583 227)
4(211 226 1584 1514)
4(1513 1514 1584 1583)
4(227 1583 1584 226)
4(210 225 1585 1515)
4(1514 1515 1585 1584)
4(226 1584 1585 225)
4(209 224 1586 1516)
4(1515 1516 1586 1585)
4(225 1585 1586 224)
4(208 223 1587 1517)
4(1516 1517 1587 1586)
4(224 1586 1587 223)
4(207 222 1588 1518)
4(1517 1518 1588 1587)
4(223 1587 1588 222)
4(206 221 1589 1519)
4(1518 1519 1589 1588)
4(222 1588 1589 221)
4(205 220 1590 1520)
4(1519 1520 1590 1589)
4(221 1589 1590 220)
4(204 219 1591 1521)
4(1520 1521 1591 1590)
4(220 1590 1591 219)
4(203 218 1592 1522)
4(1521 1522 1592 1591)
4(219 1591 1592 218)
4(218 1592 1593 217)
4(1510 1580 1595 1525)
4(1579 1594 1595 1580)
4(1511 1581 1596 1526)
4(1525 1526 1596 1595)
4(1580 1595 1596 1581)
4(1512 1582 1597 1527)
4(1526 1527 1597 1596)
4(1581 1596 1597 1582)
4(1513 1583 1598 1528)
4(1527 1528 1598 1597)
4(1582 1597 1598 1583)
4(1514 1584 1599 1529)
4(1528 1529 1599 1598)
4(1583 1598 1599 1584)
4(1515 1585 1600 1530)
4(1529 1530 1600 1599)
4(1584 1599 1600 1585)
4(1516 1586 1601 1531)
4(1530 1531 1601 1600)
4(1585 1600 1601 1586)
4(1517 1587 1602 1532)
4(1531 1532 1602 1601)
4(1586 1601 1602 1587)
4(1518 1588 1603 1533)
4(1532 1533 1603 1602)
4(1587 1602 1603 1588)
4(1519 1589 1604 1534)
4(1533 1534 1604 1603)
4(1588 1603 1604 1589)
4(1520 1590 1605 1535)
4(1534 1535 1605 1604)
4(1589 1604 1605 1590)
4(1521 1591 1606 1536)
4(1535 1536 1606 1605)
4(1590 1605 1606 1591)
4(1591 1606 1607 1592)
4(1526 1596 1609 1539)
4(1595 1608 1609 1596)
4(1527 1597 1610 1540)
4(1539 1540 1610 1609)
4(1596 1609 1610 1597)
4(1528 1598 1611 1541)
4(1540 1541 1611 1610)
4(1597 1610 1611 1598)
4(1529 1599 1612 1542)
4(1541 1542 1612 1611)
4(1598 1611 1612 1599)
4(1530 1600 1613 1543)
4(1542 1543 1613 1612)
4(1599 1612 1613 1600)
4(1531 1601 1614 1544)
4(1543 1544 1614 1613)
4(1600 1613 1614 1601)
4(1532 1602 1615 1545)
4(1544 1545 1615 1614)
4(1601 1614 1615 1602)
4(1533 1603 1616 1546)
4(1545 1546 1616 1615)
4(1602 1615 1616 1603)
4(1534 1604 1617 1547)
4(1546 1547 1617 1616)
4(1603 1616 1617 1604)
4(1535 1605 1618 1548)
4(1547 1548 1618 1617)
4(1604 1617 1618 1605)
4(1605 1618 1619 1606)
4(1540 1610 1621 1551)
4(1609 1620 1621 1610)
4(1541 1611 1622 1552)
4(1610 1621 1622 1611)
4(1542 1612 1623 1553)
4(1552 1553 1623 1622)
4(1611 1622 1623 1612)
4(1543 1613 1624 1554)
4(1553 1554 1624 1623)
4(1612 1623 1624 1613)
4(1544 1614 1625 1555)
4(1554 1555 1625 1624)
4(1613 1624 1625 1614)
4(1545 1615 1626 1556)
4(1555 1556 1626 1625)
4(1614 1625 1626 1615)
4(1546 1616 1627 1557)
4(1556 1557 1627 1626)
4(1615 1626 1627 1616)
4(1547 1617 1628 1558)
4(1557 1558 1628 1627)
4(1616 1627 1628 1617)
4(1617 1628 1629 1618)
4(1553 1623 1632 1561)
4(1622 1631 1632 1623)
4(1554 1624 1633 1562)
4(1561 1562 1633 1632)
4(1623 1632 1633 1624)
4(1555 1625 1634 1563)
4(1562 1563 1634 1633)
4(1624 1633 1634 1625)
4(1556 1626 1635 1564)
4(1563 1564 1635 1634)
4(1625 1634 1635 1626)
4(1557 1627 1636 1565)
4(1564 1565 1636 1635)
4(1626 1635 1636 1627)
4(1627 1636 1637 1628)
4(1562 1633 1640 1568)
4(1632 1639 1640 1633)
4(1563 1634 1641 1569)
4(1568 1569 1641 1640)
4(1633 1640 1641 1634)
4(1564 1635 1642 1570)
4(1569 1570 1642 1641)
4(1634 1641 1642 1635)
4(1570 1571 1643 1642)
4(1635 1642 1643 1636)
4(1569 1641 1646 1574)
4(1640 1645 1646 1641)
4(1570 1642 1647 1575)
4(1574 1575 1647 1646)
4(1641 1646 1647 1642)
4(1646 1649 1650 1647)
4(231 246 1651 1579)
4(230 245 1652 1580)
4(1579 1580 1652 1651)
4(229 244 1653 1581)
4(1580 1581 1653 1652)
4(228 243 1654 1582)
4(1581 1582 1654 1653)
4(227 242 1655 1583)
4(1582 1583 1655 1654)
4(226 241 1656 1584)
4(1583 1584 1656 1655)
4(225 240 1657 1585)
4(1584 1585 1657 1656)
4(224 239 1658 1586)
4(1585 1586 1658 1657)
4(223 238 1659 1587)
4(1586 1587 1659 1658)
4(222 237 1660 1588)
4(1587 1588 1660 1659)
4(221 236 1661 1589)
4(1588 1589 1661 1660)
4(220 235 1662 1590)
4(1589 1590 1662 1661)
4(219 234 1663 1591)
4(1590 1591 1663 1662)
4(218 233 1664 1592)
4(1591 1592 1664 1663)
4(1580 1652 1667 1595)
4(1581 1653 1668 1596)
4(1595 1596 1668 1667)
4(1582 1654 1669 1597)
4(1596 1597 1669 1668)
4(1583 1655 1670 1598)
4(1597 1598 1670 1669)
4(1584 1656 1671 1599)
4(1598 1599 1671 1670)
4(1585 1657 1672 1600)
4(1599 1600 1672 1671)
4(1586 1658 1673 1601)
4(1600 1601 1673 1672)
4(1587 1659 1674 1602)
4(1601 1602 1674 1673)
4(1588 1660 1675 1603)
4(1602 1603 1675 1674)
4(1589 1661 1676 1604)
4(1603 1604 1676 1675)
4(1590 1662 1677 1605)
4(1604 1605 1677 1676)
4(1591 1663 1678 1606)
4(1605 1606 1678 1677)
4(1596 1668 1681 1609)
4(1597 1669 1682 1610)
4(1609 1610 1682 1681)
4(1598 1670 1683 1611)
4(1610 1611 1683 1682)
4(1599 1671 1684 1612)
4(1611 1612 1684 1683)
4(1600 1672 1685 1613)
4(1612 1613 1685 1684)
4(1601 1673 1686 1614)
4(1613 1614 1686 1685)
4(1602 1674 1687 1615)
4(1614 1615 1687 1686)
4(1603 1675 1688 1616)
4(1615 1616 1688 1687)
4(1604 1676 1689 1617)
4(1616 1617 1689 1688)
4(1605 1677 1690 1618)
4(1617 1618 1690 1689)
4(1610 1682 1693 1621)
4(1611 1683 1694 1622)
4(1621 1622 1694 1693)
4(1612 1684 1695 1623)
4(1622 1623 1695 1694)
4(1613 1685 1696 1624)
4(1623 1624 1696 1695)
4(1614 1686 1697 1625)
4(1624 1625 1697 1696)
4(1615 1687 1698 1626)
4(1625 1626 1698 1697)
4(1616 1688 1699 1627)
4(1626 1627 1699 1698)
4(1617 1689 1700 1628)
4(1627 1628 1700 1699)
4(1622 1694 1703 1631)
4(1623 1695 1704 1632)
4(1631 1632 1704 1703)
4(1624 1696 1705 1633)
4(1632 1633 1705 1704)
4(1625 1697 1706 1634)
4(1633 1634 1706 1705)
4(1626 1698 1707 1635)
4(1634 1635 1707 1706)
4(1627 1699 1708 1636)
4(1635 1636 1708 1707)
4(1632 1704 1711 1639)
4(1633 1705 1712 1640)
4(1639 1640 1712 1711)
4(1634 1706 1713 1641)
4(1640 1641 1713 1712)
4(1635 1707 1714 1642)
4(1641 1642 1714 1713)
4(1640 1712 1717 1645)
4(1641 1713 1718 1646)
4(1646 1647 1719 1718)
4(23 24 280 265)
4(265 280 281 266)
4(266 281 282 267)
4(267 282 283 268)
4(268 283 284 269)
4(269 284 285 270)
4(270 285 286 271)
4(271 286 287 272)
4(272 287 288 273)
4(273 288 289 274)
4(274 289 290 275)
4(275 290 291 276)
4(276 291 292 277)
4(277 292 293 278)
4(278 293 294 279)
4(279 294 247 248)
4(24 1 56 280)
4(280 56 57 281)
4(281 57 58 282)
4(282 58 59 283)
4(283 59 60 284)
4(284 60 61 285)
4(285 61 62 286)
4(286 62 63 287)
4(287 63 64 288)
4(288 64 65 289)
4(289 65 66 290)
4(290 66 67 291)
4(291 67 68 292)
4(292 68 69 293)
4(293 69 70 294)
4(294 70 55 247)
4(0 22 250 72)
4(72 250 251 73)
4(73 251 252 74)
4(74 252 253 75)
4(75 253 254 76)
4(76 254 255 77)
4(77 255 256 78)
4(78 256 257 79)
4(79 257 258 80)
4(80 258 259 81)
4(81 259 260 82)
4(82 260 261 83)
4(83 261 262 84)
4(84 262 263 85)
4(85 263 264 86)
4(86 264 249 71)
4(22 23 265 250)
4(250 265 266 251)
4(251 266 267 252)
4(252 267 268 253)
4(253 268 269 254)
4(254 269 270 255)
4(255 270 271 256)
4(256 271 272 257)
4(257 272 273 258)
4(258 273 274 259)
4(259 274 275 260)
4(260 275 276 261)
4(261 276 277 262)
4(262 277 278 263)
4(263 278 279 264)
4(264 279 248 249)
4(72 73 945 944)
4(73 74 947 945)
4(945 947 948 946)
4(74 75 950 947)
4(947 950 951 948)
4(948 951 952 949)
4(75 76 954 950)
4(950 954 955 951)
4(951 955 956 952)
4(952 956 957 953)
4(76 77 959 954)
4(954 959 960 955)
4(955 960 961 956)
4(956 961 962 957)
4(957 962 963 958)
4(77 78 965 959)
4(959 965 966 960)
4(960 966 967 961)
4(961 967 968 962)
4(962 968 969 963)
4(963 969 970 964)
4(78 79 972 965)
4(965 972 973 966)
4(966 973 974 967)
4(967 974 975 968)
4(968 975 976 969)
4(969 976 977 970)
4(970 977 978 971)
4(79 80 980 972)
4(972 980 981 973)
4(973 981 982 974)
4(974 982 983 975)
4(975 983 984 976)
4(976 984 985 977)
4(977 985 986 978)
4(978 986 987 979)
4(80 81 988 980)
4(980 988 989 981)
4(981 989 990 982)
4(982 990 991 983)
4(983 991 992 984)
4(984 992 993 985)
4(985 993 994 986)
4(81 82 995 988)
4(988 995 996 989)
4(989 996 997 990)
4(990 997 998 991)
4(991 998 999 992)
4(992 999 1000 993)
4(82 83 1001 995)
4(995 1001 1002 996)
4(996 1002 1003 997)
4(997 1003 1004 998)
4(998 1004 1005 999)
4(83 84 1006 1001)
4(1001 1006 1007 1002)
4(1002 1007 1008 1003)
4(1003 1008 1009 1004)
4(84 85 1010 1006)
4(1006 1010 1011 1007)
4(1007 1011 1012 1008)
4(85 86 1013 1010)
4(1010 1013 1014 1011)
4(86 71 935 1013)
4(1 21 305 56)
4(56 305 306 57)
4(57 306 307 58)
4(58 307 308 59)
4(59 308 309 60)
4(60 309 310 61)
4(61 310 311 62)
4(62 311 312 63)
4(63 312 313 64)
4(64 313 314 65)
4(65 314 315 66)
4(66 315 316 67)
4(67 316 317 68)
4(68 317 318 69)
4(69 318 319 70)
4(70 319 304 55)
4(21 20 320 305)
4(305 320 321 306)
4(306 321 322 307)
4(307 322 323 308)
4(308 323 324 309)
4(309 324 325 310)
4(310 325 326 311)
4(311 326 327 312)
4(312 327 328 313)
4(313 328 329 314)
4(314 329 330 315)
4(315 330 331 316)
4(316 331 332 317)
4(317 332 333 318)
4(318 333 334 319)
4(319 334 303 304)
4(20 19 335 320)
4(320 335 336 321)
4(321 336 337 322)
4(322 337 338 323)
4(323 338 339 324)
4(324 339 340 325)
4(325 340 341 326)
4(326 341 342 327)
4(327 342 343 328)
4(328 343 344 329)
4(329 344 345 330)
4(330 345 346 331)
4(331 346 347 332)
4(332 347 348 333)
4(333 348 349 334)
4(334 349 302 303)
4(19 18 350 335)
4(335 350 351 336)
4(336 351 352 337)
4(337 352 353 338)
4(338 353 354 339)
4(339 354 355 340)
4(340 355 356 341)
4(341 356 357 342)
4(342 357 358 343)
4(343 358 359 344)
4(344 359 360 345)
4(345 360 361 346)
4(346 361 362 347)
4(347 362 363 348)
4(348 363 364 349)
4(349 364 301 302)
4(18 17 365 350)
4(350 365 366 351)
4(351 366 367 352)
4(352 367 368 353)
4(353 368 369 354)
4(354 369 370 355)
4(355 370 371 356)
4(356 371 372 357)
4(357 372 373 358)
4(358 373 374 359)
4(359 374 375 360)
4(360 375 376 361)
4(361 376 377 362)
4(362 377 378 363)
4(363 378 379 364)
4(364 379 300 301)
4(17 16 380 365)
4(365 380 381 366)
4(366 381 382 367)
4(367 382 383 368)
4(368 383 384 369)
4(369 384 385 370)
4(370 385 386 371)
4(371 386 387 372)
4(372 387 388 373)
4(373 388 389 374)
4(374 389 390 375)
4(375 390 391 376)
4(376 391 392 377)
4(377 392 393 378)
4(378 393 394 379)
4(379 394 299 300)
4(16 15 395 380)
4(380 395 396 381)
4(381 396 397 382)
4(382 397 398 383)
4(383 398 399 384)
4(384 399 400 385)
4(385 400 401 386)
4(386 401 402 387)
4(387 402 403 388)
4(388 403 404 389)
4(389 404 405 390)
4(390 405 406 391)
4(391 406 407 392)
4(392 407 408 393)
4(393 408 409 394)
4(394 409 298 299)
4(15 14 410 395)
4(395 410 411 396)
4(396 411 412 397)
4(397 412 413 398)
4(398 413 414 399)
4(399 414 415 400)
4(400 415 416 401)
4(401 416 417 402)
4(402 417 418 403)
4(403 418 419 404)
4(404 419 420 405)
4(405 420 421 406)
4(406 421 422 407)
4(407 422 423 408)
4(408 423 424 409)
4(409 424 297 298)
4(14 13 425 410)
4(410 425 426 411)
4(411 426 427 412)
4(412 427 428 413)
4(413 428 429 414)
4(414 429 430 415)
4(415 430 431 416)
4(416 431 432 417)
4(417 432 433 418)
4(418 433 434 419)
4(419 434 435 420)
4(420 435 436 421)
4(421 436 437 422)
4(422 437 438 423)
4(423 438 439 424)
4(424 439 296 297)
4(13 12 440 425)
4(425 440 441 426)
4(426 441 442 427)
4(427 442 443 428)
4(428 443 444 429)
4(429 444 445 430)
4(430 445 446 431)
4(431 446 447 432)
4(432 447 448 433)
4(433 448 449 434)
4(434 449 450 435)
4(435 450 451 436)
4(436 451 452 437)
4(437 452 453 438)
4(438 453 454 439)
4(439 454 295 296)
4(1718 1720 1721 1719)
4(2 246 890 52)
4(246 245 891 890)
4(245 244 892 891)
4(244 243 893 892)
4(243 242 894 893)
4(242 241 895 894)
4(241 240 896 895)
4(240 239 897 896)
4(239 238 898 897)
4(238 237 899 898)
4(237 236 900 899)
4(236 235 901 900)
4(235 234 902 901)
4(234 233 903 902)
4(233 232 904 903)
4(232 87 482 904)
4(52 890 905 53)
4(890 891 906 905)
4(891 892 907 906)
4(892 893 908 907)
4(893 894 909 908)
4(894 895 910 909)
4(895 896 911 910)
4(896 897 912 911)
4(897 898 913 912)
4(898 899 914 913)
4(899 900 915 914)
4(900 901 916 915)
4(901 902 917 916)
4(902 903 918 917)
4(903 904 919 918)
4(904 482 483 919)
4(53 905 920 54)
4(905 906 921 920)
4(906 907 922 921)
4(907 908 923 922)
4(908 909 924 923)
4(909 910 925 924)
4(910 911 926 925)
4(911 912 927 926)
4(912 913 928 927)
4(913 914 929 928)
4(914 915 930 929)
4(915 916 931 930)
4(916 917 932 931)
4(917 918 933 932)
4(918 919 934 933)
4(919 483 484 934)
4(54 920 440 12)
4(920 921 441 440)
4(921 922 442 441)
4(922 923 443 442)
4(923 924 444 443)
4(924 925 445 444)
4(925 926 446 445)
4(926 927 447 446)
4(927 928 448 447)
4(928 929 449 448)
4(929 930 450 449)
4(930 931 451 450)
4(931 932 452 451)
4(932 933 453 452)
4(933 934 454 453)
4(934 484 295 454)
4(2 943 1651 246)
4(246 1651 1652 245)
4(245 1652 1653 244)
4(244 1653 1654 243)
4(243 1654 1655 242)
4(242 1655 1656 241)
4(241 1656 1657 240)
4(240 1657 1658 239)
4(239 1658 1659 238)
4(238 1659 1660 237)
4(237 1660 1661 236)
4(236 1661 1662 235)
4(235 1662 1663 234)
4(234 1663 1664 233)
4(233 1664 1665 232)
4(1651 1666 1667 1652)
4(1652 1667 1668 1653)
4(1653 1668 1669 1654)
4(1654 1669 1670 1655)
4(1655 1670 1671 1656)
4(1656 1671 1672 1657)
4(1657 1672 1673 1658)
4(1658 1673 1674 1659)
4(1659 1674 1675 1660)
4(1660 1675 1676 1661)
4(1661 1676 1677 1662)
4(1662 1677 1678 1663)
4(1663 1678 1679 1664)
4(1667 1680 1681 1668)
4(1668 1681 1682 1669)
4(1669 1682 1683 1670)
4(1670 1683 1684 1671)
4(1671 1684 1685 1672)
4(1672 1685 1686 1673)
4(1673 1686 1687 1674)
4(1674 1687 1688 1675)
4(1675 1688 1689 1676)
4(1676 1689 1690 1677)
4(1677 1690 1691 1678)
4(1681 1692 1693 1682)
4(1682 1693 1694 1683)
4(1683 1694 1695 1684)
4(1684 1695 1696 1685)
4(1685 1696 1697 1686)
4(1686 1697 1698 1687)
4(1687 1698 1699 1688)
4(1688 1699 1700 1689)
4(1689 1700 1701 1690)
4(1693 1702 1703 1694)
4(1694 1703 1704 1695)
4(1695 1704 1705 1696)
4(1696 1705 1706 1697)
4(1697 1706 1707 1698)
4(1698 1707 1708 1699)
4(1699 1708 1709 1700)
4(1703 1710 1711 1704)
4(1704 1711 1712 1705)
4(1705 1712 1713 1706)
4(1706 1713 1714 1707)
4(1707 1714 1715 1708)
4(1711 1716 1717 1712)
4(1712 1717 1718 1713)
4(1713 1718 1719 1714)
4(979 987 1085 1084)
4(1084 1085 1156 1155)
4(1155 1156 1227 1226)
4(1226 1227 1298 1297)
4(1297 1298 1369 1368)
4(1368 1369 1439 1438)
4(1438 1439 1508 1507)
4(1507 1508 1578 1577)
4(1577 1578 1650 1649)
4(1649 1650 1721 1720)
4(0 11 25 22)
4(0 72 111 11)
4(22 25 26 23)
4(23 26 27 24)
4(24 27 21 1)
4(11 10 28 25)
4(11 111 126 10)
4(25 28 29 26)
4(26 29 30 27)
4(27 30 20 21)
4(10 9 31 28)
4(10 126 141 9)
4(28 31 32 29)
4(29 32 33 30)
4(30 33 19 20)
4(9 8 34 31)
4(9 141 156 8)
4(31 34 35 32)
4(32 35 36 33)
4(33 36 18 19)
4(8 7 37 34)
4(8 156 171 7)
4(34 37 38 35)
4(35 38 39 36)
4(36 39 17 18)
4(7 6 40 37)
4(7 171 186 6)
4(37 40 41 38)
4(38 41 42 39)
4(39 42 16 17)
4(6 5 43 40)
4(6 186 201 5)
4(40 43 44 41)
4(41 44 45 42)
4(42 45 15 16)
4(5 4 46 43)
4(43 46 47 44)
4(44 47 48 45)
4(45 48 14 15)
4(4 3 49 46)
4(46 49 50 47)
4(47 50 51 48)
4(48 51 13 14)
4(3 2 52 49)
4(49 52 53 50)
4(50 53 54 51)
4(51 54 12 13)
4(940 941 4 5)
4(941 942 3 4)
4(942 943 2 3)
4(72 944 1015 111)
4(944 945 1016 1015)
4(945 946 1030 1016)
4(946 948 1031 1030)
4(948 949 1044 1031)
4(949 952 1045 1044)
4(952 953 1056 1045)
4(953 957 1057 1056)
4(957 958 1066 1057)
4(958 963 1067 1066)
4(963 964 1074 1067)
4(964 970 1075 1074)
4(970 971 1080 1075)
4(971 978 1081 1080)
4(978 979 1084 1081)
4(111 1015 1086 126)
4(1015 1016 1087 1086)
4(1016 1030 1101 1087)
4(1030 1031 1102 1101)
4(1031 1044 1115 1102)
4(1044 1045 1116 1115)
4(1045 1056 1127 1116)
4(1056 1057 1128 1127)
4(1057 1066 1137 1128)
4(1066 1067 1138 1137)
4(1067 1074 1145 1138)
4(1074 1075 1146 1145)
4(1075 1080 1151 1146)
4(1080 1081 1152 1151)
4(1081 1084 1155 1152)
4(126 1086 1157 141)
4(1086 1087 1158 1157)
4(1087 1101 1172 1158)
4(1101 1102 1173 1172)
4(1102 1115 1186 1173)
4(1115 1116 1187 1186)
4(1116 1127 1198 1187)
4(1127 1128 1199 1198)
4(1128 1137 1208 1199)
4(1137 1138 1209 1208)
4(1138 1145 1216 1209)
4(1145 1146 1217 1216)
4(1146 1151 1222 1217)
4(1151 1152 1223 1222)
4(1152 1155 1226 1223)
4(141 1157 1228 156)
4(1157 1158 1229 1228)
4(1158 1172 1243 1229)
4(1172 1173 1244 1243)
4(1173 1186 1257 1244)
4(1186 1187 1258 1257)
4(1187 1198 1269 1258)
4(1198 1199 1270 1269)
4(1199 1208 1279 1270)
4(1208 1209 1280 1279)
4(1209 1216 1287 1280)
4(1216 1217 1288 1287)
4(1217 1222 1293 1288)
4(1222 1223 1294 1293)
4(1223 1226 1297 1294)
4(156 1228 1299 171)
4(1228 1229 1300 1299)
4(1229 1243 1314 1300)
4(1243 1244 1315 1314)
4(1244 1257 1328 1315)
4(1257 1258 1329 1328)
4(1258 1269 1340 1329)
4(1269 1270 1341 1340)
4(1270 1279 1350 1341)
4(1279 1280 1351 1350)
4(1280 1287 1358 1351)
4(1287 1288 1359 1358)
4(1288 1293 1364 1359)
4(1293 1294 1365 1364)
4(1294 1297 1368 1365)
4(171 1299 1370 186)
4(1299 1300 1371 1370)
4(1300 1314 1385 1371)
4(1314 1315 1386 1385)
4(1315 1328 1398 1386)
4(1328 1329 1399 1398)
4(1329 1340 1410 1399)
4(1340 1341 1411 1410)
4(1341 1350 1420 1411)
4(1350 1351 1421 1420)
4(1351 1358 1428 1421)
4(1358 1359 1429 1428)
4(1359 1364 1434 1429)
4(1364 1365 1435 1434)
4(1365 1368 1438 1435)
4(186 1370 1440 201)
4(5 201 1440 940)
4(1370 1371 1441 1440)
4(1371 1385 1456 1441)
4(1440 1441 1456 1455)
4(1385 1386 1457 1456)
4(1386 1398 1469 1457)
4(1398 1399 1470 1469)
4(1399 1410 1480 1470)
4(1410 1411 1481 1480)
4(1411 1420 1489 1481)
4(1420 1421 1490 1489)
4(1421 1428 1497 1490)
4(1428 1429 1498 1497)
4(1429 1434 1503 1498)
4(1434 1435 1504 1503)
4(1435 1438 1507 1504)
4(940 1440 1509 941)
4(1440 1455 1524 1509)
4(1455 1456 1525 1524)
4(1456 1457 1526 1525)
4(1457 1469 1539 1526)
4(1525 1526 1539 1538)
4(1469 1470 1540 1539)
4(1470 1480 1551 1540)
4(1539 1540 1551 1550)
4(1480 1481 1552 1551)
4(1481 1489 1560 1552)
4(1489 1490 1561 1560)
4(1490 1497 1567 1561)
4(1497 1498 1568 1567)
4(1498 1503 1573 1568)
4(1503 1504 1574 1573)
4(1504 1507 1577 1574)
4(941 1509 1579 942)
4(1509 1524 1594 1579)
4(1524 1525 1595 1594)
4(1525 1538 1608 1595)
4(1538 1539 1609 1608)
4(1539 1550 1620 1609)
4(1550 1551 1621 1620)
4(1551 1552 1622 1621)
4(1552 1560 1631 1622)
4(1621 1622 1631 1630)
4(1560 1561 1632 1631)
4(1561 1567 1639 1632)
4(1631 1632 1639 1638)
4(1567 1568 1640 1639)
4(1568 1573 1645 1640)
4(1639 1640 1645 1644)
4(1573 1574 1646 1645)
4(1574 1577 1649 1646)
4(942 1579 1651 943)
4(1579 1594 1666 1651)
4(1594 1595 1667 1666)
4(1595 1608 1680 1667)
4(1608 1609 1681 1680)
4(1609 1620 1692 1681)
4(1620 1621 1693 1692)
4(1621 1630 1702 1693)
4(1630 1631 1703 1702)
4(1631 1638 1710 1703)
4(1638 1639 1711 1710)
4(1639 1644 1716 1711)
4(1644 1645 1717 1716)
4(1645 1646 1718 1717)
4(1646 1649 1720 1718)
4(71 249 455 96)
4(249 248 456 455)
4(248 247 457 456)
4(247 55 304 457)
4(96 455 458 95)
4(455 456 459 458)
4(456 457 460 459)
4(457 304 303 460)
4(95 458 461 94)
4(458 459 462 461)
4(459 460 463 462)
4(460 303 302 463)
4(94 461 464 93)
4(461 462 465 464)
4(462 463 466 465)
4(463 302 301 466)
4(93 464 467 92)
4(142 93 92 157)
4(464 465 468 467)
4(465 466 469 468)
4(466 301 300 469)
4(92 467 470 91)
4(157 92 91 172)
4(467 468 471 470)
4(468 469 472 471)
4(469 300 299 472)
4(91 470 473 90)
4(172 91 90 187)
4(470 471 474 473)
4(471 472 475 474)
4(472 299 298 475)
4(90 473 476 89)
4(187 90 89 202)
4(473 474 477 476)
4(474 475 478 477)
4(475 298 297 478)
4(89 476 479 88)
4(202 89 88 217)
4(476 477 480 479)
4(477 478 481 480)
4(478 297 296 481)
4(88 479 482 87)
4(217 88 87 232)
4(479 480 483 482)
4(480 481 484 483)
4(481 296 295 484)
4(71 96 936 935)
4(96 95 937 936)
4(95 94 938 937)
4(94 93 939 938)
4(1013 935 936 1029)
4(1013 1029 1043 1014)
4(1011 1014 1043 1042)
4(1011 1042 1055 1012)
4(1008 1012 1055 1054)
4(1008 1054 1065 1009)
4(1004 1009 1065 1064)
4(1004 1064 1073 1005)
4(999 1005 1073 1072)
4(999 1072 1079 1000)
4(993 1000 1079 1078)
4(993 1078 1083 994)
4(986 994 1083 1082)
4(986 1082 1085 987)
4(1029 936 937 1100)
4(1029 1100 1114 1043)
4(1042 1043 1114 1113)
4(1042 1113 1126 1055)
4(1054 1055 1126 1125)
4(1054 1125 1136 1065)
4(1064 1065 1136 1135)
4(1064 1135 1144 1073)
4(1072 1073 1144 1143)
4(1072 1143 1150 1079)
4(1078 1079 1150 1149)
4(1078 1149 1154 1083)
4(1082 1083 1154 1153)
4(1082 1153 1156 1085)
4(1100 937 938 1171)
4(1100 1171 1185 1114)
4(1113 1114 1185 1184)
4(1113 1184 1197 1126)
4(1125 1126 1197 1196)
4(1125 1196 1207 1136)
4(1135 1136 1207 1206)
4(1135 1206 1215 1144)
4(1143 1144 1215 1214)
4(1143 1214 1221 1150)
4(1149 1150 1221 1220)
4(1149 1220 1225 1154)
4(1153 1154 1225 1224)
4(1153 1224 1227 1156)
4(1171 938 939 1242)
4(142 1242 939 93)
4(1171 1242 1256 1185)
4(1184 1185 1256 1255)
4(1184 1255 1268 1197)
4(1196 1197 1268 1267)
4(1196 1267 1278 1207)
4(1206 1207 1278 1277)
4(1206 1277 1286 1215)
4(1214 1215 1286 1285)
4(1214 1285 1292 1221)
4(1220 1221 1292 1291)
4(1220 1291 1296 1225)
4(1224 1225 1296 1295)
4(1224 1295 1298 1227)
4(142 157 1313 1242)
4(1242 1313 1327 1256)
4(1255 1256 1327 1326)
4(1312 1326 1327 1313)
4(1255 1326 1339 1268)
4(1267 1268 1339 1338)
4(1267 1338 1349 1278)
4(1277 1278 1349 1348)
4(1277 1348 1357 1286)
4(1285 1286 1357 1356)
4(1285 1356 1363 1292)
4(1291 1292 1363 1362)
4(1291 1362 1367 1296)
4(1295 1296 1367 1366)
4(1295 1366 1369 1298)
4(157 172 1384 1313)
4(1312 1313 1384 1383)
4(1312 1383 1397 1326)
4(1326 1397 1409 1339)
4(1338 1339 1409 1408)
4(1396 1408 1409 1397)
4(1338 1408 1419 1349)
4(1348 1349 1419 1418)
4(1407 1418 1419 1408)
4(1348 1418 1427 1357)
4(1356 1357 1427 1426)
4(1356 1426 1433 1363)
4(1362 1363 1433 1432)
4(1362 1432 1437 1367)
4(1366 1367 1437 1436)
4(1366 1436 1439 1369)
4(172 187 1454 1384)
4(1383 1384 1454 1453)
4(1383 1453 1468 1397)
4(1396 1397 1468 1467)
4(1396 1467 1479 1408)
4(1407 1408 1479 1478)
4(1407 1478 1488 1418)
4(1418 1488 1496 1427)
4(1426 1427 1496 1495)
4(1487 1495 1496 1488)
4(1426 1495 1502 1433)
4(1432 1433 1502 1501)
4(1432 1501 1506 1437)
4(1436 1437 1506 1505)
4(1436 1505 1508 1439)
4(187 202 1523 1454)
4(1453 1454 1523 1522)
4(1453 1522 1537 1468)
4(1467 1468 1537 1536)
4(1467 1536 1549 1479)
4(1478 1479 1549 1548)
4(1478 1548 1559 1488)
4(1487 1488 1559 1558)
4(1487 1558 1566 1495)
4(1495 1566 1572 1502)
4(1501 1502 1572 1571)
4(1565 1571 1572 1566)
4(1501 1571 1576 1506)
4(1505 1506 1576 1575)
4(1505 1575 1578 1508)
4(202 217 1593 1523)
4(1522 1523 1593 1592)
4(1522 1592 1607 1537)
4(1536 1537 1607 1606)
4(1536 1606 1619 1549)
4(1548 1549 1619 1618)
4(1548 1618 1629 1559)
4(1558 1559 1629 1628)
4(1558 1628 1637 1566)
4(1565 1566 1637 1636)
4(1565 1636 1643 1571)
4(1571 1643 1648 1576)
4(1575 1576 1648 1647)
4(1642 1647 1648 1643)
4(1575 1647 1650 1578)
4(217 232 1665 1593)
4(1592 1593 1665 1664)
4(1592 1664 1679 1607)
4(1606 1607 1679 1678)
4(1606 1678 1691 1619)
4(1618 1619 1691 1690)
4(1618 1690 1701 1629)
4(1628 1629 1701 1700)
4(1628 1700 1709 1637)
4(1636 1637 1709 1708)
4(1636 1708 1715 1643)
4(1642 1643 1715 1714)
4(1642 1714 1719 1647)
4(1647 1719 1721 1650)
)


// ************************************************************************* //
