/*--------------------------------*- C++ -*----------------------------------*\
| =========                 |                                                 |
| \\      /  F ield         | OpenFOAM: The Open Source CFD Toolbox           |
|  \\    /   O peration     | Version:  4.x                                   |
|   \\  /    A nd           | Web:      www.OpenFOAM.org                      |
|    \\/     M anipulation  |                                                 |
\*---------------------------------------------------------------------------*/
FoamFile
{
    version     2.0;
    format      ascii;
    class       labelList;
    note        "nPoints: 1722 nCells: 1268 nFaces: 4219 nInternalFaces: 3389";
    location    "constant/polyMesh";
    object      neighbour;
}
// * * * * * * * * * * * * * * * * * * * * * * * * * * * * * * * * * * * * * //


3389
(
1
16
64
2
17
65
640
3
18
66
641
4
19
67
642
5
20
68
643
6
21
69
644
7
22
70
645
8
23
71
646
9
24
72
647
10
25
73
648
11
26
74
649
12
27
75
650
13
28
76
651
14
29
77
652
15
30
78
653
31
79
654
17
32
80
18
33
81
19
34
82
20
35
83
21
36
84
22
37
85
23
38
86
24
39
87
25
40
88
26
41
89
27
42
90
28
43
91
29
44
92
30
45
93
31
46
94
47
95
33
48
96
34
49
97
35
50
98
36
51
99
37
52
100
38
53
101
39
54
102
40
55
103
41
56
104
42
57
105
43
58
106
44
59
107
45
60
108
46
61
109
47
62
110
63
111
49
112
50
113
51
114
52
115
53
116
54
117
55
118
56
119
57
120
58
121
59
122
60
123
61
124
62
125
63
126
127
65
80
128
66
81
129
704
67
82
130
705
68
83
131
706
69
84
132
707
70
85
133
708
71
86
134
709
72
87
135
710
73
88
136
711
74
89
137
712
75
90
138
713
76
91
139
714
77
92
140
715
78
93
141
716
79
94
142
717
95
143
718
81
96
144
82
97
145
83
98
146
84
99
147
85
100
148
86
101
149
87
102
150
88
103
151
89
104
152
90
105
153
91
106
154
92
107
155
93
108
156
94
109
157
95
110
158
111
159
97
112
160
98
113
161
99
114
162
100
115
163
101
116
164
102
117
165
103
118
166
104
119
167
105
120
168
106
121
169
107
122
170
108
123
171
109
124
172
110
125
173
111
126
174
127
175
113
176
114
177
115
178
116
179
117
180
118
181
119
182
120
183
121
184
122
185
123
186
124
187
125
188
126
189
127
190
191
129
144
192
130
145
193
768
131
146
194
769
132
147
195
770
133
148
196
771
134
149
197
772
135
150
198
773
136
151
199
774
137
152
200
775
138
153
201
776
139
154
202
777
140
155
203
778
141
156
204
779
142
157
205
780
143
158
206
781
159
207
782
145
160
208
146
161
209
147
162
210
148
163
211
149
164
212
150
165
213
151
166
214
152
167
215
153
168
216
154
169
217
155
170
218
156
171
219
157
172
220
158
173
221
159
174
222
175
223
161
176
224
162
177
225
163
178
226
164
179
227
165
180
228
166
181
229
167
182
230
168
183
231
169
184
232
170
185
233
171
186
234
172
187
235
173
188
236
174
189
237
175
190
238
191
239
177
240
178
241
179
242
180
243
181
244
182
245
183
246
184
247
185
248
186
249
187
250
188
251
189
252
190
253
191
254
255
193
208
256
194
209
257
832
195
210
258
833
196
211
259
834
197
212
260
835
198
213
261
836
199
214
262
837
200
215
263
838
201
216
264
839
202
217
265
840
203
218
266
841
204
219
267
842
205
220
268
843
206
221
269
844
207
222
270
845
223
271
846
209
224
272
210
225
273
211
226
274
212
227
275
213
228
276
214
229
277
215
230
278
216
231
279
217
232
280
218
233
281
219
234
282
220
235
283
221
236
284
222
237
285
223
238
286
239
287
225
240
288
226
241
289
227
242
290
228
243
291
229
244
292
230
245
293
231
246
294
232
247
295
233
248
296
234
249
297
235
250
298
236
251
299
237
252
300
238
253
301
239
254
302
255
303
241
304
242
305
243
306
244
307
245
308
246
309
247
310
248
311
249
312
250
313
251
314
252
315
253
316
254
317
255
318
319
257
272
320
258
273
321
896
259
274
322
897
260
275
323
898
261
276
324
899
262
277
325
900
263
278
326
901
264
279
327
902
265
280
328
903
266
281
329
904
267
282
330
905
268
283
331
906
269
284
332
907
270
285
333
908
271
286
334
909
287
335
273
288
336
274
289
337
275
290
338
276
291
339
277
292
340
278
293
341
279
294
342
280
295
343
281
296
344
282
297
345
283
298
346
284
299
347
285
300
348
286
301
349
287
302
350
303
351
289
304
352
290
305
353
291
306
354
292
307
355
293
308
356
294
309
357
295
310
358
296
311
359
297
312
360
298
313
361
299
314
362
300
315
363
301
316
364
302
317
365
303
318
366
319
367
305
368
306
369
307
370
308
371
309
372
310
373
311
374
312
375
313
376
314
377
315
378
316
379
317
380
318
381
319
382
383
321
336
384
322
337
385
959
323
338
386
960
324
339
387
961
325
340
388
962
326
341
389
963
327
342
390
964
328
343
391
965
329
344
392
966
330
345
393
967
331
346
394
968
332
347
395
969
333
348
396
970
334
349
397
971
335
350
398
972
351
399
337
352
400
338
353
401
339
354
402
340
355
403
341
356
404
342
357
405
343
358
406
344
359
407
345
360
408
346
361
409
347
362
410
348
363
411
349
364
412
350
365
413
351
366
414
367
415
353
368
416
354
369
417
355
370
418
356
371
419
357
372
420
358
373
421
359
374
422
360
375
423
361
376
424
362
377
425
363
378
426
364
379
427
365
380
428
366
381
429
367
382
430
383
431
369
432
370
433
371
434
372
435
373
436
374
437
375
438
376
439
377
440
378
441
379
442
380
443
381
444
382
445
383
446
447
385
400
448
386
401
449
1021
387
402
450
1022
388
403
451
1023
389
404
452
1024
390
405
453
1025
391
406
454
1026
392
407
455
1027
393
408
456
1028
394
409
457
1029
395
410
458
1030
396
411
459
1031
397
412
460
1032
398
413
461
1033
399
414
462
1034
415
463
401
416
464
402
417
465
403
418
466
404
419
467
405
420
468
406
421
469
407
422
470
408
423
471
409
424
472
410
425
473
411
426
474
412
427
475
413
428
476
414
429
477
415
430
478
431
479
417
432
480
418
433
481
419
434
482
420
435
483
421
436
484
422
437
485
423
438
486
424
439
487
425
440
488
426
441
489
427
442
490
428
443
491
429
444
492
430
445
493
431
446
494
447
495
433
496
434
497
435
498
436
499
437
500
438
501
439
502
440
503
441
504
442
505
443
506
444
507
445
508
446
509
447
510
511
449
464
512
1081
450
465
513
1082
451
466
514
1083
452
467
515
1084
453
468
516
1085
454
469
517
1086
455
470
518
1087
456
471
519
1088
457
472
520
1089
458
473
521
1090
459
474
522
1091
460
475
523
1092
461
476
524
1093
462
477
525
1094
463
478
526
1095
479
527
465
480
528
466
481
529
467
482
530
468
483
531
469
484
532
470
485
533
471
486
534
472
487
535
473
488
536
474
489
537
475
490
538
476
491
539
477
492
540
478
493
541
479
494
542
495
543
481
496
544
482
497
545
483
498
546
484
499
547
485
500
548
486
501
549
487
502
550
488
503
551
489
504
552
490
505
553
491
506
554
492
507
555
493
508
556
494
509
557
495
510
558
511
559
497
560
498
561
499
562
500
563
501
564
502
565
503
566
504
567
505
568
506
569
507
570
508
571
509
572
510
573
511
574
575
513
528
576
1142
514
529
577
1143
515
530
578
1144
516
531
579
1145
517
532
580
1146
518
533
581
1147
519
534
582
1148
520
535
583
1149
521
536
584
1150
522
537
585
1151
523
538
586
1152
524
539
587
1153
525
540
588
1154
526
541
589
1155
527
542
590
1156
543
591
529
544
592
530
545
593
531
546
594
532
547
595
533
548
596
534
549
597
535
550
598
536
551
599
537
552
600
538
553
601
539
554
602
540
555
603
541
556
604
542
557
605
543
558
606
559
607
545
560
608
546
561
609
547
562
610
548
563
611
549
564
612
550
565
613
551
566
614
552
567
615
553
568
616
554
569
617
555
570
618
556
571
619
557
572
620
558
573
621
559
574
622
575
623
561
624
562
625
563
626
564
627
565
628
566
629
567
630
568
631
569
632
570
633
571
634
572
635
573
636
574
637
575
638
639
577
592
1204
578
593
1205
579
594
1206
580
595
1207
581
596
1208
582
597
1209
583
598
1210
584
599
1211
585
600
1212
586
601
1213
587
602
1214
588
603
1215
589
604
1216
590
605
1217
591
606
1218
607
593
608
594
609
595
610
596
611
597
612
598
613
599
614
600
615
601
616
602
617
603
618
604
619
605
620
606
621
607
622
623
609
624
610
625
611
626
612
627
613
628
614
629
615
630
616
631
617
632
618
633
619
634
620
635
621
636
622
637
623
638
639
625
626
627
628
629
630
631
632
633
634
635
636
637
638
639
641
704
642
655
705
643
656
706
644
657
707
645
658
708
646
659
709
647
660
710
648
661
711
649
662
712
650
663
713
651
664
714
652
665
715
653
666
716
654
667
717
718
656
719
657
668
720
658
669
721
659
670
722
660
671
723
661
672
724
662
673
725
663
674
726
664
675
727
665
676
728
666
677
729
667
678
730
731
669
732
670
679
733
671
680
734
672
681
735
673
682
736
674
683
737
675
684
738
676
685
739
677
686
740
678
687
741
742
680
743
681
688
744
682
689
745
683
690
746
684
691
747
685
692
748
686
693
749
687
694
750
751
689
752
690
695
753
691
696
754
692
697
755
693
698
756
694
699
757
758
696
759
697
700
760
698
701
761
699
702
762
763
701
764
702
703
765
766
767
705
768
706
719
769
707
720
770
708
721
771
709
722
772
710
723
773
711
724
774
712
725
775
713
726
776
714
727
777
715
728
778
716
729
779
717
730
780
718
731
781
782
720
783
721
732
784
722
733
785
723
734
786
724
735
787
725
736
788
726
737
789
727
738
790
728
739
791
729
740
792
730
741
793
731
742
794
795
733
796
734
743
797
735
744
798
736
745
799
737
746
800
738
747
801
739
748
802
740
749
803
741
750
804
742
751
805
806
744
807
745
752
808
746
753
809
747
754
810
748
755
811
749
756
812
750
757
813
751
758
814
815
753
816
754
759
817
755
760
818
756
761
819
757
762
820
758
763
821
822
760
823
761
764
824
762
765
825
763
766
826
827
765
828
766
767
829
830
831
769
832
770
783
833
771
784
834
772
785
835
773
786
836
774
787
837
775
788
838
776
789
839
777
790
840
778
791
841
779
792
842
780
793
843
781
794
844
782
795
845
846
784
847
785
796
848
786
797
849
787
798
850
788
799
851
789
800
852
790
801
853
791
802
854
792
803
855
793
804
856
794
805
857
795
806
858
859
797
860
798
807
861
799
808
862
800
809
863
801
810
864
802
811
865
803
812
866
804
813
867
805
814
868
806
815
869
870
808
871
809
816
872
810
817
873
811
818
874
812
819
875
813
820
876
814
821
877
815
822
878
879
817
880
818
823
881
819
824
882
820
825
883
821
826
884
822
827
885
886
824
887
825
828
888
826
829
889
827
830
890
891
829
892
830
831
893
894
895
833
896
834
847
897
835
848
898
836
849
899
837
850
900
838
851
901
839
852
902
840
853
903
841
854
904
842
855
905
843
856
906
844
857
907
845
858
908
846
859
909
848
910
849
860
911
850
861
912
851
862
913
852
863
914
853
864
915
854
865
916
855
866
917
856
867
918
857
868
919
858
869
920
859
870
921
922
861
923
862
871
924
863
872
925
864
873
926
865
874
927
866
875
928
867
876
929
868
877
930
869
878
931
870
879
932
933
872
934
873
880
935
874
881
936
875
882
937
876
883
938
877
884
939
878
885
940
879
886
941
942
881
943
882
887
944
883
888
945
884
889
946
885
890
947
886
891
948
949
888
950
889
892
951
890
893
952
891
894
953
954
893
955
894
895
956
957
958
897
959
898
910
960
899
911
961
900
912
962
901
913
963
902
914
964
903
915
965
904
916
966
905
917
967
906
918
968
907
919
969
908
920
970
909
921
971
922
972
911
973
912
923
974
913
924
975
914
925
976
915
926
977
916
927
978
917
928
979
918
929
980
919
930
981
920
931
982
921
932
983
922
933
984
924
985
925
934
986
926
935
987
927
936
988
928
937
989
929
938
990
930
939
991
931
940
992
932
941
993
933
942
994
995
935
996
936
943
997
937
944
998
938
945
999
939
946
1000
940
947
1001
941
948
1002
942
949
1003
1004
944
1005
945
950
1006
946
951
1007
947
952
1008
948
953
1009
949
954
1010
1011
951
1012
952
955
1013
953
956
1014
954
957
1015
1016
956
1017
957
958
1018
1019
1020
960
1021
961
973
1022
962
974
1023
963
975
1024
964
976
1025
965
977
1026
966
978
1027
967
979
1028
968
980
1029
969
981
1030
970
982
1031
971
983
1032
972
984
1033
1034
974
1035
975
985
1036
976
986
1037
977
987
1038
978
988
1039
979
989
1040
980
990
1041
981
991
1042
982
992
1043
983
993
1044
984
994
1045
995
1046
986
1047
987
996
1048
988
997
1049
989
998
1050
990
999
1051
991
1000
1052
992
1001
1053
993
1002
1054
994
1003
1055
995
1004
1056
997
1057
998
1005
1058
999
1006
1059
1000
1007
1060
1001
1008
1061
1002
1009
1062
1003
1010
1063
1004
1011
1064
1006
1065
1007
1012
1066
1008
1013
1067
1009
1014
1068
1010
1015
1069
1011
1016
1070
1071
1013
1072
1014
1017
1073
1015
1018
1074
1016
1019
1075
1076
1018
1077
1019
1020
1078
1079
1080
1022
1082
1023
1035
1083
1024
1036
1084
1025
1037
1085
1026
1038
1086
1027
1039
1087
1028
1040
1088
1029
1041
1089
1030
1042
1090
1031
1043
1091
1032
1044
1092
1033
1045
1093
1034
1046
1094
1095
1036
1097
1037
1047
1098
1038
1048
1099
1039
1049
1100
1040
1050
1101
1041
1051
1102
1042
1052
1103
1043
1053
1104
1044
1054
1105
1045
1055
1106
1046
1056
1107
1108
1048
1109
1049
1057
1110
1050
1058
1111
1051
1059
1112
1052
1060
1113
1053
1061
1114
1054
1062
1115
1055
1063
1116
1056
1064
1117
1118
1058
1119
1059
1065
1120
1060
1066
1121
1061
1067
1122
1062
1068
1123
1063
1069
1124
1064
1070
1125
1071
1126
1066
1127
1067
1072
1128
1068
1073
1129
1069
1074
1130
1070
1075
1131
1071
1076
1132
1073
1133
1074
1077
1134
1075
1078
1135
1076
1079
1136
1137
1078
1138
1079
1080
1139
1140
1141
1082
1142
1083
1096
1143
1084
1097
1144
1085
1098
1145
1086
1099
1146
1087
1100
1147
1088
1101
1148
1089
1102
1149
1090
1103
1150
1091
1104
1151
1092
1105
1152
1093
1106
1153
1094
1107
1154
1095
1108
1155
1156
1097
1157
1098
1158
1099
1109
1159
1100
1110
1160
1101
1111
1161
1102
1112
1162
1103
1113
1163
1104
1114
1164
1105
1115
1165
1106
1116
1166
1107
1117
1167
1108
1118
1168
1169
1110
1171
1111
1119
1172
1112
1120
1173
1113
1121
1174
1114
1122
1175
1115
1123
1176
1116
1124
1177
1117
1125
1178
1118
1126
1179
1180
1120
1182
1121
1127
1183
1122
1128
1184
1123
1129
1185
1124
1130
1186
1125
1131
1187
1126
1132
1188
1189
1128
1190
1129
1133
1191
1130
1134
1192
1131
1135
1193
1132
1136
1194
1137
1195
1134
1196
1135
1138
1197
1136
1139
1198
1137
1140
1199
1139
1200
1140
1141
1201
1202
1203
1143
1204
1144
1157
1205
1145
1158
1206
1146
1159
1207
1147
1160
1208
1148
1161
1209
1149
1162
1210
1150
1163
1211
1151
1164
1212
1152
1165
1213
1153
1166
1214
1154
1167
1215
1155
1168
1216
1156
1169
1217
1218
1158
1219
1159
1170
1220
1160
1171
1221
1161
1172
1222
1162
1173
1223
1163
1174
1224
1164
1175
1225
1165
1176
1226
1166
1177
1227
1167
1178
1228
1168
1179
1229
1169
1180
1230
1231
1171
1232
1172
1181
1233
1173
1182
1234
1174
1183
1235
1175
1184
1236
1176
1185
1237
1177
1186
1238
1178
1187
1239
1179
1188
1240
1180
1189
1241
1242
1182
1243
1183
1244
1184
1190
1245
1185
1191
1246
1186
1192
1247
1187
1193
1248
1188
1194
1249
1189
1195
1250
1251
1191
1253
1192
1196
1254
1193
1197
1255
1194
1198
1256
1195
1199
1257
1258
1197
1260
1198
1200
1261
1199
1201
1262
1202
1263
1201
1265
1202
1203
1266
1267
1205
1206
1219
1207
1220
1208
1221
1209
1222
1210
1223
1211
1224
1212
1225
1213
1226
1214
1227
1215
1228
1216
1229
1217
1230
1218
1231
1220
1221
1232
1222
1233
1223
1234
1224
1235
1225
1236
1226
1237
1227
1238
1228
1239
1229
1240
1230
1241
1231
1242
1233
1234
1243
1235
1244
1236
1245
1237
1246
1238
1247
1239
1248
1240
1249
1241
1250
1242
1251
1244
1245
1252
1246
1253
1247
1254
1248
1255
1249
1256
1250
1257
1251
1258
1253
1254
1259
1255
1260
1256
1261
1257
1262
1258
1263
1260
1261
1264
1262
1265
1263
1266
1265
1266
1267
)


// ************************************************************************* //
