/*--------------------------------*- C++ -*----------------------------------*\
| =========                 |                                                 |
| \\      /  F ield         | OpenFOAM: The Open Source CFD Toolbox           |
|  \\    /   O peration     | Version:  4.x                                   |
|   \\  /    A nd           | Web:      www.OpenFOAM.org                      |
|    \\/     M anipulation  |                                                 |
\*---------------------------------------------------------------------------*/
FoamFile
{
    version     2.0;
    format      ascii;
    class       labelList;
    location    "constant/polyMesh";
    object      pointProcAddressing;
}
// * * * * * * * * * * * * * * * * * * * * * * * * * * * * * * * * * * * * * //


1722
(
1
3
13
14
15
16
17
18
19
20
21
22
31
32
33
34
35
36
37
38
39
40
44
45
46
47
48
49
50
51
52
53
54
55
56
57
58
59
60
61
62
63
64
65
66
67
68
69
70
71
72
73
74
75
76
135
136
137
138
139
140
141
142
143
144
145
146
147
148
149
150
151
152
153
154
155
156
157
158
159
160
161
162
163
164
165
166
176
177
178
179
180
181
182
183
184
185
186
187
188
189
190
191
192
193
194
195
196
197
198
199
200
201
202
203
204
205
206
207
208
209
210
211
212
213
214
215
216
217
218
219
220
221
222
223
224
225
226
227
228
229
230
231
232
233
234
235
236
237
238
239
240
241
242
243
244
245
246
247
248
249
250
251
252
253
254
255
256
257
258
259
260
261
262
263
264
265
266
267
268
269
270
271
272
273
274
275
276
277
278
279
280
281
282
283
284
285
286
287
288
289
290
291
292
293
294
295
296
297
298
299
300
301
302
303
304
305
306
307
308
309
310
311
312
313
314
315
316
317
318
319
320
321
322
323
324
325
326
327
328
329
330
331
332
333
334
335
471
472
473
474
475
476
477
478
479
480
481
482
483
484
485
486
487
488
489
490
491
492
493
494
495
496
497
498
499
500
501
502
503
504
505
506
507
508
509
510
511
512
513
514
515
516
517
518
528
529
530
531
532
533
534
535
536
537
538
539
540
541
542
543
544
545
546
547
548
549
550
551
552
553
554
555
556
557
558
559
560
561
562
563
564
565
566
567
568
569
570
571
572
573
574
575
576
577
578
579
580
581
582
583
584
585
586
587
588
589
590
591
592
593
594
595
596
597
598
599
600
601
602
603
604
605
606
607
608
609
610
611
612
613
614
615
616
617
618
619
620
621
622
623
624
625
626
627
628
629
630
631
632
633
634
635
636
637
638
639
640
641
642
643
644
645
646
647
648
649
650
651
652
653
654
655
656
657
658
659
660
661
662
663
664
665
666
667
668
669
670
671
672
673
674
675
676
677
678
679
680
681
682
683
684
685
686
687
871
872
873
874
875
876
877
878
879
880
881
882
883
884
885
886
887
888
889
890
891
892
893
894
895
896
897
898
899
900
928
929
930
931
932
933
934
935
936
937
938
939
940
941
942
943
944
945
946
947
948
949
950
951
952
953
954
955
956
957
958
959
960
961
962
963
964
965
966
967
968
969
970
971
972
973
974
975
976
977
978
979
980
981
982
983
984
985
986
987
988
989
990
991
992
993
994
995
996
997
998
999
1000
1001
1002
1003
1004
1005
1006
1007
1008
1009
1010
1011
1012
1013
1014
1015
1016
1017
1018
1019
1020
1021
1022
1023
1024
1025
1026
1027
1028
1029
1030
1031
1032
1033
1034
1035
1036
1037
1038
1039
1040
1041
1042
1043
1044
1045
1046
1047
1048
1049
1050
1051
1052
1053
1054
1055
1056
1057
1058
1059
1060
1061
1062
1063
1064
1065
1066
1067
1068
1069
1070
1071
1072
1073
1074
1075
1076
1077
1078
1079
1080
1081
1082
1083
1084
1085
1086
1087
1088
1089
1090
1091
1092
1093
1094
1095
1096
1097
1098
1099
1100
1101
1102
1103
1104
1105
1106
1107
1108
1109
1110
1111
1112
1113
1114
1115
1116
1117
1118
1119
1120
1121
1122
1123
1124
1125
1126
1127
1128
1129
1130
1131
1132
1133
1134
1135
1136
1137
1138
1139
1140
1141
1142
1143
1144
1145
1146
1147
1148
1149
1150
1151
1152
1153
1154
1155
1156
1157
1158
1159
1160
1161
1162
1163
1164
1165
1166
1167
1168
1169
1170
1171
1172
1173
1174
1175
1176
1177
1178
1179
1180
1181
1182
1183
1184
1185
1186
1187
1188
1189
1190
1191
1192
1193
1194
1195
1196
1197
1198
1199
1200
1201
1202
1203
1204
1205
1206
1207
1208
1209
1210
1211
1212
1213
1214
1215
1216
1217
1218
1219
1220
1221
1222
1223
1224
1225
1226
1227
1228
1229
1230
1231
1232
1233
1234
1235
1236
1237
1238
1239
1240
1241
1242
1243
1244
1245
1246
1247
1248
1249
1250
1251
1252
1253
1254
1255
1256
1257
1258
1259
1260
1261
1262
1263
1264
1265
1266
1267
1268
1269
1270
1271
1272
1273
1274
1275
1276
1277
1278
1279
1280
1281
1282
1283
1284
1285
1286
1287
1288
1289
1290
1291
1292
1293
1294
1295
1296
1297
1298
1299
1300
1301
1302
1303
1304
1305
1306
1307
1308
1309
1310
1311
1312
1313
1314
1315
1316
1317
1318
1319
1320
1321
1322
1323
1324
1325
1326
1327
1328
1329
1330
1331
1332
1333
1334
1335
1336
1337
1338
1339
1340
1341
1342
1343
1344
1345
1346
1347
1348
1349
1350
1351
1352
1353
1354
1355
1356
1357
1358
1359
1360
1361
1362
1363
1364
1365
1366
1367
1368
1369
1370
1371
1372
1373
1374
1375
1376
1377
1832
1880
1895
1910
1925
5338
5353
5368
5383
6718
6733
6734
6748
6749
6750
6763
6764
6765
6766
6778
6779
6780
6781
6782
6793
6794
6795
6796
6797
6798
6808
6809
6810
6811
6812
6813
6814
6823
6824
6825
6826
6827
6828
6829
6830
6838
6839
6840
6841
6842
6843
6844
6845
6853
6854
6855
6856
6857
6858
6859
6868
6869
6870
6871
6872
6873
6883
6884
6885
6886
6887
6898
6899
6900
6901
6913
6914
6915
6928
6929
7168
7169
7170
7171
7172
7173
7174
7175
7176
7177
7178
7179
7180
7181
7182
7184
7185
7186
7187
7188
7189
7190
7191
7192
7193
7194
7195
7196
7197
7200
7201
7202
7203
7204
7205
7206
7207
7208
7209
7210
7211
7216
7217
7218
7219
7220
7221
7222
7223
7224
7225
7232
7233
7234
7235
7236
7237
7238
7239
7248
7249
7250
7251
7252
7253
7264
7265
7266
7267
7280
7281
7393
7394
7395
7396
7397
7398
7399
7400
7401
7402
7403
7404
7405
7406
7407
7409
7410
7411
7412
7413
7414
7415
7416
7417
7418
7419
7420
7421
7422
7425
7426
7427
7428
7429
7430
7431
7432
7433
7434
7435
7436
7441
7442
7443
7444
7445
7446
7447
7448
7449
7450
7457
7458
7459
7460
7461
7462
7463
7464
7473
7474
7475
7476
7477
7478
7489
7490
7491
7492
7505
7506
7618
7619
7620
7621
7622
7623
7624
7625
7626
7627
7628
7629
7630
7631
7632
7634
7635
7636
7637
7638
7639
7640
7641
7642
7643
7644
7645
7646
7647
7650
7651
7652
7653
7654
7655
7656
7657
7658
7659
7660
7661
7666
7667
7668
7669
7670
7671
7672
7673
7674
7675
7682
7683
7684
7685
7686
7687
7688
7689
7698
7699
7700
7701
7702
7703
7714
7715
7716
7717
7730
7731
7843
7844
7845
7846
7847
7848
7849
7850
7851
7852
7853
7854
7855
7856
7857
7859
7860
7861
7862
7863
7864
7865
7866
7867
7868
7869
7870
7871
7872
7875
7876
7877
7878
7879
7880
7881
7882
7883
7884
7885
7886
7891
7892
7893
7894
7895
7896
7897
7898
7899
7900
7907
7908
7909
7910
7911
7912
7913
7914
7923
7924
7925
7926
7927
7928
7939
7940
7941
7942
7955
7956
8068
8069
8070
8071
8072
8073
8074
8075
8076
8077
8078
8079
8080
8081
8082
8084
8085
8086
8087
8088
8089
8090
8091
8092
8093
8094
8095
8096
8097
8100
8101
8102
8103
8104
8105
8106
8107
8108
8109
8110
8111
8116
8117
8118
8119
8120
8121
8122
8123
8124
8125
8132
8133
8134
8135
8136
8137
8138
8139
8148
8149
8150
8151
8152
8153
8164
8165
8166
8167
8180
8181
8293
8294
8295
8296
8297
8298
8299
8300
8301
8302
8303
8304
8305
8306
8307
8309
8310
8311
8312
8313
8314
8315
8316
8317
8318
8319
8320
8321
8325
8326
8327
8328
8329
8330
8331
8332
8333
8334
8335
8336
8341
8342
8343
8344
8345
8346
8347
8348
8349
8350
8357
8358
8359
8360
8361
8362
8363
8364
8373
8374
8375
8376
8377
8378
8389
8390
8391
8392
8405
8406
8518
8519
8520
8521
8522
8523
8524
8525
8526
8527
8528
8529
8530
8531
8532
8533
8534
8535
8536
8537
8538
8539
8540
8541
8542
8543
8544
8545
8546
8550
8551
8552
8553
8554
8555
8556
8557
8558
8559
8560
8566
8567
8568
8569
8570
8571
8572
8573
8574
8582
8583
8584
8585
8586
8587
8588
8589
8598
8599
8600
8601
8602
8603
8614
8615
8616
8617
8630
8631
8743
8744
8745
8746
8747
8748
8749
8750
8751
8752
8753
8754
8755
8756
8757
8758
8759
8760
8761
8762
8763
8764
8765
8766
8767
8768
8769
8770
8771
8774
8775
8776
8777
8778
8779
8780
8781
8782
8783
8784
8785
8790
8791
8792
8793
8794
8795
8796
8797
8798
8799
8807
8808
8809
8810
8811
8812
8813
8823
8824
8825
8826
8827
8828
8839
8840
8841
8842
8855
8856
8968
8969
8970
8971
8972
8973
8974
8975
8976
8977
8978
8979
8980
8981
8982
8983
8984
8985
8986
8987
8988
8989
8990
8991
8992
8993
8994
8995
8996
8999
9000
9001
9002
9003
9004
9005
9006
9007
9008
9009
9010
9015
9016
9017
9018
9019
9020
9021
9022
9023
9024
9031
9032
9033
9034
9035
9036
9037
9038
9047
9048
9049
9050
9051
9052
9063
9064
9065
9066
9067
9080
9081
9193
9194
9195
9196
9197
9198
9199
9200
9201
9202
9203
9204
9205
9206
9207
9208
9209
9210
9211
9212
9213
9214
9215
9216
9217
9218
9219
9220
9221
9224
9225
9226
9227
9228
9229
9230
9231
9232
9233
9234
9235
9240
9241
9242
9243
9244
9245
9246
9247
9248
9249
9256
9257
9258
9259
9260
9261
9262
9263
9272
9273
9274
9275
9276
9277
9288
9289
9290
9291
9305
9306
)


// ************************************************************************* //
