/*--------------------------------*- C++ -*----------------------------------*\
| =========                 |                                                 |
| \\      /  F ield         | OpenFOAM: The Open Source CFD Toolbox           |
|  \\    /   O peration     | Version:  4.x                                   |
|   \\  /    A nd           | Web:      www.OpenFOAM.org                      |
|    \\/     M anipulation  |                                                 |
\*---------------------------------------------------------------------------*/
FoamFile
{
    version     2.0;
    format      ascii;
    class       labelList;
    location    "constant/polyMesh";
    object      cellProcAddressing;
}
// * * * * * * * * * * * * * * * * * * * * * * * * * * * * * * * * * * * * * //


1347
(
3836
3837
3838
3839
3840
3841
3842
3843
3844
3845
3846
3847
3848
3849
3850
3851
3852
3853
3854
3855
3856
3857
3858
3859
3860
3861
3862
3863
3864
3865
3866
3867
3868
3869
3870
3871
3872
3873
3874
3875
3876
3877
3878
3879
3880
3881
3882
3883
3884
3885
3886
3887
3888
3889
3890
3891
3892
3893
3894
3895
3896
3897
3898
3899
3900
3901
3902
3903
3904
3905
3906
3907
3908
3909
3910
3911
3912
3913
3914
3915
3916
3917
3918
3919
3920
3921
3922
3923
3924
3925
3926
3927
3928
3929
3930
3931
3932
3933
3934
3935
3936
3937
3938
3939
3940
3941
3942
3943
3944
3945
3946
3947
3948
3949
3950
3951
3952
3953
3954
3955
3956
3957
3958
3959
3960
3961
3962
3963
3964
3965
3966
3967
3968
3969
3970
3971
3972
3973
3974
3975
3976
3977
3978
3979
3980
3981
3982
3983
3984
3985
3986
3987
3988
3989
3990
3991
3992
3993
3994
3995
3996
3997
3998
3999
4000
4001
4002
4003
4004
4005
4006
4007
4008
4009
4010
4011
4012
4013
4014
4015
4016
4017
4018
4019
4020
4021
4022
4023
4024
4025
4026
4027
4028
4029
4030
4031
4032
4033
4034
4035
4036
4037
4038
4039
4040
4041
4042
4043
4044
4045
4046
4047
4048
4049
4050
4051
4052
4053
4054
4055
4056
4057
4058
4059
4060
4061
4062
4063
4064
4065
4066
4067
4068
4069
4070
4071
4072
4073
4074
4075
4076
4077
4078
4079
4080
4081
4082
4083
4084
4085
4086
4087
4088
4089
4090
4091
4092
4093
4094
4095
4096
4097
4098
4099
4100
4101
4102
4103
4104
4105
4106
4107
4108
4109
4110
4111
4112
4113
4114
4115
4116
4117
4118
4119
4120
4121
4122
4123
4124
4125
4126
4127
4128
4129
4130
4131
4132
4133
4134
4135
4136
4137
4138
4139
4140
4141
4142
4143
4144
4145
4146
4147
4148
4149
4150
4151
4152
4153
4154
4155
4156
4157
4158
4159
4160
4161
4162
4163
4164
4165
4166
4167
4168
4169
4170
4171
4172
4173
4174
4175
4176
4177
4178
4179
4180
4181
4182
4183
4184
4185
4186
4187
4188
4189
4190
4191
4192
4193
4194
4195
4196
4197
4198
4199
4200
4201
4202
4203
4204
4205
4206
4207
4208
4209
4210
4211
4212
4213
4214
4215
4216
4217
4218
4219
4220
4221
4222
4223
4224
4225
4226
4227
4228
4229
4230
4231
4232
4233
4234
4235
4236
4237
4238
4239
4240
4241
4242
4243
4244
4245
4246
4247
4248
4249
4250
4251
4252
4253
4254
4255
4256
4257
4258
4259
4260
4261
4262
4263
4264
4265
4266
4267
4268
4269
4270
4271
4272
4273
4274
4275
4276
4277
4278
4279
4280
4281
4282
4283
4284
4285
4286
4287
4288
4289
4290
4291
4292
4293
4294
4295
4296
4297
4298
4299
4300
4301
4302
4303
4304
4305
4306
4307
4308
4309
4310
4311
4312
4313
4314
4315
4316
4317
4318
4319
4320
4321
4322
4323
4324
4325
4326
4327
4328
4329
4330
4331
4332
4333
4334
4335
4336
4337
4338
4339
4340
4341
4342
4343
4344
4345
4346
4347
4348
4349
4350
4351
4352
4353
4354
4355
4356
4357
4358
4359
4360
4361
4362
4363
4364
4365
4366
4367
4368
4369
4370
4371
4372
4373
4374
4375
4376
4377
4378
4379
4380
4381
4382
4383
4384
4385
4386
4387
4388
4389
4390
4391
4392
4393
4394
4395
4396
4397
4398
4399
4400
4401
4402
4403
4404
4405
4406
4407
4408
4409
4410
4411
4412
4413
4414
4415
4416
4417
4418
4419
4420
4421
4422
4423
4424
4425
4426
4427
4428
4429
4430
4431
4432
4433
4434
4435
4436
4437
4438
4439
4440
4441
4442
4443
4444
4445
4446
4447
4448
4449
4450
4451
4452
4453
4454
4455
4456
4457
4458
4459
4460
4461
4462
4463
4464
4465
4466
4467
4468
4469
4470
4471
4472
4473
4474
4475
5112
5128
5129
5144
5145
5146
5160
5161
5162
5163
5176
5177
5178
5179
5180
5192
5193
5194
5195
5196
5197
5208
5209
5210
5211
5212
5213
5214
5224
5225
5226
5227
5228
5229
5230
5231
5240
5241
5242
5243
5244
5245
5246
5247
5256
5257
5258
5259
5260
5261
5262
5272
5273
5274
5275
5276
5277
5288
5289
5290
5291
5292
5304
5305
5306
5307
5320
5321
5322
5336
5337
5352
5368
5384
5385
5400
5401
5402
5416
5417
5418
5419
5432
5433
5434
5435
5436
5448
5449
5450
5451
5452
5453
5464
5465
5466
5467
5468
5469
5470
5480
5481
5482
5483
5484
5485
5486
5487
5496
5497
5498
5499
5500
5501
5502
5503
5512
5513
5514
5515
5516
5517
5518
5528
5529
5530
5531
5532
5533
5544
5545
5546
5547
5548
5560
5561
5562
5563
5576
5577
5578
5592
5593
5608
5624
5640
5641
5656
5657
5658
5672
5673
5674
5675
5688
5689
5690
5691
5692
5704
5705
5706
5707
5708
5709
5720
5721
5722
5723
5724
5725
5726
5736
5737
5738
5739
5740
5741
5742
5743
5752
5753
5754
5755
5756
5757
5758
5759
5768
5769
5770
5771
5772
5773
5774
5784
5785
5786
5787
5788
5789
5800
5801
5802
5803
5804
5816
5817
5818
5819
5832
5833
5834
5848
5849
5864
5880
5896
5897
5912
5913
5914
5928
5929
5930
5931
5944
5945
5946
5947
5948
5960
5961
5962
5963
5964
5965
5976
5977
5978
5979
5980
5981
5982
5992
5993
5994
5995
5996
5997
5998
5999
6008
6009
6010
6011
6012
6013
6014
6015
6024
6025
6026
6027
6028
6029
6030
6040
6041
6042
6043
6044
6045
6056
6057
6058
6059
6060
6072
6073
6074
6075
6088
6089
6090
6104
6105
6120
6136
6152
6153
6168
6169
6170
6184
6185
6186
6187
6200
6201
6202
6203
6204
6216
6217
6218
6219
6220
6221
6232
6233
6234
6235
6236
6237
6238
6248
6249
6250
6251
6252
6253
6254
6255
6264
6265
6266
6267
6268
6269
6270
6271
6280
6281
6282
6283
6284
6285
6286
6296
6297
6298
6299
6300
6301
6312
6313
6314
6315
6316
6328
6329
6330
6331
6344
6345
6346
6360
6361
6376
6392
6408
6409
6424
6425
6426
6440
6441
6442
6443
6456
6457
6458
6459
6460
6472
6473
6474
6475
6476
6477
6488
6489
6490
6491
6492
6493
6494
6504
6505
6506
6507
6508
6509
6510
6511
6520
6521
6522
6523
6524
6525
6526
6527
6536
6537
6538
6539
6540
6541
6542
6552
6553
6554
6555
6556
6557
6568
6569
6570
6571
6572
6584
6585
6586
6587
6600
6601
6602
6616
6617
6632
6648
6664
6665
6680
6681
6682
6696
6697
6698
6699
6712
6713
6714
6715
6716
6728
6729
6730
6731
6732
6733
6744
6745
6746
6747
6748
6749
6750
6760
6761
6762
6763
6764
6765
6766
6767
6776
6777
6778
6779
6780
6781
6782
6783
6792
6793
6794
6795
6796
6797
6798
6808
6809
6810
6811
6812
6813
6824
6825
6826
6827
6828
6840
6841
6842
6843
6856
6857
6858
6872
6873
6888
6920
6936
6937
6938
6952
6953
6954
6955
6968
6969
6970
6971
6972
6984
6985
6986
6987
6988
6989
7000
7001
7002
7003
7004
7005
7006
7016
7017
7018
7019
7020
7021
7022
7023
7032
7033
7034
7035
7036
7037
7038
7039
7048
7049
7050
7051
7052
7053
7054
7064
7065
7066
7067
7068
7069
7080
7081
7082
7083
7084
7096
7097
7098
7099
7112
7113
7114
7128
7129
7144
7176
7192
7193
7208
7209
7210
7224
7225
7226
7227
7228
7240
7241
7242
7243
7244
7245
7256
7257
7258
7259
7260
7261
7262
7272
7273
7274
7275
7276
7277
7278
7279
7288
7289
7290
7291
7292
7293
7294
7295
7304
7305
7306
7307
7308
7309
7310
7320
7321
7322
7323
7324
7325
7336
7337
7338
7339
7340
7352
7353
7354
7355
7368
7369
7370
7384
7385
7400
7432
7448
7449
7464
7465
7466
7480
7481
7482
7483
7496
7497
7498
7499
7500
7512
7513
7514
7515
7516
7517
7528
7529
7530
7531
7532
7533
7534
7535
7544
7545
7546
7547
7548
7549
7550
7551
7560
7561
7562
7563
7564
7565
7566
7576
7577
7578
7579
7580
7581
7592
7593
7594
7595
7596
7608
7609
7610
7611
7624
7625
7626
7640
7641
7656
)


// ************************************************************************* //
