/*--------------------------------*- C++ -*----------------------------------*\
| =========                 |                                                 |
| \\      /  F ield         | OpenFOAM: The Open Source CFD Toolbox           |
|  \\    /   O peration     | Version:  4.x                                   |
|   \\  /    A nd           | Web:      www.OpenFOAM.org                      |
|    \\/     M anipulation  |                                                 |
\*---------------------------------------------------------------------------*/
FoamFile
{
    version     2.0;
    format      ascii;
    class       labelList;
    location    "constant/polyMesh";
    object      faceProcAddressing;
}
// * * * * * * * * * * * * * * * * * * * * * * * * * * * * * * * * * * * * * //


4457
(
11391
11392
11393
11394
11395
11396
11397
11398
11399
11400
11401
11402
11403
11404
11405
11406
11407
11408
11409
11410
11411
11412
11413
11414
11415
11416
11417
11418
11419
11420
11421
11422
11423
11424
11425
11426
11427
11428
11429
11430
11431
11432
11433
11434
11435
11436
11437
11438
11439
11440
11441
11442
11443
11444
11445
11446
11447
11448
11449
11450
11451
11452
11453
11454
11455
11456
11457
11458
11459
11460
11461
11462
11463
11464
11465
11466
11467
11468
11469
11470
11471
11472
11473
11474
11475
11476
11477
11478
11479
11480
11481
11482
11483
11484
11485
11486
11487
11488
11489
11490
11491
11492
11493
11494
11495
11496
11497
11498
11499
11500
11501
11502
11503
11504
11505
11506
11507
11508
11509
11510
11511
11512
11513
11514
11515
11516
11517
11518
11519
11520
11521
11522
11523
11524
11525
11526
11527
11528
11529
11530
11531
11532
11533
11534
11535
11536
11537
11538
11539
11540
11541
11542
11543
11544
11545
11546
11547
11548
11549
11550
11551
11552
11553
11554
11555
11556
11557
11558
11559
11560
11561
11562
11563
11564
11565
11566
11567
11568
11569
11570
11571
11572
11573
11574
11575
11576
11577
11578
11579
11580
11581
11582
11583
11584
11585
11586
11587
11588
11589
11590
11591
11592
11593
11594
11595
11596
11597
11598
11599
11600
11601
11602
11603
11604
11605
11606
11607
11608
11609
11610
11611
11612
11613
11614
11615
11616
11617
11618
11619
11620
11621
11622
11623
11624
11625
11626
11627
11628
11629
11630
11631
11632
11633
11634
11635
11636
11637
11638
11639
11640
11641
11642
11643
11644
11645
11646
11647
11648
11649
11650
11651
11652
11653
11654
11655
11656
11657
11658
11659
11660
11661
11662
11663
11664
11665
11666
11667
11668
11669
11670
11671
11672
11673
11674
11675
11676
11677
11678
11679
11680
11681
11682
11683
11684
11685
11686
11687
11688
11689
11690
11691
11692
11693
11694
11695
11696
11697
11698
11699
11700
11701
11702
11703
11704
11705
11706
11707
11708
11709
11710
11711
11712
11713
11714
11715
11716
11717
11718
11719
11720
11721
11722
11723
11724
11725
11726
11727
11728
11729
11730
11731
11732
11733
11734
11735
11736
11737
11738
11739
11740
11741
11742
11743
11744
11745
11746
11747
11748
11749
11750
11751
11752
11753
11754
11755
11756
11757
11758
11759
11760
11761
11762
11763
11764
11765
11766
11767
11768
11769
11770
11771
11772
11773
11774
11775
11776
11777
11778
11779
11780
11781
11782
11783
11784
11785
11786
11787
11788
11789
11790
11791
11792
11793
11794
11795
11796
11797
11798
11799
11800
11801
11802
11803
11804
11805
11806
11807
11808
11809
11810
11811
11812
11813
11814
11815
11816
11817
11818
11819
11820
11821
11822
11823
11824
11825
11826
11827
11828
11829
11830
11831
11832
11833
11834
11835
11836
11837
11838
11839
11840
11841
11842
11843
11844
11845
11846
11847
11848
11849
11850
11851
11852
11853
11854
11855
11856
11857
11858
11859
11860
11861
11862
11863
11864
11865
11866
11867
11868
11869
11870
11871
11872
11873
11874
11875
11876
11877
11878
11879
11880
11881
11882
11883
11884
11885
11886
11887
11888
11889
11890
11891
11892
11893
11894
11895
11896
11897
11898
11899
11900
11901
11902
11903
11904
11905
11906
11907
11908
11909
11910
11911
11912
11913
11914
11915
11916
11917
11918
11919
11920
11921
11922
11923
11924
11925
11926
11927
11928
11929
11930
11931
11932
11933
11934
11935
11936
11937
11938
11939
11940
11941
11942
11943
11944
11945
11946
11947
11948
11949
11950
11951
11952
11953
11954
11955
11956
11957
11958
11959
11960
11961
11962
11963
11964
11965
11966
11967
11968
11969
11970
11971
11972
11973
11974
11975
11976
11977
11978
11979
11980
11981
11982
11983
11984
11985
11986
11987
11988
11989
11990
11991
11992
11993
11994
11995
11996
11997
11998
11999
12000
12001
12002
12003
12004
12005
12006
12007
12008
12009
12010
12011
12012
12013
12014
12015
12016
12017
12018
12019
12020
12021
12022
12023
12024
12025
12026
12027
12028
12029
12030
12031
12032
12033
12034
12035
12036
12037
12038
12039
12040
12041
12042
12043
12044
12045
12046
12047
12048
12049
12050
12051
12052
12053
12054
12055
12056
12057
12058
12059
12060
12061
12062
12063
12064
12065
12066
12067
12068
12069
12070
12071
12072
12073
12074
12075
12076
12077
12078
12079
12080
12081
12082
12083
12084
12085
12086
12087
12088
12089
12090
12091
12092
12093
12094
12095
12096
12097
12098
12099
12100
12101
12102
12103
12104
12105
12106
12107
12108
12109
12110
12111
12112
12113
12114
12115
12116
12117
12118
12119
12120
12121
12122
12123
12124
12125
12126
12127
12128
12129
12130
12131
12132
12133
12134
12135
12136
12137
12138
12139
12140
12141
12142
12143
12144
12145
12146
12147
12148
12149
12150
12151
12152
12153
12154
12155
12156
12157
12158
12159
12160
12161
12162
12163
12164
12165
12166
12167
12168
12169
12170
12171
12172
12173
12174
12175
12176
12177
12178
12179
12180
12181
12182
12183
12184
12185
12186
12187
12188
12189
12190
12191
12192
12193
12194
12195
12196
12197
12198
12199
12200
12201
12202
12203
12204
12205
12206
12207
12208
12209
12210
12211
12212
12213
12214
12215
12216
12217
12218
12219
12220
12221
12222
12223
12224
12225
12226
12227
12228
12229
12230
12231
12232
12233
12234
12235
12236
12237
12238
12239
12240
12241
12242
12243
12244
12245
12246
12247
12248
12249
12250
12251
12252
12253
12254
12255
12256
12257
12258
12259
12260
12261
12262
12263
12264
12265
12266
12267
12268
12269
12270
12271
12272
12273
12274
12275
12276
12277
12278
12279
12280
12281
12282
12283
12284
12285
12286
12287
12288
12289
12290
12291
12292
12293
12294
12295
12296
12297
12298
12299
12300
12301
12302
12303
12304
12305
12306
12307
12308
12309
12310
12311
12312
12313
12314
12315
12316
12317
12318
12319
12320
12321
12322
12323
12324
12325
12326
12327
12328
12329
12330
12331
12332
12333
12334
12335
12336
12337
12338
12339
12340
12341
12342
12343
12344
12345
12346
12347
12348
12349
12350
12351
12352
12353
12354
12355
12356
12357
12358
12359
12360
12361
12362
12363
12364
12365
12366
12367
12368
12369
12370
12371
12372
12373
12374
12375
12376
12377
12378
12379
12380
12381
12382
12383
12384
12385
12386
12387
12388
12389
12390
12391
12392
12393
12394
12395
12396
12397
12398
12399
12400
12401
12402
12403
12404
12405
12406
12407
12408
12409
12410
12411
12412
12413
12414
12415
12416
12417
12418
12419
12420
12421
12422
12423
12424
12425
12426
12427
12428
12429
12430
12431
12432
12433
12434
12435
12436
12437
12438
12439
12440
12441
12442
12443
12444
12445
12446
12447
12448
12449
12450
12451
12452
12453
12454
12455
12456
12457
12458
12459
12460
12461
12462
12463
12464
12465
12466
12467
12468
12469
12470
12471
12472
12473
12474
12475
12476
12477
12478
12479
12480
12481
12482
12483
12484
12485
12486
12487
12488
12489
12490
12491
12492
12493
12494
12495
12496
12497
12498
12499
12500
12501
12502
12503
12504
12505
12506
12507
12508
12509
12510
12511
12512
12513
12514
12515
12516
12517
12518
12519
12520
12521
12522
12523
12524
12525
12526
12527
12528
12529
12530
12531
12532
12533
12534
12535
12536
12537
12538
12539
12540
12541
12542
12543
12544
12545
12546
12547
12548
12549
12550
12551
12552
12553
12554
12555
12556
12557
12558
12559
12560
12561
12562
12563
12564
12565
12566
12567
12568
12569
12570
12571
12572
12573
12574
12575
12576
12577
12578
12579
12580
12581
12582
12583
12584
12585
12586
12587
12588
12589
12590
12591
12592
12593
12594
12595
12596
12597
12598
12599
12600
12601
12602
12603
12604
12605
12606
12607
12608
12609
12610
12611
12612
12613
12614
12615
12616
12617
12618
12619
12620
12621
12622
12623
12624
12625
12626
12627
12628
12629
12630
12631
12632
12633
12634
12635
12636
12637
12638
12639
12640
12641
12642
12643
12644
12645
12646
12647
12648
12649
12650
12651
12652
12653
12654
12655
12656
12657
12658
12659
12660
12661
12662
12663
12664
12665
12666
12667
12668
12669
12670
12671
12672
12673
12674
12675
12676
12677
12678
12679
12680
12681
12682
12683
12684
12685
12686
12687
12688
12689
12690
12691
12692
12693
12694
12695
12696
12697
12698
12699
12700
12701
12702
12703
12704
12705
12706
12707
12708
12709
12710
12711
12712
12713
12714
12715
12716
12717
12718
12719
12720
12721
12722
12723
12724
12725
12726
12727
12728
12729
12730
12731
12732
12733
12734
12735
12736
12737
12738
12739
12740
12741
12742
12743
12744
12745
12746
12747
12748
12749
12750
12751
12752
12753
12754
12755
12756
12757
12758
12759
12760
12761
12762
12763
12764
12765
12766
12767
12768
12770
12771
12772
12773
12774
12775
12776
12777
12778
12779
12780
12781
12782
12783
12784
12785
12786
12787
12788
12789
12790
12791
12792
12793
12794
12795
12796
12797
12798
12799
12800
12801
12802
12803
12804
12805
12806
12807
12808
12809
12810
12811
12812
12813
12814
12815
12816
12817
12818
12819
12820
12821
12822
12823
12824
12825
12826
12827
12828
12829
12830
12831
12832
12833
12834
12835
12836
12837
12838
12839
12840
12841
12842
12843
12844
12845
12846
12847
12848
12849
12850
12851
12852
12853
12854
12855
12856
12857
12858
12859
12860
12861
12862
12863
12864
12865
12866
12867
12868
12869
12870
12871
12872
12873
12874
12875
12876
12877
12878
12879
12880
12881
12882
12883
12884
12885
12886
12887
12888
12889
12890
12891
12892
12893
12894
12895
12896
12897
12898
12899
12900
12901
12902
12903
12904
12905
12906
12907
12908
12909
12910
12911
12912
12913
12914
12915
12916
12917
12918
12919
12920
12921
12922
12923
12924
12925
12926
12927
12928
12929
12930
12931
12932
12933
12934
12935
12936
12937
12938
12939
12940
12941
12942
12943
12944
12945
12946
12947
12948
12949
12950
12951
12952
12953
12954
12955
12956
12958
12959
12960
12961
12962
12963
12964
12965
12966
12967
12968
12969
12970
12971
12972
12973
12974
12975
12976
12977
12978
12979
12980
12981
12982
12983
12984
12985
12986
12987
12988
12989
12990
12991
12992
12993
12994
12995
12996
12997
12998
12999
13000
13001
13002
13003
13004
13005
13006
13007
13008
13009
13010
13011
13012
13013
13014
13015
13016
13017
13018
13019
13020
13021
13022
13023
13024
13025
13026
13027
13028
13029
13030
13031
13032
13033
13034
13035
13036
13037
13038
13039
13040
13041
13042
13043
13044
13045
13046
13047
13048
13049
13050
13051
13052
13053
13054
13055
13056
13057
13058
13059
13060
13061
13062
13063
13064
13065
13066
13067
13068
13069
13070
13071
13072
13073
13074
13075
13076
13077
13078
13079
13080
13081
13082
13083
13084
13086
13087
13088
13090
13091
13092
13094
13095
13096
13098
13099
13100
13102
13103
13104
13106
13107
13108
13110
13111
13112
13114
13115
13116
13118
13119
13120
13122
13123
13124
13126
13127
13128
13130
13131
13132
13134
13135
13136
13138
13139
13140
13142
13143
13146
13147
13149
13150
13152
13153
13155
13156
13158
13159
13161
13162
13164
13165
13167
13168
13170
13171
13173
13174
13176
13177
13179
13180
13182
13183
13185
13186
13188
13189
13191
13193
13194
13196
13197
13199
13200
13202
13203
13205
13206
13208
13209
13211
13212
13214
13215
13217
13218
13220
13221
13223
13224
13226
13227
13229
13230
13232
13233
13235
13236
13238
13240
13242
13244
13246
13248
13250
13252
13254
13256
13258
13260
13262
13264
13266
13268
15074
15075
15120
15121
15122
15124
15125
15167
15168
15169
15170
15171
15172
15174
15175
15214
15215
15216
15217
15218
15219
15220
15221
15222
15224
15225
15261
15262
15263
15264
15265
15266
15267
15268
15269
15270
15271
15272
15274
15275
15308
15309
15310
15311
15312
15313
15314
15315
15316
15317
15318
15319
15320
15321
15322
15324
15325
15355
15356
15357
15358
15359
15360
15361
15362
15363
15364
15365
15366
15367
15368
15369
15370
15371
15372
15374
15375
15402
15403
15404
15405
15406
15407
15408
15409
15410
15411
15412
15413
15414
15415
15416
15417
15418
15419
15420
15421
15422
15424
15425
15449
15450
15451
15452
15453
15454
15455
15456
15457
15458
15459
15460
15461
15462
15463
15464
15465
15466
15467
15468
15469
15472
15496
15497
15498
15499
15500
15501
15502
15503
15504
15505
15506
15507
15508
15509
15510
15511
15512
15513
15516
15543
15544
15545
15546
15547
15548
15549
15550
15551
15552
15553
15554
15555
15556
15557
15560
15590
15591
15592
15593
15594
15595
15596
15597
15598
15599
15600
15601
15604
15637
15638
15639
15640
15641
15642
15643
15644
15645
15648
15684
15685
15686
15687
15688
15689
15692
15731
15732
15733
15736
15779
15810
15811
15856
15857
15858
15860
15861
15903
15904
15905
15906
15907
15908
15910
15911
15950
15951
15952
15953
15954
15955
15956
15957
15958
15960
15961
15997
15998
15999
16000
16001
16002
16003
16004
16005
16006
16007
16008
16010
16011
16044
16045
16046
16047
16048
16049
16050
16051
16052
16053
16054
16055
16056
16057
16058
16060
16061
16091
16092
16093
16094
16095
16096
16097
16098
16099
16100
16101
16102
16103
16104
16105
16106
16107
16108
16110
16111
16138
16139
16140
16141
16142
16143
16144
16145
16146
16147
16148
16149
16150
16151
16152
16153
16154
16155
16156
16157
16158
16160
16161
16185
16186
16187
16188
16189
16190
16191
16192
16193
16194
16195
16196
16197
16198
16199
16200
16201
16202
16203
16204
16205
16208
16232
16233
16234
16235
16236
16237
16238
16239
16240
16241
16242
16243
16244
16245
16246
16247
16248
16249
16252
16279
16280
16281
16282
16283
16284
16285
16286
16287
16288
16289
16290
16291
16292
16293
16296
16326
16327
16328
16329
16330
16331
16332
16333
16334
16335
16336
16337
16340
16373
16374
16375
16376
16377
16378
16379
16380
16381
16384
16420
16421
16422
16423
16424
16425
16428
16467
16468
16469
16472
16515
16546
16547
16592
16593
16594
16596
16597
16639
16640
16641
16642
16643
16644
16646
16647
16686
16687
16688
16689
16690
16691
16692
16693
16694
16696
16697
16733
16734
16735
16736
16737
16738
16739
16740
16741
16742
16743
16744
16746
16747
16780
16781
16782
16783
16784
16785
16786
16787
16788
16789
16790
16791
16792
16793
16794
16796
16797
16827
16828
16829
16830
16831
16832
16833
16834
16835
16836
16837
16838
16839
16840
16841
16842
16843
16844
16846
16847
16874
16875
16876
16877
16878
16879
16880
16881
16882
16883
16884
16885
16886
16887
16888
16889
16890
16891
16892
16893
16894
16896
16897
16921
16922
16923
16924
16925
16926
16927
16928
16929
16930
16931
16932
16933
16934
16935
16936
16937
16938
16939
16940
16941
16944
16968
16969
16970
16971
16972
16973
16974
16975
16976
16977
16978
16979
16980
16981
16982
16983
16984
16985
16988
17015
17016
17017
17018
17019
17020
17021
17022
17023
17024
17025
17026
17027
17028
17029
17032
17062
17063
17064
17065
17066
17067
17068
17069
17070
17071
17072
17073
17076
17109
17110
17111
17112
17113
17114
17115
17116
17117
17120
17156
17157
17158
17159
17160
17161
17164
17203
17204
17205
17208
17251
17282
17283
17328
17329
17330
17332
17333
17375
17376
17377
17378
17379
17380
17382
17383
17422
17423
17424
17425
17426
17427
17428
17429
17430
17432
17433
17469
17470
17471
17472
17473
17474
17475
17476
17477
17478
17479
17480
17482
17483
17516
17517
17518
17519
17520
17521
17522
17523
17524
17525
17526
17527
17528
17529
17530
17532
17533
17563
17564
17565
17566
17567
17568
17569
17570
17571
17572
17573
17574
17575
17576
17577
17578
17579
17580
17582
17583
17610
17611
17612
17613
17614
17615
17616
17617
17618
17619
17620
17621
17622
17623
17624
17625
17626
17627
17628
17629
17630
17632
17633
17657
17658
17659
17660
17661
17662
17663
17664
17665
17666
17667
17668
17669
17670
17671
17672
17673
17674
17675
17676
17677
17680
17704
17705
17706
17707
17708
17709
17710
17711
17712
17713
17714
17715
17716
17717
17718
17719
17720
17721
17724
17751
17752
17753
17754
17755
17756
17757
17758
17759
17760
17761
17762
17763
17764
17765
17768
17798
17799
17800
17801
17802
17803
17804
17805
17806
17807
17808
17809
17812
17845
17846
17847
17848
17849
17850
17851
17852
17853
17856
17892
17893
17894
17895
17896
17897
17900
17939
17940
17941
17944
17987
18018
18019
18064
18065
18066
18068
18069
18111
18112
18113
18114
18115
18116
18118
18119
18158
18159
18160
18161
18162
18163
18164
18165
18166
18168
18169
18205
18206
18207
18208
18209
18210
18211
18212
18213
18214
18215
18216
18218
18219
18252
18253
18254
18255
18256
18257
18258
18259
18260
18261
18262
18263
18264
18265
18266
18268
18269
18299
18300
18301
18302
18303
18304
18305
18306
18307
18308
18309
18310
18311
18312
18313
18314
18315
18316
18318
18319
18346
18347
18348
18349
18350
18351
18352
18353
18354
18355
18356
18357
18358
18359
18360
18361
18362
18363
18364
18365
18366
18368
18369
18393
18394
18395
18396
18397
18398
18399
18400
18401
18402
18403
18404
18405
18406
18407
18408
18409
18410
18411
18412
18413
18416
18440
18441
18442
18443
18444
18445
18446
18447
18448
18449
18450
18451
18452
18453
18454
18455
18456
18457
18460
18487
18488
18489
18490
18491
18492
18493
18494
18495
18496
18497
18498
18499
18500
18501
18504
18534
18535
18536
18537
18538
18539
18540
18541
18542
18543
18544
18545
18548
18581
18582
18583
18584
18585
18586
18587
18588
18589
18592
18628
18629
18630
18631
18632
18633
18636
18675
18676
18677
18680
18723
18754
18755
18800
18801
18802
18804
18805
18847
18848
18849
18850
18851
18852
18854
18855
18894
18895
18896
18897
18898
18899
18900
18901
18902
18904
18905
18941
18942
18943
18944
18945
18946
18947
18948
18949
18950
18951
18952
18954
18955
18988
18989
18990
18991
18992
18993
18994
18995
18996
18997
18998
18999
19000
19001
19002
19004
19005
19035
19036
19037
19038
19039
19040
19041
19042
19043
19044
19045
19046
19047
19048
19049
19050
19051
19052
19054
19055
19082
19083
19084
19085
19086
19087
19088
19089
19090
19091
19092
19093
19094
19095
19096
19097
19098
19099
19100
19101
19102
19104
19105
19129
19130
19131
19132
19133
19134
19135
19136
19137
19138
19139
19140
19141
19142
19143
19144
19145
19146
19147
19148
19149
19152
19176
19177
19178
19179
19180
19181
19182
19183
19184
19185
19186
19187
19188
19189
19190
19191
19192
19193
19196
19223
19224
19225
19226
19227
19228
19229
19230
19231
19232
19233
19234
19235
19236
19237
19240
19270
19271
19272
19273
19274
19275
19276
19277
19278
19279
19280
19281
19284
19317
19318
19319
19320
19321
19322
19323
19324
19325
19328
19364
19365
19366
19367
19368
19369
19372
19411
19412
19413
19416
19459
19490
19536
19537
19538
19540
19583
19584
19585
19586
19587
19588
19590
19591
19630
19631
19632
19633
19634
19635
19636
19637
19638
19640
19641
19677
19678
19679
19680
19681
19682
19683
19684
19685
19686
19687
19688
19690
19691
19724
19725
19726
19727
19728
19729
19730
19731
19732
19733
19734
19735
19736
19737
19738
19740
19741
19771
19772
19773
19774
19775
19776
19777
19778
19779
19780
19781
19782
19783
19784
19785
19786
19787
19788
19790
19791
19818
19819
19820
19821
19822
19823
19824
19825
19826
19827
19828
19829
19830
19831
19832
19833
19834
19835
19836
19837
19838
19840
19841
19865
19866
19867
19868
19869
19870
19871
19872
19873
19874
19875
19876
19877
19878
19879
19880
19881
19882
19883
19884
19885
19888
19912
19913
19914
19915
19916
19917
19918
19919
19920
19921
19922
19923
19924
19925
19926
19927
19928
19929
19932
19959
19960
19961
19962
19963
19964
19965
19966
19967
19968
19969
19970
19971
19972
19973
19976
20006
20007
20008
20009
20010
20011
20012
20013
20014
20015
20016
20017
20020
20053
20054
20055
20056
20057
20058
20059
20060
20061
20064
20100
20101
20102
20103
20104
20105
20108
20147
20148
20149
20152
20195
20273
20274
20319
20320
20321
20322
20323
20324
20326
20366
20367
20368
20369
20370
20371
20372
20373
20374
20376
20413
20414
20415
20416
20417
20418
20419
20420
20421
20422
20423
20424
20426
20427
20460
20461
20462
20463
20464
20465
20466
20467
20468
20469
20470
20471
20472
20473
20474
20476
20477
20507
20508
20509
20510
20511
20512
20513
20514
20515
20516
20517
20518
20519
20520
20521
20522
20523
20524
20526
20527
20554
20555
20556
20557
20558
20559
20560
20561
20562
20563
20564
20565
20566
20567
20568
20569
20570
20571
20572
20573
20574
20576
20577
20601
20602
20603
20604
20605
20606
20607
20608
20609
20610
20611
20612
20613
20614
20615
20616
20617
20618
20619
20620
20621
20624
20648
20649
20650
20651
20652
20653
20654
20655
20656
20657
20658
20659
20660
20661
20662
20663
20664
20665
20668
20695
20696
20697
20698
20699
20700
20701
20702
20703
20704
20705
20706
20707
20708
20709
20712
20742
20743
20744
20745
20746
20747
20748
20749
20750
20751
20752
20753
20756
20789
20790
20791
20792
20793
20794
20795
20796
20797
20800
20836
20837
20838
20839
20840
20841
20844
20883
20884
20885
20888
20931
21009
21010
21055
21056
21057
21059
21060
21102
21103
21104
21105
21106
21107
21109
21110
21149
21150
21151
21152
21153
21154
21155
21156
21157
21158
21159
21160
21162
21196
21197
21198
21199
21200
21201
21202
21203
21204
21205
21206
21207
21208
21209
21210
21212
21243
21244
21245
21246
21247
21248
21249
21250
21251
21252
21253
21254
21255
21256
21257
21258
21259
21260
21262
21290
21291
21292
21293
21294
21295
21296
21297
21298
21299
21300
21301
21302
21303
21304
21305
21306
21307
21308
21309
21310
21312
21313
21337
21338
21339
21340
21341
21342
21343
21344
21345
21346
21347
21348
21349
21350
21351
21352
21353
21354
21355
21356
21357
21360
21384
21385
21386
21387
21388
21389
21390
21391
21392
21393
21394
21395
21396
21397
21398
21399
21400
21401
21404
21431
21432
21433
21434
21435
21436
21437
21438
21439
21440
21441
21442
21443
21444
21445
21448
21478
21479
21480
21481
21482
21483
21484
21485
21486
21487
21488
21489
21492
21525
21526
21527
21528
21529
21530
21531
21532
21533
21536
21572
21573
21574
21575
21576
21577
21580
21619
21620
21621
21624
21667
21745
21791
21792
21795
21838
21839
21841
21842
21845
21885
21886
21888
21889
21891
21892
21895
21932
21933
21935
21936
21938
21939
21941
21942
21945
21979
21980
21982
21983
21985
21986
21988
21989
21991
21992
21995
22026
22027
22029
22030
22032
22033
22035
22036
22038
22039
22041
22042
22044
22045
22048
22073
22074
22076
22077
22079
22080
22082
22083
22085
22086
22088
22089
22091
22092
22120
22121
22123
22124
22126
22127
22129
22130
22132
22133
22135
22136
22167
22168
22170
22171
22173
22174
22176
22177
22179
22180
22214
22215
22217
22218
22220
22221
22223
22224
22261
22262
22264
22265
22267
22268
22308
22309
22311
22312
22355
22356
29605
29606
29607
29608
29609
29610
29611
29612
29613
29614
29615
29616
29617
29618
29619
29620
29621
29622
29623
29624
29625
29626
29627
29628
29629
29630
29631
29632
29633
29634
29635
29636
29733
29734
29735
29736
29737
29738
29739
29740
29741
29742
29743
29744
29745
29746
29747
29748
29749
29750
29751
29752
29753
29754
29755
29756
29757
29758
29759
29760
29761
29762
29763
29764
29797
29798
29799
29800
29801
29802
29803
29804
29805
29806
29807
29808
29809
29810
29811
29812
29814
29815
29816
29817
29818
29819
29820
29821
29822
29823
29824
29825
29826
29827
29831
29832
29833
29834
29835
29836
29837
29838
29839
29840
29841
29842
29848
29849
29850
29851
29852
29853
29854
29855
29856
29857
29865
29866
29867
29868
29869
29870
29871
29872
29882
29883
29884
29885
29886
29887
29899
29900
29901
29902
29916
29917
31271
31272
31273
31274
31275
31276
31277
31278
31279
31280
31281
31282
31283
31284
31285
31286
31287
31288
31289
31290
31291
31292
31293
31294
31295
31296
31297
31298
31299
31300
31301
31302
31303
31304
31305
31306
31307
31308
31309
31310
31311
31312
31313
31314
31315
31316
31317
31318
31319
31320
31321
31322
31323
31324
31325
31326
31327
31328
31329
31330
31331
31332
31333
31334
31335
31336
31337
31338
31339
31340
31341
31342
31343
31344
31345
31346
31347
31348
31349
31350
31351
31352
31353
31354
31355
31356
31357
31358
31359
31360
31361
31362
31363
31364
31365
31366
31367
31368
31369
31370
31371
31372
31373
31374
31375
31376
31377
31378
31379
31380
31381
31382
31383
31384
31385
31386
31387
31388
31389
31390
31391
31392
31393
31394
31395
31396
31397
31398
31399
31400
31401
31402
31403
31404
31405
31406
31407
31408
31409
31410
31411
31412
31413
31414
31415
31416
31417
31418
31419
31420
31421
31422
31423
31424
31425
31426
31427
31428
31429
31430
13085
13089
13093
13097
13101
13105
13109
13113
13117
13121
13125
13129
13133
13137
13141
13144
13148
13151
13154
13157
13160
13163
13166
13169
13172
13175
13178
13181
13184
13187
13190
13192
13195
13198
13201
13204
13207
13210
13213
13216
13219
13222
13225
13228
13231
13234
13237
13239
13241
13243
13245
13247
13249
13251
13253
13255
13257
13259
13261
13263
13265
13267
13269
13270
21746
21793
21796
21840
21843
21846
21887
21890
21893
21896
21934
21937
21940
21943
21946
21981
21984
21987
21990
21993
21996
22028
22031
22034
22037
22040
22043
22046
22075
22078
22081
22084
22087
22090
22093
22096
22122
22125
22128
22131
22134
22137
22140
22169
22172
22175
22178
22181
22184
22216
22219
22222
22225
22228
22263
22266
22269
22272
22310
22313
22316
22357
22360
22403
22049
-7677
-7678
-7726
-7774
-7806
-7869
-7870
-7918
-7966
-7998
-8061
-8062
-8110
-8158
-8190
-8253
-8254
-8302
-8350
-8382
-8445
-8446
-8494
-8542
-8574
-8637
-8638
-8686
-8734
-8766
-8829
-8830
-8878
-8926
-8958
-9021
-9022
-9070
-9118
-9150
-9213
-9214
-9262
-9310
-9342
-9405
-9406
-9454
-9502
-9534
15470
15471
15514
15515
15558
15559
15602
15603
15646
15647
15690
15691
15734
15735
15778
16206
16207
16250
16251
16294
16295
16338
16339
16382
16383
16426
16427
16470
16471
16514
16942
16943
16986
16987
17030
17031
17074
17075
17118
17119
17162
17163
17206
17207
17250
17678
17679
17722
17723
17766
17767
17810
17811
17854
17855
17898
17899
17942
17943
17986
18414
18415
18458
18459
18502
18503
18546
18547
18590
18591
18634
18635
18678
18679
18722
19150
19151
19194
19195
19238
19239
19282
19283
19326
19327
19370
19371
19414
19415
19458
19886
19887
19930
19931
19974
19975
20018
20019
20062
20063
20106
20107
20150
20151
20194
20622
20623
20666
20667
20710
20711
20754
20755
20798
20799
20842
20843
20886
20887
20930
21358
21359
21402
21403
21446
21447
21490
21491
21534
21535
21578
21579
21622
21623
21666
22094
22095
22138
22139
22182
22183
22226
22227
22270
22271
22314
22315
22358
22359
22402
-4
-5
-69
-118
-166
-200
-201
-265
-314
-362
-396
-397
-461
-510
-558
-592
-593
-657
-706
-754
-788
-789
-853
-902
-950
-984
-985
-1049
-1098
-1146
-1180
-1181
-1245
-1294
-1342
-1376
-1441
-1490
-1538
-1572
-1637
-1686
-1734
-1768
-1833
-1882
-1930
12769
12957
13145
15073
-15077
15123
-15127
15173
-15177
15223
-15227
15273
-15277
15323
-15327
15373
-15377
15423
15809
-15813
15859
-15863
15909
-15913
15959
-15963
16009
-16013
16059
-16063
16109
-16113
16159
16545
-16549
16595
-16599
16645
-16649
16695
-16699
16745
-16749
16795
-16799
16845
-16849
16895
17281
-17285
17331
-17335
17381
-17385
17431
-17435
17481
-17485
17531
-17535
17581
-17585
17631
18017
-18021
18067
-18071
18117
-18121
18167
-18171
18217
-18221
18267
-18271
18317
-18321
18367
18753
-18757
18803
-18807
18853
-18857
18903
-18907
18953
-18957
19003
-19007
19053
-19057
19103
19489
19491
-19493
19539
19541
-19543
19589
-19593
19639
-19643
19689
-19693
19739
-19743
19789
-19793
19839
-20226
20272
-20276
-20279
20325
20327
-20329
20375
20377
-20379
20425
-20429
20475
-20479
20525
-20529
20575
-20962
21008
-21012
21058
-21062
21108
-21112
-21115
21161
21163
-21165
21211
21213
-21215
21261
21263
-21265
21311
-21698
21744
-21748
21794
-21798
21844
-21848
21894
-21898
21944
-21948
21994
-21998
-22001
22047
)


// ************************************************************************* //
