/*--------------------------------*- C++ -*----------------------------------*\
| =========                 |                                                 |
| \\      /  F ield         | OpenFOAM: The Open Source CFD Toolbox           |
|  \\    /   O peration     | Version:  4.x                                   |
|   \\  /    A nd           | Web:      www.OpenFOAM.org                      |
|    \\/     M anipulation  |                                                 |
\*---------------------------------------------------------------------------*/
FoamFile
{
    version     2.0;
    format      ascii;
    class       faceList;
    location    "constant/polyMesh";
    object      faces;
}
// * * * * * * * * * * * * * * * * * * * * * * * * * * * * * * * * * * * * * //


4457
(
4(144 309 504 173)
4(88 99 504 309)
4(75 173 504 99)
4(64 144 173 75)
4(145 310 505 172)
4(309 504 505 310)
4(173 172 505 504)
4(144 145 172 173)
4(146 311 506 171)
4(310 505 506 311)
4(172 171 506 505)
4(145 146 171 172)
4(147 312 507 170)
4(311 506 507 312)
4(171 170 507 506)
4(146 147 170 171)
4(148 313 508 169)
4(312 507 508 313)
4(170 169 508 507)
4(147 148 169 170)
4(149 314 509 168)
4(313 508 509 314)
4(169 168 509 508)
4(148 149 168 169)
4(150 315 510 167)
4(314 509 510 315)
4(168 167 510 509)
4(149 150 167 168)
4(151 316 511 166)
4(315 510 511 316)
4(167 166 511 510)
4(150 151 166 167)
4(152 317 512 165)
4(316 511 512 317)
4(166 165 512 511)
4(151 152 165 166)
4(153 318 513 164)
4(317 512 513 318)
4(165 164 513 512)
4(152 153 164 165)
4(154 319 514 163)
4(318 513 514 319)
4(164 163 514 513)
4(153 154 163 164)
4(155 320 515 162)
4(319 514 515 320)
4(163 162 515 514)
4(154 155 162 163)
4(156 321 516 161)
4(320 515 516 321)
4(162 161 516 515)
4(155 156 161 162)
4(157 322 517 160)
4(321 516 517 322)
4(161 160 517 516)
4(156 157 160 161)
4(158 323 518 159)
4(322 517 518 323)
4(160 159 518 517)
4(157 158 159 160)
4(323 518 25 22)
4(159 11 25 518)
4(158 0 11 159)
4(309 324 519 504)
4(87 100 519 324)
4(99 504 519 100)
4(310 325 520 505)
4(324 519 520 325)
4(504 505 520 519)
4(311 326 521 506)
4(325 520 521 326)
4(505 506 521 520)
4(312 327 522 507)
4(326 521 522 327)
4(506 507 522 521)
4(313 328 523 508)
4(327 522 523 328)
4(507 508 523 522)
4(314 329 524 509)
4(328 523 524 329)
4(508 509 524 523)
4(315 330 525 510)
4(329 524 525 330)
4(509 510 525 524)
4(316 331 526 511)
4(330 525 526 331)
4(510 511 526 525)
4(317 332 527 512)
4(331 526 527 332)
4(511 512 527 526)
4(318 333 528 513)
4(332 527 528 333)
4(512 513 528 527)
4(319 334 529 514)
4(333 528 529 334)
4(513 514 529 528)
4(320 335 530 515)
4(334 529 530 335)
4(514 515 530 529)
4(321 336 531 516)
4(335 530 531 336)
4(515 516 531 530)
4(322 337 532 517)
4(336 531 532 337)
4(516 517 532 531)
4(323 338 533 518)
4(337 532 533 338)
4(517 518 533 532)
4(338 533 26 23)
4(518 25 26 533)
4(324 339 534 519)
4(86 101 534 339)
4(100 519 534 101)
4(325 340 535 520)
4(339 534 535 340)
4(519 520 535 534)
4(326 341 536 521)
4(340 535 536 341)
4(520 521 536 535)
4(327 342 537 522)
4(341 536 537 342)
4(521 522 537 536)
4(328 343 538 523)
4(342 537 538 343)
4(522 523 538 537)
4(329 344 539 524)
4(343 538 539 344)
4(523 524 539 538)
4(330 345 540 525)
4(344 539 540 345)
4(524 525 540 539)
4(331 346 541 526)
4(345 540 541 346)
4(525 526 541 540)
4(332 347 542 527)
4(346 541 542 347)
4(526 527 542 541)
4(333 348 543 528)
4(347 542 543 348)
4(527 528 543 542)
4(334 349 544 529)
4(348 543 544 349)
4(528 529 544 543)
4(335 350 545 530)
4(349 544 545 350)
4(529 530 545 544)
4(336 351 546 531)
4(350 545 546 351)
4(530 531 546 545)
4(337 352 547 532)
4(351 546 547 352)
4(531 532 547 546)
4(338 353 548 533)
4(352 547 548 353)
4(532 533 548 547)
4(353 548 27 24)
4(533 26 27 548)
4(339 129 354 534)
4(101 534 354 98)
4(340 130 355 535)
4(534 535 355 354)
4(341 131 356 536)
4(535 536 356 355)
4(342 132 357 537)
4(536 537 357 356)
4(343 133 358 538)
4(537 538 358 357)
4(344 134 359 539)
4(538 539 359 358)
4(345 135 360 540)
4(539 540 360 359)
4(346 136 361 541)
4(540 541 361 360)
4(347 137 362 542)
4(541 542 362 361)
4(348 138 363 543)
4(542 543 363 362)
4(349 139 364 544)
4(543 544 364 363)
4(350 140 365 545)
4(544 545 365 364)
4(351 141 366 546)
4(545 546 366 365)
4(352 142 367 547)
4(546 547 367 366)
4(353 143 368 548)
4(547 548 368 367)
4(548 27 21 368)
4(173 504 549 188)
4(99 102 549 504)
4(74 188 549 102)
4(75 173 188 74)
4(172 505 550 187)
4(504 549 550 505)
4(188 187 550 549)
4(173 172 187 188)
4(171 506 551 186)
4(505 550 551 506)
4(187 186 551 550)
4(172 171 186 187)
4(170 507 552 185)
4(506 551 552 507)
4(186 185 552 551)
4(171 170 185 186)
4(169 508 553 184)
4(507 552 553 508)
4(185 184 553 552)
4(170 169 184 185)
4(168 509 554 183)
4(508 553 554 509)
4(184 183 554 553)
4(169 168 183 184)
4(167 510 555 182)
4(509 554 555 510)
4(183 182 555 554)
4(168 167 182 183)
4(166 511 556 181)
4(510 555 556 511)
4(182 181 556 555)
4(167 166 181 182)
4(165 512 557 180)
4(511 556 557 512)
4(181 180 557 556)
4(166 165 180 181)
4(164 513 558 179)
4(512 557 558 513)
4(180 179 558 557)
4(165 164 179 180)
4(163 514 559 178)
4(513 558 559 514)
4(179 178 559 558)
4(164 163 178 179)
4(162 515 560 177)
4(514 559 560 515)
4(178 177 560 559)
4(163 162 177 178)
4(161 516 561 176)
4(515 560 561 516)
4(177 176 561 560)
4(162 161 176 177)
4(160 517 562 175)
4(516 561 562 517)
4(176 175 562 561)
4(161 160 175 176)
4(159 518 563 174)
4(517 562 563 518)
4(175 174 563 562)
4(160 159 174 175)
4(518 563 28 25)
4(174 10 28 563)
4(159 11 10 174)
4(504 519 564 549)
4(100 103 564 519)
4(102 549 564 103)
4(505 520 565 550)
4(519 564 565 520)
4(549 550 565 564)
4(506 521 566 551)
4(520 565 566 521)
4(550 551 566 565)
4(507 522 567 552)
4(521 566 567 522)
4(551 552 567 566)
4(508 523 568 553)
4(522 567 568 523)
4(552 553 568 567)
4(509 524 569 554)
4(523 568 569 524)
4(553 554 569 568)
4(510 525 570 555)
4(524 569 570 525)
4(554 555 570 569)
4(511 526 571 556)
4(525 570 571 526)
4(555 556 571 570)
4(512 527 572 557)
4(526 571 572 527)
4(556 557 572 571)
4(513 528 573 558)
4(527 572 573 528)
4(557 558 573 572)
4(514 529 574 559)
4(528 573 574 529)
4(558 559 574 573)
4(515 530 575 560)
4(529 574 575 530)
4(559 560 575 574)
4(516 531 576 561)
4(530 575 576 531)
4(560 561 576 575)
4(517 532 577 562)
4(531 576 577 532)
4(561 562 577 576)
4(518 533 578 563)
4(532 577 578 533)
4(562 563 578 577)
4(533 578 29 26)
4(563 28 29 578)
4(519 534 579 564)
4(101 104 579 534)
4(103 564 579 104)
4(520 535 580 565)
4(534 579 580 535)
4(564 565 580 579)
4(521 536 581 566)
4(535 580 581 536)
4(565 566 581 580)
4(522 537 582 567)
4(536 581 582 537)
4(566 567 582 581)
4(523 538 583 568)
4(537 582 583 538)
4(567 568 583 582)
4(524 539 584 569)
4(538 583 584 539)
4(568 569 584 583)
4(525 540 585 570)
4(539 584 585 540)
4(569 570 585 584)
4(526 541 586 571)
4(540 585 586 541)
4(570 571 586 585)
4(527 542 587 572)
4(541 586 587 542)
4(571 572 587 586)
4(528 543 588 573)
4(542 587 588 543)
4(572 573 588 587)
4(529 544 589 574)
4(543 588 589 544)
4(573 574 589 588)
4(530 545 590 575)
4(544 589 590 545)
4(574 575 590 589)
4(531 546 591 576)
4(545 590 591 546)
4(575 576 591 590)
4(532 547 592 577)
4(546 591 592 547)
4(576 577 592 591)
4(533 548 593 578)
4(547 592 593 548)
4(577 578 593 592)
4(548 593 30 27)
4(578 29 30 593)
4(534 354 369 579)
4(104 579 369 97)
4(535 355 370 580)
4(579 580 370 369)
4(536 356 371 581)
4(580 581 371 370)
4(537 357 372 582)
4(581 582 372 371)
4(538 358 373 583)
4(582 583 373 372)
4(539 359 374 584)
4(583 584 374 373)
4(540 360 375 585)
4(584 585 375 374)
4(541 361 376 586)
4(585 586 376 375)
4(542 362 377 587)
4(586 587 377 376)
4(543 363 378 588)
4(587 588 378 377)
4(544 364 379 589)
4(588 589 379 378)
4(545 365 380 590)
4(589 590 380 379)
4(546 366 381 591)
4(590 591 381 380)
4(547 367 382 592)
4(591 592 382 381)
4(548 368 383 593)
4(592 593 383 382)
4(593 30 20 383)
4(188 549 594 203)
4(102 105 594 549)
4(73 203 594 105)
4(74 188 203 73)
4(187 550 595 202)
4(549 594 595 550)
4(203 202 595 594)
4(188 187 202 203)
4(186 551 596 201)
4(550 595 596 551)
4(202 201 596 595)
4(187 186 201 202)
4(185 552 597 200)
4(551 596 597 552)
4(201 200 597 596)
4(186 185 200 201)
4(184 553 598 199)
4(552 597 598 553)
4(200 199 598 597)
4(185 184 199 200)
4(183 554 599 198)
4(553 598 599 554)
4(199 198 599 598)
4(184 183 198 199)
4(182 555 600 197)
4(554 599 600 555)
4(198 197 600 599)
4(183 182 197 198)
4(181 556 601 196)
4(555 600 601 556)
4(197 196 601 600)
4(182 181 196 197)
4(180 557 602 195)
4(556 601 602 557)
4(196 195 602 601)
4(181 180 195 196)
4(179 558 603 194)
4(557 602 603 558)
4(195 194 603 602)
4(180 179 194 195)
4(178 559 604 193)
4(558 603 604 559)
4(194 193 604 603)
4(179 178 193 194)
4(177 560 605 192)
4(559 604 605 560)
4(193 192 605 604)
4(178 177 192 193)
4(176 561 606 191)
4(560 605 606 561)
4(192 191 606 605)
4(177 176 191 192)
4(175 562 607 190)
4(561 606 607 562)
4(191 190 607 606)
4(176 175 190 191)
4(174 563 608 189)
4(562 607 608 563)
4(190 189 608 607)
4(175 174 189 190)
4(563 608 31 28)
4(189 9 31 608)
4(174 10 9 189)
4(549 564 609 594)
4(103 106 609 564)
4(105 594 609 106)
4(550 565 610 595)
4(564 609 610 565)
4(594 595 610 609)
4(551 566 611 596)
4(565 610 611 566)
4(595 596 611 610)
4(552 567 612 597)
4(566 611 612 567)
4(596 597 612 611)
4(553 568 613 598)
4(567 612 613 568)
4(597 598 613 612)
4(554 569 614 599)
4(568 613 614 569)
4(598 599 614 613)
4(555 570 615 600)
4(569 614 615 570)
4(599 600 615 614)
4(556 571 616 601)
4(570 615 616 571)
4(600 601 616 615)
4(557 572 617 602)
4(571 616 617 572)
4(601 602 617 616)
4(558 573 618 603)
4(572 617 618 573)
4(602 603 618 617)
4(559 574 619 604)
4(573 618 619 574)
4(603 604 619 618)
4(560 575 620 605)
4(574 619 620 575)
4(604 605 620 619)
4(561 576 621 606)
4(575 620 621 576)
4(605 606 621 620)
4(562 577 622 607)
4(576 621 622 577)
4(606 607 622 621)
4(563 578 623 608)
4(577 622 623 578)
4(607 608 623 622)
4(578 623 32 29)
4(608 31 32 623)
4(564 579 624 609)
4(104 107 624 579)
4(106 609 624 107)
4(565 580 625 610)
4(579 624 625 580)
4(609 610 625 624)
4(566 581 626 611)
4(580 625 626 581)
4(610 611 626 625)
4(567 582 627 612)
4(581 626 627 582)
4(611 612 627 626)
4(568 583 628 613)
4(582 627 628 583)
4(612 613 628 627)
4(569 584 629 614)
4(583 628 629 584)
4(613 614 629 628)
4(570 585 630 615)
4(584 629 630 585)
4(614 615 630 629)
4(571 586 631 616)
4(585 630 631 586)
4(615 616 631 630)
4(572 587 632 617)
4(586 631 632 587)
4(616 617 632 631)
4(573 588 633 618)
4(587 632 633 588)
4(617 618 633 632)
4(574 589 634 619)
4(588 633 634 589)
4(618 619 634 633)
4(575 590 635 620)
4(589 634 635 590)
4(619 620 635 634)
4(576 591 636 621)
4(590 635 636 591)
4(620 621 636 635)
4(577 592 637 622)
4(591 636 637 592)
4(621 622 637 636)
4(578 593 638 623)
4(592 637 638 593)
4(622 623 638 637)
4(593 638 33 30)
4(623 32 33 638)
4(579 369 384 624)
4(107 624 384 96)
4(580 370 385 625)
4(624 625 385 384)
4(581 371 386 626)
4(625 626 386 385)
4(582 372 387 627)
4(626 627 387 386)
4(583 373 388 628)
4(627 628 388 387)
4(584 374 389 629)
4(628 629 389 388)
4(585 375 390 630)
4(629 630 390 389)
4(586 376 391 631)
4(630 631 391 390)
4(587 377 392 632)
4(631 632 392 391)
4(588 378 393 633)
4(632 633 393 392)
4(589 379 394 634)
4(633 634 394 393)
4(590 380 395 635)
4(634 635 395 394)
4(591 381 396 636)
4(635 636 396 395)
4(592 382 397 637)
4(636 637 397 396)
4(593 383 398 638)
4(637 638 398 397)
4(638 33 19 398)
4(203 594 639 218)
4(105 108 639 594)
4(72 218 639 108)
4(73 203 218 72)
4(202 595 640 217)
4(594 639 640 595)
4(218 217 640 639)
4(203 202 217 218)
4(201 596 641 216)
4(595 640 641 596)
4(217 216 641 640)
4(202 201 216 217)
4(200 597 642 215)
4(596 641 642 597)
4(216 215 642 641)
4(201 200 215 216)
4(199 598 643 214)
4(597 642 643 598)
4(215 214 643 642)
4(200 199 214 215)
4(198 599 644 213)
4(598 643 644 599)
4(214 213 644 643)
4(199 198 213 214)
4(197 600 645 212)
4(599 644 645 600)
4(213 212 645 644)
4(198 197 212 213)
4(196 601 646 211)
4(600 645 646 601)
4(212 211 646 645)
4(197 196 211 212)
4(195 602 647 210)
4(601 646 647 602)
4(211 210 647 646)
4(196 195 210 211)
4(194 603 648 209)
4(602 647 648 603)
4(210 209 648 647)
4(195 194 209 210)
4(193 604 649 208)
4(603 648 649 604)
4(209 208 649 648)
4(194 193 208 209)
4(192 605 650 207)
4(604 649 650 605)
4(208 207 650 649)
4(193 192 207 208)
4(191 606 651 206)
4(605 650 651 606)
4(207 206 651 650)
4(192 191 206 207)
4(190 607 652 205)
4(606 651 652 607)
4(206 205 652 651)
4(191 190 205 206)
4(189 608 653 204)
4(607 652 653 608)
4(205 204 653 652)
4(190 189 204 205)
4(608 653 34 31)
4(204 8 34 653)
4(189 9 8 204)
4(594 609 654 639)
4(106 109 654 609)
4(108 639 654 109)
4(595 610 655 640)
4(609 654 655 610)
4(639 640 655 654)
4(596 611 656 641)
4(610 655 656 611)
4(640 641 656 655)
4(597 612 657 642)
4(611 656 657 612)
4(641 642 657 656)
4(598 613 658 643)
4(612 657 658 613)
4(642 643 658 657)
4(599 614 659 644)
4(613 658 659 614)
4(643 644 659 658)
4(600 615 660 645)
4(614 659 660 615)
4(644 645 660 659)
4(601 616 661 646)
4(615 660 661 616)
4(645 646 661 660)
4(602 617 662 647)
4(616 661 662 617)
4(646 647 662 661)
4(603 618 663 648)
4(617 662 663 618)
4(647 648 663 662)
4(604 619 664 649)
4(618 663 664 619)
4(648 649 664 663)
4(605 620 665 650)
4(619 664 665 620)
4(649 650 665 664)
4(606 621 666 651)
4(620 665 666 621)
4(650 651 666 665)
4(607 622 667 652)
4(621 666 667 622)
4(651 652 667 666)
4(608 623 668 653)
4(622 667 668 623)
4(652 653 668 667)
4(623 668 35 32)
4(653 34 35 668)
4(609 624 669 654)
4(107 110 669 624)
4(109 654 669 110)
4(610 625 670 655)
4(624 669 670 625)
4(654 655 670 669)
4(611 626 671 656)
4(625 670 671 626)
4(655 656 671 670)
4(612 627 672 657)
4(626 671 672 627)
4(656 657 672 671)
4(613 628 673 658)
4(627 672 673 628)
4(657 658 673 672)
4(614 629 674 659)
4(628 673 674 629)
4(658 659 674 673)
4(615 630 675 660)
4(629 674 675 630)
4(659 660 675 674)
4(616 631 676 661)
4(630 675 676 631)
4(660 661 676 675)
4(617 632 677 662)
4(631 676 677 632)
4(661 662 677 676)
4(618 633 678 663)
4(632 677 678 633)
4(662 663 678 677)
4(619 634 679 664)
4(633 678 679 634)
4(663 664 679 678)
4(620 635 680 665)
4(634 679 680 635)
4(664 665 680 679)
4(621 636 681 666)
4(635 680 681 636)
4(665 666 681 680)
4(622 637 682 667)
4(636 681 682 637)
4(666 667 682 681)
4(623 638 683 668)
4(637 682 683 638)
4(667 668 683 682)
4(638 683 36 33)
4(668 35 36 683)
4(624 384 399 669)
4(110 669 399 95)
4(625 385 400 670)
4(669 670 400 399)
4(626 386 401 671)
4(670 671 401 400)
4(627 387 402 672)
4(671 672 402 401)
4(628 388 403 673)
4(672 673 403 402)
4(629 389 404 674)
4(673 674 404 403)
4(630 390 405 675)
4(674 675 405 404)
4(631 391 406 676)
4(675 676 406 405)
4(632 392 407 677)
4(676 677 407 406)
4(633 393 408 678)
4(677 678 408 407)
4(634 394 409 679)
4(678 679 409 408)
4(635 395 410 680)
4(679 680 410 409)
4(636 396 411 681)
4(680 681 411 410)
4(637 397 412 682)
4(681 682 412 411)
4(638 398 413 683)
4(682 683 413 412)
4(683 36 18 413)
4(218 639 684 233)
4(108 111 684 639)
4(71 233 684 111)
4(72 218 233 71)
4(217 640 685 232)
4(639 684 685 640)
4(233 232 685 684)
4(218 217 232 233)
4(216 641 686 231)
4(640 685 686 641)
4(232 231 686 685)
4(217 216 231 232)
4(215 642 687 230)
4(641 686 687 642)
4(231 230 687 686)
4(216 215 230 231)
4(214 643 688 229)
4(642 687 688 643)
4(230 229 688 687)
4(215 214 229 230)
4(213 644 689 228)
4(643 688 689 644)
4(229 228 689 688)
4(214 213 228 229)
4(212 645 690 227)
4(644 689 690 645)
4(228 227 690 689)
4(213 212 227 228)
4(211 646 691 226)
4(645 690 691 646)
4(227 226 691 690)
4(212 211 226 227)
4(210 647 692 225)
4(646 691 692 647)
4(226 225 692 691)
4(211 210 225 226)
4(209 648 693 224)
4(647 692 693 648)
4(225 224 693 692)
4(210 209 224 225)
4(208 649 694 223)
4(648 693 694 649)
4(224 223 694 693)
4(209 208 223 224)
4(207 650 695 222)
4(649 694 695 650)
4(223 222 695 694)
4(208 207 222 223)
4(206 651 696 221)
4(650 695 696 651)
4(222 221 696 695)
4(207 206 221 222)
4(205 652 697 220)
4(651 696 697 652)
4(221 220 697 696)
4(206 205 220 221)
4(204 653 698 219)
4(652 697 698 653)
4(220 219 698 697)
4(205 204 219 220)
4(653 698 37 34)
4(219 7 37 698)
4(204 8 7 219)
4(639 654 699 684)
4(109 112 699 654)
4(111 684 699 112)
4(640 655 700 685)
4(654 699 700 655)
4(684 685 700 699)
4(641 656 701 686)
4(655 700 701 656)
4(685 686 701 700)
4(642 657 702 687)
4(656 701 702 657)
4(686 687 702 701)
4(643 658 703 688)
4(657 702 703 658)
4(687 688 703 702)
4(644 659 704 689)
4(658 703 704 659)
4(688 689 704 703)
4(645 660 705 690)
4(659 704 705 660)
4(689 690 705 704)
4(646 661 706 691)
4(660 705 706 661)
4(690 691 706 705)
4(647 662 707 692)
4(661 706 707 662)
4(691 692 707 706)
4(648 663 708 693)
4(662 707 708 663)
4(692 693 708 707)
4(649 664 709 694)
4(663 708 709 664)
4(693 694 709 708)
4(650 665 710 695)
4(664 709 710 665)
4(694 695 710 709)
4(651 666 711 696)
4(665 710 711 666)
4(695 696 711 710)
4(652 667 712 697)
4(666 711 712 667)
4(696 697 712 711)
4(653 668 713 698)
4(667 712 713 668)
4(697 698 713 712)
4(668 713 38 35)
4(698 37 38 713)
4(654 669 714 699)
4(110 113 714 669)
4(112 699 714 113)
4(655 670 715 700)
4(669 714 715 670)
4(699 700 715 714)
4(656 671 716 701)
4(670 715 716 671)
4(700 701 716 715)
4(657 672 717 702)
4(671 716 717 672)
4(701 702 717 716)
4(658 673 718 703)
4(672 717 718 673)
4(702 703 718 717)
4(659 674 719 704)
4(673 718 719 674)
4(703 704 719 718)
4(660 675 720 705)
4(674 719 720 675)
4(704 705 720 719)
4(661 676 721 706)
4(675 720 721 676)
4(705 706 721 720)
4(662 677 722 707)
4(676 721 722 677)
4(706 707 722 721)
4(663 678 723 708)
4(677 722 723 678)
4(707 708 723 722)
4(664 679 724 709)
4(678 723 724 679)
4(708 709 724 723)
4(665 680 725 710)
4(679 724 725 680)
4(709 710 725 724)
4(666 681 726 711)
4(680 725 726 681)
4(710 711 726 725)
4(667 682 727 712)
4(681 726 727 682)
4(711 712 727 726)
4(668 683 728 713)
4(682 727 728 683)
4(712 713 728 727)
4(683 728 39 36)
4(713 38 39 728)
4(669 399 414 714)
4(113 714 414 94)
4(670 400 415 715)
4(714 715 415 414)
4(671 401 416 716)
4(715 716 416 415)
4(672 402 417 717)
4(716 717 417 416)
4(673 403 418 718)
4(717 718 418 417)
4(674 404 419 719)
4(718 719 419 418)
4(675 405 420 720)
4(719 720 420 419)
4(676 406 421 721)
4(720 721 421 420)
4(677 407 422 722)
4(721 722 422 421)
4(678 408 423 723)
4(722 723 423 422)
4(679 409 424 724)
4(723 724 424 423)
4(680 410 425 725)
4(724 725 425 424)
4(681 411 426 726)
4(725 726 426 425)
4(682 412 427 727)
4(726 727 427 426)
4(683 413 428 728)
4(727 728 428 427)
4(728 39 17 428)
4(233 684 729 248)
4(111 114 729 684)
4(70 248 729 114)
4(71 233 248 70)
4(232 685 730 247)
4(684 729 730 685)
4(248 247 730 729)
4(233 232 247 248)
4(231 686 731 246)
4(685 730 731 686)
4(247 246 731 730)
4(232 231 246 247)
4(230 687 732 245)
4(686 731 732 687)
4(246 245 732 731)
4(231 230 245 246)
4(229 688 733 244)
4(687 732 733 688)
4(245 244 733 732)
4(230 229 244 245)
4(228 689 734 243)
4(688 733 734 689)
4(244 243 734 733)
4(229 228 243 244)
4(227 690 735 242)
4(689 734 735 690)
4(243 242 735 734)
4(228 227 242 243)
4(226 691 736 241)
4(690 735 736 691)
4(242 241 736 735)
4(227 226 241 242)
4(225 692 737 240)
4(691 736 737 692)
4(241 240 737 736)
4(226 225 240 241)
4(224 693 738 239)
4(692 737 738 693)
4(240 239 738 737)
4(225 224 239 240)
4(223 694 739 238)
4(693 738 739 694)
4(239 238 739 738)
4(224 223 238 239)
4(222 695 740 237)
4(694 739 740 695)
4(238 237 740 739)
4(223 222 237 238)
4(221 696 741 236)
4(695 740 741 696)
4(237 236 741 740)
4(222 221 236 237)
4(220 697 742 235)
4(696 741 742 697)
4(236 235 742 741)
4(221 220 235 236)
4(219 698 743 234)
4(697 742 743 698)
4(235 234 743 742)
4(220 219 234 235)
4(698 743 40 37)
4(234 6 40 743)
4(219 7 6 234)
4(684 699 744 729)
4(112 115 744 699)
4(114 729 744 115)
4(685 700 745 730)
4(699 744 745 700)
4(729 730 745 744)
4(686 701 746 731)
4(700 745 746 701)
4(730 731 746 745)
4(687 702 747 732)
4(701 746 747 702)
4(731 732 747 746)
4(688 703 748 733)
4(702 747 748 703)
4(732 733 748 747)
4(689 704 749 734)
4(703 748 749 704)
4(733 734 749 748)
4(690 705 750 735)
4(704 749 750 705)
4(734 735 750 749)
4(691 706 751 736)
4(705 750 751 706)
4(735 736 751 750)
4(692 707 752 737)
4(706 751 752 707)
4(736 737 752 751)
4(693 708 753 738)
4(707 752 753 708)
4(737 738 753 752)
4(694 709 754 739)
4(708 753 754 709)
4(738 739 754 753)
4(695 710 755 740)
4(709 754 755 710)
4(739 740 755 754)
4(696 711 756 741)
4(710 755 756 711)
4(740 741 756 755)
4(697 712 757 742)
4(711 756 757 712)
4(741 742 757 756)
4(698 713 758 743)
4(712 757 758 713)
4(742 743 758 757)
4(713 758 41 38)
4(743 40 41 758)
4(699 714 759 744)
4(113 116 759 714)
4(115 744 759 116)
4(700 715 760 745)
4(714 759 760 715)
4(744 745 760 759)
4(701 716 761 746)
4(715 760 761 716)
4(745 746 761 760)
4(702 717 762 747)
4(716 761 762 717)
4(746 747 762 761)
4(703 718 763 748)
4(717 762 763 718)
4(747 748 763 762)
4(704 719 764 749)
4(718 763 764 719)
4(748 749 764 763)
4(705 720 765 750)
4(719 764 765 720)
4(749 750 765 764)
4(706 721 766 751)
4(720 765 766 721)
4(750 751 766 765)
4(707 722 767 752)
4(721 766 767 722)
4(751 752 767 766)
4(708 723 768 753)
4(722 767 768 723)
4(752 753 768 767)
4(709 724 769 754)
4(723 768 769 724)
4(753 754 769 768)
4(710 725 770 755)
4(724 769 770 725)
4(754 755 770 769)
4(711 726 771 756)
4(725 770 771 726)
4(755 756 771 770)
4(712 727 772 757)
4(726 771 772 727)
4(756 757 772 771)
4(713 728 773 758)
4(727 772 773 728)
4(757 758 773 772)
4(728 773 42 39)
4(758 41 42 773)
4(714 414 429 759)
4(116 759 429 93)
4(715 415 430 760)
4(759 760 430 429)
4(716 416 431 761)
4(760 761 431 430)
4(717 417 432 762)
4(761 762 432 431)
4(718 418 433 763)
4(762 763 433 432)
4(719 419 434 764)
4(763 764 434 433)
4(720 420 435 765)
4(764 765 435 434)
4(721 421 436 766)
4(765 766 436 435)
4(722 422 437 767)
4(766 767 437 436)
4(723 423 438 768)
4(767 768 438 437)
4(724 424 439 769)
4(768 769 439 438)
4(725 425 440 770)
4(769 770 440 439)
4(726 426 441 771)
4(770 771 441 440)
4(727 427 442 772)
4(771 772 442 441)
4(728 428 443 773)
4(772 773 443 442)
4(773 42 16 443)
4(248 729 774 263)
4(114 117 774 729)
4(69 263 774 117)
4(70 248 263 69)
4(247 730 775 262)
4(729 774 775 730)
4(263 262 775 774)
4(248 247 262 263)
4(246 731 776 261)
4(730 775 776 731)
4(262 261 776 775)
4(247 246 261 262)
4(245 732 777 260)
4(731 776 777 732)
4(261 260 777 776)
4(246 245 260 261)
4(244 733 778 259)
4(732 777 778 733)
4(260 259 778 777)
4(245 244 259 260)
4(243 734 779 258)
4(733 778 779 734)
4(259 258 779 778)
4(244 243 258 259)
4(242 735 780 257)
4(734 779 780 735)
4(258 257 780 779)
4(243 242 257 258)
4(241 736 781 256)
4(735 780 781 736)
4(257 256 781 780)
4(242 241 256 257)
4(240 737 782 255)
4(736 781 782 737)
4(256 255 782 781)
4(241 240 255 256)
4(239 738 783 254)
4(737 782 783 738)
4(255 254 783 782)
4(240 239 254 255)
4(238 739 784 253)
4(738 783 784 739)
4(254 253 784 783)
4(239 238 253 254)
4(237 740 785 252)
4(739 784 785 740)
4(253 252 785 784)
4(238 237 252 253)
4(236 741 786 251)
4(740 785 786 741)
4(252 251 786 785)
4(237 236 251 252)
4(235 742 787 250)
4(741 786 787 742)
4(251 250 787 786)
4(236 235 250 251)
4(234 743 788 249)
4(742 787 788 743)
4(250 249 788 787)
4(235 234 249 250)
4(743 788 43 40)
4(249 5 43 788)
4(234 6 5 249)
4(729 744 789 774)
4(115 118 789 744)
4(117 774 789 118)
4(730 745 790 775)
4(744 789 790 745)
4(774 775 790 789)
4(731 746 791 776)
4(745 790 791 746)
4(775 776 791 790)
4(732 747 792 777)
4(746 791 792 747)
4(776 777 792 791)
4(733 748 793 778)
4(747 792 793 748)
4(777 778 793 792)
4(734 749 794 779)
4(748 793 794 749)
4(778 779 794 793)
4(735 750 795 780)
4(749 794 795 750)
4(779 780 795 794)
4(736 751 796 781)
4(750 795 796 751)
4(780 781 796 795)
4(737 752 797 782)
4(751 796 797 752)
4(781 782 797 796)
4(738 753 798 783)
4(752 797 798 753)
4(782 783 798 797)
4(739 754 799 784)
4(753 798 799 754)
4(783 784 799 798)
4(740 755 800 785)
4(754 799 800 755)
4(784 785 800 799)
4(741 756 801 786)
4(755 800 801 756)
4(785 786 801 800)
4(742 757 802 787)
4(756 801 802 757)
4(786 787 802 801)
4(743 758 803 788)
4(757 802 803 758)
4(787 788 803 802)
4(758 803 44 41)
4(788 43 44 803)
4(744 759 804 789)
4(116 119 804 759)
4(118 789 804 119)
4(745 760 805 790)
4(759 804 805 760)
4(789 790 805 804)
4(746 761 806 791)
4(760 805 806 761)
4(790 791 806 805)
4(747 762 807 792)
4(761 806 807 762)
4(791 792 807 806)
4(748 763 808 793)
4(762 807 808 763)
4(792 793 808 807)
4(749 764 809 794)
4(763 808 809 764)
4(793 794 809 808)
4(750 765 810 795)
4(764 809 810 765)
4(794 795 810 809)
4(751 766 811 796)
4(765 810 811 766)
4(795 796 811 810)
4(752 767 812 797)
4(766 811 812 767)
4(796 797 812 811)
4(753 768 813 798)
4(767 812 813 768)
4(797 798 813 812)
4(754 769 814 799)
4(768 813 814 769)
4(798 799 814 813)
4(755 770 815 800)
4(769 814 815 770)
4(799 800 815 814)
4(756 771 816 801)
4(770 815 816 771)
4(800 801 816 815)
4(757 772 817 802)
4(771 816 817 772)
4(801 802 817 816)
4(758 773 818 803)
4(772 817 818 773)
4(802 803 818 817)
4(773 818 45 42)
4(803 44 45 818)
4(759 429 444 804)
4(119 804 444 92)
4(760 430 445 805)
4(804 805 445 444)
4(761 431 446 806)
4(805 806 446 445)
4(762 432 447 807)
4(806 807 447 446)
4(763 433 448 808)
4(807 808 448 447)
4(764 434 449 809)
4(808 809 449 448)
4(765 435 450 810)
4(809 810 450 449)
4(766 436 451 811)
4(810 811 451 450)
4(767 437 452 812)
4(811 812 452 451)
4(768 438 453 813)
4(812 813 453 452)
4(769 439 454 814)
4(813 814 454 453)
4(770 440 455 815)
4(814 815 455 454)
4(771 441 456 816)
4(815 816 456 455)
4(772 442 457 817)
4(816 817 457 456)
4(773 443 458 818)
4(817 818 458 457)
4(818 45 15 458)
4(263 774 819 278)
4(117 120 819 774)
4(68 278 819 120)
4(69 263 278 68)
4(262 775 820 277)
4(774 819 820 775)
4(278 277 820 819)
4(263 262 277 278)
4(261 776 821 276)
4(775 820 821 776)
4(277 276 821 820)
4(262 261 276 277)
4(260 777 822 275)
4(776 821 822 777)
4(276 275 822 821)
4(261 260 275 276)
4(259 778 823 274)
4(777 822 823 778)
4(275 274 823 822)
4(260 259 274 275)
4(258 779 824 273)
4(778 823 824 779)
4(274 273 824 823)
4(259 258 273 274)
4(257 780 825 272)
4(779 824 825 780)
4(273 272 825 824)
4(258 257 272 273)
4(256 781 826 271)
4(780 825 826 781)
4(272 271 826 825)
4(257 256 271 272)
4(255 782 827 270)
4(781 826 827 782)
4(271 270 827 826)
4(256 255 270 271)
4(254 783 828 269)
4(782 827 828 783)
4(270 269 828 827)
4(255 254 269 270)
4(253 784 829 268)
4(783 828 829 784)
4(269 268 829 828)
4(254 253 268 269)
4(252 785 830 267)
4(784 829 830 785)
4(268 267 830 829)
4(253 252 267 268)
4(251 786 831 266)
4(785 830 831 786)
4(267 266 831 830)
4(252 251 266 267)
4(250 787 832 265)
4(786 831 832 787)
4(266 265 832 831)
4(251 250 265 266)
4(249 788 833 264)
4(787 832 833 788)
4(265 264 833 832)
4(250 249 264 265)
4(788 833 46 43)
4(264 4 46 833)
4(774 789 834 819)
4(118 121 834 789)
4(120 819 834 121)
4(775 790 835 820)
4(789 834 835 790)
4(819 820 835 834)
4(776 791 836 821)
4(790 835 836 791)
4(820 821 836 835)
4(777 792 837 822)
4(791 836 837 792)
4(821 822 837 836)
4(778 793 838 823)
4(792 837 838 793)
4(822 823 838 837)
4(779 794 839 824)
4(793 838 839 794)
4(823 824 839 838)
4(780 795 840 825)
4(794 839 840 795)
4(824 825 840 839)
4(781 796 841 826)
4(795 840 841 796)
4(825 826 841 840)
4(782 797 842 827)
4(796 841 842 797)
4(826 827 842 841)
4(783 798 843 828)
4(797 842 843 798)
4(827 828 843 842)
4(784 799 844 829)
4(798 843 844 799)
4(828 829 844 843)
4(785 800 845 830)
4(799 844 845 800)
4(829 830 845 844)
4(786 801 846 831)
4(800 845 846 801)
4(830 831 846 845)
4(787 802 847 832)
4(801 846 847 802)
4(831 832 847 846)
4(788 803 848 833)
4(802 847 848 803)
4(832 833 848 847)
4(803 848 47 44)
4(833 46 47 848)
4(789 804 849 834)
4(119 122 849 804)
4(121 834 849 122)
4(790 805 850 835)
4(804 849 850 805)
4(834 835 850 849)
4(791 806 851 836)
4(805 850 851 806)
4(835 836 851 850)
4(792 807 852 837)
4(806 851 852 807)
4(836 837 852 851)
4(793 808 853 838)
4(807 852 853 808)
4(837 838 853 852)
4(794 809 854 839)
4(808 853 854 809)
4(838 839 854 853)
4(795 810 855 840)
4(809 854 855 810)
4(839 840 855 854)
4(796 811 856 841)
4(810 855 856 811)
4(840 841 856 855)
4(797 812 857 842)
4(811 856 857 812)
4(841 842 857 856)
4(798 813 858 843)
4(812 857 858 813)
4(842 843 858 857)
4(799 814 859 844)
4(813 858 859 814)
4(843 844 859 858)
4(800 815 860 845)
4(814 859 860 815)
4(844 845 860 859)
4(801 816 861 846)
4(815 860 861 816)
4(845 846 861 860)
4(802 817 862 847)
4(816 861 862 817)
4(846 847 862 861)
4(803 818 863 848)
4(817 862 863 818)
4(847 848 863 862)
4(818 863 48 45)
4(848 47 48 863)
4(804 444 459 849)
4(122 849 459 91)
4(805 445 460 850)
4(849 850 460 459)
4(806 446 461 851)
4(850 851 461 460)
4(807 447 462 852)
4(851 852 462 461)
4(808 448 463 853)
4(852 853 463 462)
4(809 449 464 854)
4(853 854 464 463)
4(810 450 465 855)
4(854 855 465 464)
4(811 451 466 856)
4(855 856 466 465)
4(812 452 467 857)
4(856 857 467 466)
4(813 453 468 858)
4(857 858 468 467)
4(814 454 469 859)
4(858 859 469 468)
4(815 455 470 860)
4(859 860 470 469)
4(816 456 471 861)
4(860 861 471 470)
4(817 457 472 862)
4(861 862 472 471)
4(818 458 473 863)
4(862 863 473 472)
4(863 48 14 473)
4(278 819 864 293)
4(120 123 864 819)
4(67 293 864 123)
4(68 278 293 67)
4(277 820 865 292)
4(819 864 865 820)
4(293 292 865 864)
4(278 277 292 293)
4(276 821 866 291)
4(820 865 866 821)
4(292 291 866 865)
4(277 276 291 292)
4(275 822 867 290)
4(821 866 867 822)
4(291 290 867 866)
4(276 275 290 291)
4(274 823 868 289)
4(822 867 868 823)
4(290 289 868 867)
4(275 274 289 290)
4(273 824 869 288)
4(823 868 869 824)
4(289 288 869 868)
4(274 273 288 289)
4(272 825 870 287)
4(824 869 870 825)
4(288 287 870 869)
4(273 272 287 288)
4(271 826 871 286)
4(825 870 871 826)
4(287 286 871 870)
4(272 271 286 287)
4(270 827 872 285)
4(826 871 872 827)
4(286 285 872 871)
4(271 270 285 286)
4(269 828 873 284)
4(827 872 873 828)
4(285 284 873 872)
4(270 269 284 285)
4(268 829 874 283)
4(828 873 874 829)
4(284 283 874 873)
4(269 268 283 284)
4(267 830 875 282)
4(829 874 875 830)
4(283 282 875 874)
4(268 267 282 283)
4(266 831 876 281)
4(830 875 876 831)
4(282 281 876 875)
4(267 266 281 282)
4(265 832 877 280)
4(831 876 877 832)
4(281 280 877 876)
4(266 265 280 281)
4(264 833 878 279)
4(832 877 878 833)
4(280 279 878 877)
4(265 264 279 280)
4(833 878 49 46)
4(279 3 49 878)
4(819 834 879 864)
4(121 124 879 834)
4(123 864 879 124)
4(820 835 880 865)
4(834 879 880 835)
4(864 865 880 879)
4(821 836 881 866)
4(835 880 881 836)
4(865 866 881 880)
4(822 837 882 867)
4(836 881 882 837)
4(866 867 882 881)
4(823 838 883 868)
4(837 882 883 838)
4(867 868 883 882)
4(824 839 884 869)
4(838 883 884 839)
4(868 869 884 883)
4(825 840 885 870)
4(839 884 885 840)
4(869 870 885 884)
4(826 841 886 871)
4(840 885 886 841)
4(870 871 886 885)
4(827 842 887 872)
4(841 886 887 842)
4(871 872 887 886)
4(828 843 888 873)
4(842 887 888 843)
4(872 873 888 887)
4(829 844 889 874)
4(843 888 889 844)
4(873 874 889 888)
4(830 845 890 875)
4(844 889 890 845)
4(874 875 890 889)
4(831 846 891 876)
4(845 890 891 846)
4(875 876 891 890)
4(832 847 892 877)
4(846 891 892 847)
4(876 877 892 891)
4(833 848 893 878)
4(847 892 893 848)
4(877 878 893 892)
4(848 893 50 47)
4(878 49 50 893)
4(834 849 894 879)
4(122 125 894 849)
4(124 879 894 125)
4(835 850 895 880)
4(849 894 895 850)
4(879 880 895 894)
4(836 851 896 881)
4(850 895 896 851)
4(880 881 896 895)
4(837 852 897 882)
4(851 896 897 852)
4(881 882 897 896)
4(838 853 898 883)
4(852 897 898 853)
4(882 883 898 897)
4(839 854 899 884)
4(853 898 899 854)
4(883 884 899 898)
4(840 855 900 885)
4(854 899 900 855)
4(884 885 900 899)
4(841 856 901 886)
4(855 900 901 856)
4(885 886 901 900)
4(842 857 902 887)
4(856 901 902 857)
4(886 887 902 901)
4(843 858 903 888)
4(857 902 903 858)
4(887 888 903 902)
4(844 859 904 889)
4(858 903 904 859)
4(888 889 904 903)
4(845 860 905 890)
4(859 904 905 860)
4(889 890 905 904)
4(846 861 906 891)
4(860 905 906 861)
4(890 891 906 905)
4(847 862 907 892)
4(861 906 907 862)
4(891 892 907 906)
4(848 863 908 893)
4(862 907 908 863)
4(892 893 908 907)
4(863 908 51 48)
4(893 50 51 908)
4(849 459 474 894)
4(125 894 474 90)
4(850 460 475 895)
4(894 895 475 474)
4(851 461 476 896)
4(895 896 476 475)
4(852 462 477 897)
4(896 897 477 476)
4(853 463 478 898)
4(897 898 478 477)
4(854 464 479 899)
4(898 899 479 478)
4(855 465 480 900)
4(899 900 480 479)
4(856 466 481 901)
4(900 901 481 480)
4(857 467 482 902)
4(901 902 482 481)
4(858 468 483 903)
4(902 903 483 482)
4(859 469 484 904)
4(903 904 484 483)
4(860 470 485 905)
4(904 905 485 484)
4(861 471 486 906)
4(905 906 486 485)
4(862 472 487 907)
4(906 907 487 486)
4(863 473 488 908)
4(907 908 488 487)
4(908 51 13 488)
4(293 864 909 308)
4(123 126 909 864)
4(67 293 308 66)
4(292 865 910 307)
4(864 909 910 865)
4(293 292 307 308)
4(291 866 911 306)
4(865 910 911 866)
4(292 291 306 307)
4(290 867 912 305)
4(866 911 912 867)
4(291 290 305 306)
4(289 868 913 304)
4(867 912 913 868)
4(290 289 304 305)
4(288 869 914 303)
4(868 913 914 869)
4(289 288 303 304)
4(287 870 915 302)
4(869 914 915 870)
4(288 287 302 303)
4(286 871 916 301)
4(870 915 916 871)
4(287 286 301 302)
4(285 872 917 300)
4(871 916 917 872)
4(286 285 300 301)
4(284 873 918 299)
4(872 917 918 873)
4(285 284 299 300)
4(283 874 919 298)
4(873 918 919 874)
4(284 283 298 299)
4(282 875 920 297)
4(874 919 920 875)
4(283 282 297 298)
4(281 876 921 296)
4(875 920 921 876)
4(282 281 296 297)
4(280 877 922 295)
4(876 921 922 877)
4(281 280 295 296)
4(279 878 923 294)
4(877 922 923 878)
4(280 279 294 295)
4(878 923 52 49)
4(864 879 924 909)
4(124 127 924 879)
4(865 880 925 910)
4(879 924 925 880)
4(866 881 926 911)
4(880 925 926 881)
4(867 882 927 912)
4(881 926 927 882)
4(868 883 928 913)
4(882 927 928 883)
4(869 884 929 914)
4(883 928 929 884)
4(870 885 930 915)
4(884 929 930 885)
4(871 886 931 916)
4(885 930 931 886)
4(872 887 932 917)
4(886 931 932 887)
4(873 888 933 918)
4(887 932 933 888)
4(874 889 934 919)
4(888 933 934 889)
4(875 890 935 920)
4(889 934 935 890)
4(876 891 936 921)
4(890 935 936 891)
4(877 892 937 922)
4(891 936 937 892)
4(878 893 938 923)
4(892 937 938 893)
4(893 938 53 50)
4(879 894 939 924)
4(125 128 939 894)
4(880 895 940 925)
4(894 939 940 895)
4(881 896 941 926)
4(895 940 941 896)
4(882 897 942 927)
4(896 941 942 897)
4(883 898 943 928)
4(897 942 943 898)
4(884 899 944 929)
4(898 943 944 899)
4(885 900 945 930)
4(899 944 945 900)
4(886 901 946 931)
4(900 945 946 901)
4(887 902 947 932)
4(901 946 947 902)
4(888 903 948 933)
4(902 947 948 903)
4(889 904 949 934)
4(903 948 949 904)
4(890 905 950 935)
4(904 949 950 905)
4(891 906 951 936)
4(905 950 951 906)
4(892 907 952 937)
4(906 951 952 907)
4(893 908 953 938)
4(907 952 953 908)
4(908 953 54 51)
4(894 474 489 939)
4(895 475 490 940)
4(896 476 491 941)
4(897 477 492 942)
4(898 478 493 943)
4(899 479 494 944)
4(900 480 495 945)
4(901 481 496 946)
4(902 482 497 947)
4(903 483 498 948)
4(904 484 499 949)
4(905 485 500 950)
4(906 486 501 951)
4(907 487 502 952)
4(908 488 503 953)
4(158 954 1032 159)
4(11 159 1032 56)
4(954 1032 1034 955)
4(157 955 1034 160)
4(159 160 1034 1032)
4(955 970 1035 1034)
4(1032 1034 1035 1033)
4(955 1034 1037 956)
4(156 956 1037 161)
4(160 161 1037 1034)
4(970 1035 1038 971)
4(956 971 1038 1037)
4(1034 1037 1038 1035)
4(971 985 1039 1038)
4(1035 1038 1039 1036)
4(956 1037 1041 957)
4(155 957 1041 162)
4(161 162 1041 1037)
4(971 1038 1042 972)
4(957 972 1042 1041)
4(1037 1041 1042 1038)
4(985 1039 1043 986)
4(972 986 1043 1042)
4(1038 1042 1043 1039)
4(986 998 1044 1043)
4(1039 1043 1044 1040)
4(957 1041 1046 958)
4(154 958 1046 163)
4(162 163 1046 1041)
4(972 1042 1047 973)
4(958 973 1047 1046)
4(1041 1046 1047 1042)
4(986 1043 1048 987)
4(973 987 1048 1047)
4(1042 1047 1048 1043)
4(998 1044 1049 999)
4(987 999 1049 1048)
4(1043 1048 1049 1044)
4(999 1009 1050 1049)
4(1044 1049 1050 1045)
4(958 1046 1052 959)
4(153 959 1052 164)
4(163 164 1052 1046)
4(973 1047 1053 974)
4(959 974 1053 1052)
4(1046 1052 1053 1047)
4(987 1048 1054 988)
4(974 988 1054 1053)
4(1047 1053 1054 1048)
4(999 1049 1055 1000)
4(988 1000 1055 1054)
4(1048 1054 1055 1049)
4(1009 1050 1056 1010)
4(1000 1010 1056 1055)
4(1049 1055 1056 1050)
4(1010 1018 1057 1056)
4(1050 1056 1057 1051)
4(959 1052 1059 960)
4(152 960 1059 165)
4(164 165 1059 1052)
4(974 1053 1060 975)
4(960 975 1060 1059)
4(1052 1059 1060 1053)
4(988 1054 1061 989)
4(975 989 1061 1060)
4(1053 1060 1061 1054)
4(1000 1055 1062 1001)
4(989 1001 1062 1061)
4(1054 1061 1062 1055)
4(1010 1056 1063 1011)
4(1001 1011 1063 1062)
4(1055 1062 1063 1056)
4(1018 1057 1064 1019)
4(1011 1019 1064 1063)
4(1056 1063 1064 1057)
4(1019 1025 1065 1064)
4(1057 1064 1065 1058)
4(960 1059 1067 961)
4(151 961 1067 166)
4(165 166 1067 1059)
4(975 1060 1068 976)
4(961 976 1068 1067)
4(1059 1067 1068 1060)
4(989 1061 1069 990)
4(976 990 1069 1068)
4(1060 1068 1069 1061)
4(1001 1062 1070 1002)
4(990 1002 1070 1069)
4(1061 1069 1070 1062)
4(1011 1063 1071 1012)
4(1002 1012 1071 1070)
4(1062 1070 1071 1063)
4(1019 1064 1072 1020)
4(1012 1020 1072 1071)
4(1063 1071 1072 1064)
4(1025 1065 1073 1026)
4(1020 1026 1073 1072)
4(1064 1072 1073 1065)
4(1026 1030 1074 1073)
4(1065 1073 1074 1066)
4(961 1067 1075 962)
4(150 962 1075 167)
4(166 167 1075 1067)
4(976 1068 1076 977)
4(962 977 1076 1075)
4(1067 1075 1076 1068)
4(990 1069 1077 991)
4(977 991 1077 1076)
4(1068 1076 1077 1069)
4(1002 1070 1078 1003)
4(991 1003 1078 1077)
4(1069 1077 1078 1070)
4(1012 1071 1079 1013)
4(1003 1013 1079 1078)
4(1070 1078 1079 1071)
4(1020 1072 1080 1021)
4(1013 1021 1080 1079)
4(1071 1079 1080 1072)
4(1026 1073 1081 1027)
4(1021 1027 1081 1080)
4(1072 1080 1081 1073)
4(1073 1081 1082 1074)
4(962 1075 1083 963)
4(149 963 1083 168)
4(167 168 1083 1075)
4(977 1076 1084 978)
4(963 978 1084 1083)
4(1075 1083 1084 1076)
4(991 1077 1085 992)
4(978 992 1085 1084)
4(1076 1084 1085 1077)
4(1003 1078 1086 1004)
4(992 1004 1086 1085)
4(1077 1085 1086 1078)
4(1013 1079 1087 1014)
4(1004 1014 1087 1086)
4(1078 1086 1087 1079)
4(1021 1080 1088 1022)
4(1014 1022 1088 1087)
4(1079 1087 1088 1080)
4(1080 1088 1089 1081)
4(963 1083 1090 964)
4(148 964 1090 169)
4(168 169 1090 1083)
4(978 1084 1091 979)
4(964 979 1091 1090)
4(1083 1090 1091 1084)
4(992 1085 1092 993)
4(979 993 1092 1091)
4(1084 1091 1092 1085)
4(1004 1086 1093 1005)
4(993 1005 1093 1092)
4(1085 1092 1093 1086)
4(1014 1087 1094 1015)
4(1005 1015 1094 1093)
4(1086 1093 1094 1087)
4(1087 1094 1095 1088)
4(964 1090 1096 965)
4(147 965 1096 170)
4(169 170 1096 1090)
4(979 1091 1097 980)
4(965 980 1097 1096)
4(1090 1096 1097 1091)
4(993 1092 1098 994)
4(980 994 1098 1097)
4(1091 1097 1098 1092)
4(1005 1093 1099 1006)
4(994 1006 1099 1098)
4(1092 1098 1099 1093)
4(1093 1099 1100 1094)
4(965 1096 1101 966)
4(146 966 1101 171)
4(170 171 1101 1096)
4(980 1097 1102 981)
4(966 981 1102 1101)
4(1096 1101 1102 1097)
4(994 1098 1103 995)
4(981 995 1103 1102)
4(1097 1102 1103 1098)
4(1098 1103 1104 1099)
4(966 1101 1105 967)
4(145 967 1105 172)
4(171 172 1105 1101)
4(981 1102 1106 982)
4(967 982 1106 1105)
4(1101 1105 1106 1102)
4(1102 1106 1107 1103)
4(967 1105 1108 968)
4(144 968 1108 173)
4(172 173 1108 1105)
4(1105 1108 1109 1106)
4(173 75 76 1108)
4(159 1032 1110 174)
4(10 174 1110 57)
4(1032 1110 1112 1034)
4(160 1034 1112 175)
4(174 175 1112 1110)
4(1034 1035 1113 1112)
4(1110 1112 1113 1111)
4(1034 1112 1115 1037)
4(161 1037 1115 176)
4(175 176 1115 1112)
4(1035 1113 1116 1038)
4(1037 1038 1116 1115)
4(1112 1115 1116 1113)
4(1038 1039 1117 1116)
4(1113 1116 1117 1114)
4(1037 1115 1119 1041)
4(162 1041 1119 177)
4(176 177 1119 1115)
4(1038 1116 1120 1042)
4(1041 1042 1120 1119)
4(1115 1119 1120 1116)
4(1039 1117 1121 1043)
4(1042 1043 1121 1120)
4(1116 1120 1121 1117)
4(1043 1044 1122 1121)
4(1117 1121 1122 1118)
4(1041 1119 1124 1046)
4(163 1046 1124 178)
4(177 178 1124 1119)
4(1042 1120 1125 1047)
4(1046 1047 1125 1124)
4(1119 1124 1125 1120)
4(1043 1121 1126 1048)
4(1047 1048 1126 1125)
4(1120 1125 1126 1121)
4(1044 1122 1127 1049)
4(1048 1049 1127 1126)
4(1121 1126 1127 1122)
4(1049 1050 1128 1127)
4(1122 1127 1128 1123)
4(1046 1124 1130 1052)
4(164 1052 1130 179)
4(178 179 1130 1124)
4(1047 1125 1131 1053)
4(1052 1053 1131 1130)
4(1124 1130 1131 1125)
4(1048 1126 1132 1054)
4(1053 1054 1132 1131)
4(1125 1131 1132 1126)
4(1049 1127 1133 1055)
4(1054 1055 1133 1132)
4(1126 1132 1133 1127)
4(1050 1128 1134 1056)
4(1055 1056 1134 1133)
4(1127 1133 1134 1128)
4(1056 1057 1135 1134)
4(1128 1134 1135 1129)
4(1052 1130 1137 1059)
4(165 1059 1137 180)
4(179 180 1137 1130)
4(1053 1131 1138 1060)
4(1059 1060 1138 1137)
4(1130 1137 1138 1131)
4(1054 1132 1139 1061)
4(1060 1061 1139 1138)
4(1131 1138 1139 1132)
4(1055 1133 1140 1062)
4(1061 1062 1140 1139)
4(1132 1139 1140 1133)
4(1056 1134 1141 1063)
4(1062 1063 1141 1140)
4(1133 1140 1141 1134)
4(1057 1135 1142 1064)
4(1063 1064 1142 1141)
4(1134 1141 1142 1135)
4(1064 1065 1143 1142)
4(1135 1142 1143 1136)
4(1059 1137 1145 1067)
4(166 1067 1145 181)
4(180 181 1145 1137)
4(1060 1138 1146 1068)
4(1067 1068 1146 1145)
4(1137 1145 1146 1138)
4(1061 1139 1147 1069)
4(1068 1069 1147 1146)
4(1138 1146 1147 1139)
4(1062 1140 1148 1070)
4(1069 1070 1148 1147)
4(1139 1147 1148 1140)
4(1063 1141 1149 1071)
4(1070 1071 1149 1148)
4(1140 1148 1149 1141)
4(1064 1142 1150 1072)
4(1071 1072 1150 1149)
4(1141 1149 1150 1142)
4(1065 1143 1151 1073)
4(1072 1073 1151 1150)
4(1142 1150 1151 1143)
4(1073 1074 1152 1151)
4(1143 1151 1152 1144)
4(1067 1145 1153 1075)
4(167 1075 1153 182)
4(181 182 1153 1145)
4(1068 1146 1154 1076)
4(1075 1076 1154 1153)
4(1145 1153 1154 1146)
4(1069 1147 1155 1077)
4(1076 1077 1155 1154)
4(1146 1154 1155 1147)
4(1070 1148 1156 1078)
4(1077 1078 1156 1155)
4(1147 1155 1156 1148)
4(1071 1149 1157 1079)
4(1078 1079 1157 1156)
4(1148 1156 1157 1149)
4(1072 1150 1158 1080)
4(1079 1080 1158 1157)
4(1149 1157 1158 1150)
4(1073 1151 1159 1081)
4(1080 1081 1159 1158)
4(1150 1158 1159 1151)
4(1151 1159 1160 1152)
4(1075 1153 1161 1083)
4(168 1083 1161 183)
4(182 183 1161 1153)
4(1076 1154 1162 1084)
4(1083 1084 1162 1161)
4(1153 1161 1162 1154)
4(1077 1155 1163 1085)
4(1084 1085 1163 1162)
4(1154 1162 1163 1155)
4(1078 1156 1164 1086)
4(1085 1086 1164 1163)
4(1155 1163 1164 1156)
4(1079 1157 1165 1087)
4(1086 1087 1165 1164)
4(1156 1164 1165 1157)
4(1080 1158 1166 1088)
4(1087 1088 1166 1165)
4(1157 1165 1166 1158)
4(1158 1166 1167 1159)
4(1083 1161 1168 1090)
4(169 1090 1168 184)
4(183 184 1168 1161)
4(1084 1162 1169 1091)
4(1090 1091 1169 1168)
4(1161 1168 1169 1162)
4(1085 1163 1170 1092)
4(1091 1092 1170 1169)
4(1162 1169 1170 1163)
4(1086 1164 1171 1093)
4(1092 1093 1171 1170)
4(1163 1170 1171 1164)
4(1087 1165 1172 1094)
4(1093 1094 1172 1171)
4(1164 1171 1172 1165)
4(1165 1172 1173 1166)
4(1090 1168 1174 1096)
4(170 1096 1174 185)
4(184 185 1174 1168)
4(1091 1169 1175 1097)
4(1096 1097 1175 1174)
4(1168 1174 1175 1169)
4(1092 1170 1176 1098)
4(1097 1098 1176 1175)
4(1169 1175 1176 1170)
4(1093 1171 1177 1099)
4(1098 1099 1177 1176)
4(1170 1176 1177 1171)
4(1171 1177 1178 1172)
4(1096 1174 1179 1101)
4(171 1101 1179 186)
4(185 186 1179 1174)
4(1097 1175 1180 1102)
4(1101 1102 1180 1179)
4(1174 1179 1180 1175)
4(1098 1176 1181 1103)
4(1102 1103 1181 1180)
4(1175 1180 1181 1176)
4(1176 1181 1182 1177)
4(1101 1179 1183 1105)
4(172 1105 1183 187)
4(186 187 1183 1179)
4(1102 1180 1184 1106)
4(1105 1106 1184 1183)
4(1179 1183 1184 1180)
4(1180 1184 1185 1181)
4(1105 1183 1186 1108)
4(173 1108 1186 188)
4(187 188 1186 1183)
4(1183 1186 1187 1184)
4(188 74 77 1186)
4(174 1110 1188 189)
4(9 189 1188 58)
4(1110 1188 1190 1112)
4(175 1112 1190 190)
4(189 190 1190 1188)
4(1112 1113 1191 1190)
4(1188 1190 1191 1189)
4(1112 1190 1193 1115)
4(176 1115 1193 191)
4(190 191 1193 1190)
4(1113 1191 1194 1116)
4(1115 1116 1194 1193)
4(1190 1193 1194 1191)
4(1116 1117 1195 1194)
4(1191 1194 1195 1192)
4(1115 1193 1197 1119)
4(177 1119 1197 192)
4(191 192 1197 1193)
4(1116 1194 1198 1120)
4(1119 1120 1198 1197)
4(1193 1197 1198 1194)
4(1117 1195 1199 1121)
4(1120 1121 1199 1198)
4(1194 1198 1199 1195)
4(1121 1122 1200 1199)
4(1195 1199 1200 1196)
4(1119 1197 1202 1124)
4(178 1124 1202 193)
4(192 193 1202 1197)
4(1120 1198 1203 1125)
4(1124 1125 1203 1202)
4(1197 1202 1203 1198)
4(1121 1199 1204 1126)
4(1125 1126 1204 1203)
4(1198 1203 1204 1199)
4(1122 1200 1205 1127)
4(1126 1127 1205 1204)
4(1199 1204 1205 1200)
4(1127 1128 1206 1205)
4(1200 1205 1206 1201)
4(1124 1202 1208 1130)
4(179 1130 1208 194)
4(193 194 1208 1202)
4(1125 1203 1209 1131)
4(1130 1131 1209 1208)
4(1202 1208 1209 1203)
4(1126 1204 1210 1132)
4(1131 1132 1210 1209)
4(1203 1209 1210 1204)
4(1127 1205 1211 1133)
4(1132 1133 1211 1210)
4(1204 1210 1211 1205)
4(1128 1206 1212 1134)
4(1133 1134 1212 1211)
4(1205 1211 1212 1206)
4(1134 1135 1213 1212)
4(1206 1212 1213 1207)
4(1130 1208 1215 1137)
4(180 1137 1215 195)
4(194 195 1215 1208)
4(1131 1209 1216 1138)
4(1137 1138 1216 1215)
4(1208 1215 1216 1209)
4(1132 1210 1217 1139)
4(1138 1139 1217 1216)
4(1209 1216 1217 1210)
4(1133 1211 1218 1140)
4(1139 1140 1218 1217)
4(1210 1217 1218 1211)
4(1134 1212 1219 1141)
4(1140 1141 1219 1218)
4(1211 1218 1219 1212)
4(1135 1213 1220 1142)
4(1141 1142 1220 1219)
4(1212 1219 1220 1213)
4(1142 1143 1221 1220)
4(1213 1220 1221 1214)
4(1137 1215 1223 1145)
4(181 1145 1223 196)
4(195 196 1223 1215)
4(1138 1216 1224 1146)
4(1145 1146 1224 1223)
4(1215 1223 1224 1216)
4(1139 1217 1225 1147)
4(1146 1147 1225 1224)
4(1216 1224 1225 1217)
4(1140 1218 1226 1148)
4(1147 1148 1226 1225)
4(1217 1225 1226 1218)
4(1141 1219 1227 1149)
4(1148 1149 1227 1226)
4(1218 1226 1227 1219)
4(1142 1220 1228 1150)
4(1149 1150 1228 1227)
4(1219 1227 1228 1220)
4(1143 1221 1229 1151)
4(1150 1151 1229 1228)
4(1220 1228 1229 1221)
4(1151 1152 1230 1229)
4(1221 1229 1230 1222)
4(1145 1223 1231 1153)
4(182 1153 1231 197)
4(196 197 1231 1223)
4(1146 1224 1232 1154)
4(1153 1154 1232 1231)
4(1223 1231 1232 1224)
4(1147 1225 1233 1155)
4(1154 1155 1233 1232)
4(1224 1232 1233 1225)
4(1148 1226 1234 1156)
4(1155 1156 1234 1233)
4(1225 1233 1234 1226)
4(1149 1227 1235 1157)
4(1156 1157 1235 1234)
4(1226 1234 1235 1227)
4(1150 1228 1236 1158)
4(1157 1158 1236 1235)
4(1227 1235 1236 1228)
4(1151 1229 1237 1159)
4(1158 1159 1237 1236)
4(1228 1236 1237 1229)
4(1229 1237 1238 1230)
4(1153 1231 1239 1161)
4(183 1161 1239 198)
4(197 198 1239 1231)
4(1154 1232 1240 1162)
4(1161 1162 1240 1239)
4(1231 1239 1240 1232)
4(1155 1233 1241 1163)
4(1162 1163 1241 1240)
4(1232 1240 1241 1233)
4(1156 1234 1242 1164)
4(1163 1164 1242 1241)
4(1233 1241 1242 1234)
4(1157 1235 1243 1165)
4(1164 1165 1243 1242)
4(1234 1242 1243 1235)
4(1158 1236 1244 1166)
4(1165 1166 1244 1243)
4(1235 1243 1244 1236)
4(1236 1244 1245 1237)
4(1161 1239 1246 1168)
4(184 1168 1246 199)
4(198 199 1246 1239)
4(1162 1240 1247 1169)
4(1168 1169 1247 1246)
4(1239 1246 1247 1240)
4(1163 1241 1248 1170)
4(1169 1170 1248 1247)
4(1240 1247 1248 1241)
4(1164 1242 1249 1171)
4(1170 1171 1249 1248)
4(1241 1248 1249 1242)
4(1165 1243 1250 1172)
4(1171 1172 1250 1249)
4(1242 1249 1250 1243)
4(1243 1250 1251 1244)
4(1168 1246 1252 1174)
4(185 1174 1252 200)
4(199 200 1252 1246)
4(1169 1247 1253 1175)
4(1174 1175 1253 1252)
4(1246 1252 1253 1247)
4(1170 1248 1254 1176)
4(1175 1176 1254 1253)
4(1247 1253 1254 1248)
4(1171 1249 1255 1177)
4(1176 1177 1255 1254)
4(1248 1254 1255 1249)
4(1249 1255 1256 1250)
4(1174 1252 1257 1179)
4(186 1179 1257 201)
4(200 201 1257 1252)
4(1175 1253 1258 1180)
4(1179 1180 1258 1257)
4(1252 1257 1258 1253)
4(1176 1254 1259 1181)
4(1180 1181 1259 1258)
4(1253 1258 1259 1254)
4(1254 1259 1260 1255)
4(1179 1257 1261 1183)
4(187 1183 1261 202)
4(201 202 1261 1257)
4(1180 1258 1262 1184)
4(1183 1184 1262 1261)
4(1257 1261 1262 1258)
4(1258 1262 1263 1259)
4(1183 1261 1264 1186)
4(188 1186 1264 203)
4(202 203 1264 1261)
4(1261 1264 1265 1262)
4(203 73 78 1264)
4(189 1188 1266 204)
4(8 204 1266 59)
4(1188 1266 1268 1190)
4(190 1190 1268 205)
4(204 205 1268 1266)
4(1190 1191 1269 1268)
4(1266 1268 1269 1267)
4(1190 1268 1271 1193)
4(191 1193 1271 206)
4(205 206 1271 1268)
4(1191 1269 1272 1194)
4(1193 1194 1272 1271)
4(1268 1271 1272 1269)
4(1194 1195 1273 1272)
4(1269 1272 1273 1270)
4(1193 1271 1275 1197)
4(192 1197 1275 207)
4(206 207 1275 1271)
4(1194 1272 1276 1198)
4(1197 1198 1276 1275)
4(1271 1275 1276 1272)
4(1195 1273 1277 1199)
4(1198 1199 1277 1276)
4(1272 1276 1277 1273)
4(1199 1200 1278 1277)
4(1273 1277 1278 1274)
4(1197 1275 1280 1202)
4(193 1202 1280 208)
4(207 208 1280 1275)
4(1198 1276 1281 1203)
4(1202 1203 1281 1280)
4(1275 1280 1281 1276)
4(1199 1277 1282 1204)
4(1203 1204 1282 1281)
4(1276 1281 1282 1277)
4(1200 1278 1283 1205)
4(1204 1205 1283 1282)
4(1277 1282 1283 1278)
4(1205 1206 1284 1283)
4(1278 1283 1284 1279)
4(1202 1280 1286 1208)
4(194 1208 1286 209)
4(208 209 1286 1280)
4(1203 1281 1287 1209)
4(1208 1209 1287 1286)
4(1280 1286 1287 1281)
4(1204 1282 1288 1210)
4(1209 1210 1288 1287)
4(1281 1287 1288 1282)
4(1205 1283 1289 1211)
4(1210 1211 1289 1288)
4(1282 1288 1289 1283)
4(1206 1284 1290 1212)
4(1211 1212 1290 1289)
4(1283 1289 1290 1284)
4(1212 1213 1291 1290)
4(1284 1290 1291 1285)
4(1208 1286 1293 1215)
4(195 1215 1293 210)
4(209 210 1293 1286)
4(1209 1287 1294 1216)
4(1215 1216 1294 1293)
4(1286 1293 1294 1287)
4(1210 1288 1295 1217)
4(1216 1217 1295 1294)
4(1287 1294 1295 1288)
4(1211 1289 1296 1218)
4(1217 1218 1296 1295)
4(1288 1295 1296 1289)
4(1212 1290 1297 1219)
4(1218 1219 1297 1296)
4(1289 1296 1297 1290)
4(1213 1291 1298 1220)
4(1219 1220 1298 1297)
4(1290 1297 1298 1291)
4(1220 1221 1299 1298)
4(1291 1298 1299 1292)
4(1215 1293 1301 1223)
4(196 1223 1301 211)
4(210 211 1301 1293)
4(1216 1294 1302 1224)
4(1223 1224 1302 1301)
4(1293 1301 1302 1294)
4(1217 1295 1303 1225)
4(1224 1225 1303 1302)
4(1294 1302 1303 1295)
4(1218 1296 1304 1226)
4(1225 1226 1304 1303)
4(1295 1303 1304 1296)
4(1219 1297 1305 1227)
4(1226 1227 1305 1304)
4(1296 1304 1305 1297)
4(1220 1298 1306 1228)
4(1227 1228 1306 1305)
4(1297 1305 1306 1298)
4(1221 1299 1307 1229)
4(1228 1229 1307 1306)
4(1298 1306 1307 1299)
4(1229 1230 1308 1307)
4(1299 1307 1308 1300)
4(1223 1301 1309 1231)
4(197 1231 1309 212)
4(211 212 1309 1301)
4(1224 1302 1310 1232)
4(1231 1232 1310 1309)
4(1301 1309 1310 1302)
4(1225 1303 1311 1233)
4(1232 1233 1311 1310)
4(1302 1310 1311 1303)
4(1226 1304 1312 1234)
4(1233 1234 1312 1311)
4(1303 1311 1312 1304)
4(1227 1305 1313 1235)
4(1234 1235 1313 1312)
4(1304 1312 1313 1305)
4(1228 1306 1314 1236)
4(1235 1236 1314 1313)
4(1305 1313 1314 1306)
4(1229 1307 1315 1237)
4(1236 1237 1315 1314)
4(1306 1314 1315 1307)
4(1307 1315 1316 1308)
4(1231 1309 1317 1239)
4(198 1239 1317 213)
4(212 213 1317 1309)
4(1232 1310 1318 1240)
4(1239 1240 1318 1317)
4(1309 1317 1318 1310)
4(1233 1311 1319 1241)
4(1240 1241 1319 1318)
4(1310 1318 1319 1311)
4(1234 1312 1320 1242)
4(1241 1242 1320 1319)
4(1311 1319 1320 1312)
4(1235 1313 1321 1243)
4(1242 1243 1321 1320)
4(1312 1320 1321 1313)
4(1236 1314 1322 1244)
4(1243 1244 1322 1321)
4(1313 1321 1322 1314)
4(1314 1322 1323 1315)
4(1239 1317 1324 1246)
4(199 1246 1324 214)
4(213 214 1324 1317)
4(1240 1318 1325 1247)
4(1246 1247 1325 1324)
4(1317 1324 1325 1318)
4(1241 1319 1326 1248)
4(1247 1248 1326 1325)
4(1318 1325 1326 1319)
4(1242 1320 1327 1249)
4(1248 1249 1327 1326)
4(1319 1326 1327 1320)
4(1243 1321 1328 1250)
4(1249 1250 1328 1327)
4(1320 1327 1328 1321)
4(1321 1328 1329 1322)
4(1246 1324 1330 1252)
4(200 1252 1330 215)
4(214 215 1330 1324)
4(1247 1325 1331 1253)
4(1252 1253 1331 1330)
4(1324 1330 1331 1325)
4(1248 1326 1332 1254)
4(1253 1254 1332 1331)
4(1325 1331 1332 1326)
4(1249 1327 1333 1255)
4(1254 1255 1333 1332)
4(1326 1332 1333 1327)
4(1327 1333 1334 1328)
4(1252 1330 1335 1257)
4(201 1257 1335 216)
4(215 216 1335 1330)
4(1253 1331 1336 1258)
4(1257 1258 1336 1335)
4(1330 1335 1336 1331)
4(1254 1332 1337 1259)
4(1258 1259 1337 1336)
4(1331 1336 1337 1332)
4(1332 1337 1338 1333)
4(1257 1335 1339 1261)
4(202 1261 1339 217)
4(216 217 1339 1335)
4(1258 1336 1340 1262)
4(1261 1262 1340 1339)
4(1335 1339 1340 1336)
4(1336 1340 1341 1337)
4(1261 1339 1342 1264)
4(203 1264 1342 218)
4(217 218 1342 1339)
4(1339 1342 1343 1340)
4(218 72 79 1342)
4(204 1266 1344 219)
4(7 219 1344 60)
4(1266 1344 1346 1268)
4(205 1268 1346 220)
4(219 220 1346 1344)
4(1268 1269 1347 1346)
4(1344 1346 1347 1345)
4(1268 1346 1349 1271)
4(206 1271 1349 221)
4(220 221 1349 1346)
4(1269 1347 1350 1272)
4(1271 1272 1350 1349)
4(1346 1349 1350 1347)
4(1272 1273 1351 1350)
4(1347 1350 1351 1348)
4(1271 1349 1353 1275)
4(207 1275 1353 222)
4(221 222 1353 1349)
4(1272 1350 1354 1276)
4(1275 1276 1354 1353)
4(1349 1353 1354 1350)
4(1273 1351 1355 1277)
4(1276 1277 1355 1354)
4(1350 1354 1355 1351)
4(1277 1278 1356 1355)
4(1351 1355 1356 1352)
4(1275 1353 1358 1280)
4(208 1280 1358 223)
4(222 223 1358 1353)
4(1276 1354 1359 1281)
4(1280 1281 1359 1358)
4(1353 1358 1359 1354)
4(1277 1355 1360 1282)
4(1281 1282 1360 1359)
4(1354 1359 1360 1355)
4(1278 1356 1361 1283)
4(1282 1283 1361 1360)
4(1355 1360 1361 1356)
4(1283 1284 1362 1361)
4(1356 1361 1362 1357)
4(1280 1358 1364 1286)
4(209 1286 1364 224)
4(223 224 1364 1358)
4(1281 1359 1365 1287)
4(1286 1287 1365 1364)
4(1358 1364 1365 1359)
4(1282 1360 1366 1288)
4(1287 1288 1366 1365)
4(1359 1365 1366 1360)
4(1283 1361 1367 1289)
4(1288 1289 1367 1366)
4(1360 1366 1367 1361)
4(1284 1362 1368 1290)
4(1289 1290 1368 1367)
4(1361 1367 1368 1362)
4(1290 1291 1369 1368)
4(1362 1368 1369 1363)
4(1286 1364 1371 1293)
4(210 1293 1371 225)
4(224 225 1371 1364)
4(1287 1365 1372 1294)
4(1293 1294 1372 1371)
4(1364 1371 1372 1365)
4(1288 1366 1373 1295)
4(1294 1295 1373 1372)
4(1365 1372 1373 1366)
4(1289 1367 1374 1296)
4(1295 1296 1374 1373)
4(1366 1373 1374 1367)
4(1290 1368 1375 1297)
4(1296 1297 1375 1374)
4(1367 1374 1375 1368)
4(1291 1369 1376 1298)
4(1297 1298 1376 1375)
4(1368 1375 1376 1369)
4(1298 1299 1377 1376)
4(1369 1376 1377 1370)
4(1293 1371 1379 1301)
4(211 1301 1379 226)
4(225 226 1379 1371)
4(1294 1372 1380 1302)
4(1301 1302 1380 1379)
4(1371 1379 1380 1372)
4(1295 1373 1381 1303)
4(1302 1303 1381 1380)
4(1372 1380 1381 1373)
4(1296 1374 1382 1304)
4(1303 1304 1382 1381)
4(1373 1381 1382 1374)
4(1297 1375 1383 1305)
4(1304 1305 1383 1382)
4(1374 1382 1383 1375)
4(1298 1376 1384 1306)
4(1305 1306 1384 1383)
4(1375 1383 1384 1376)
4(1299 1377 1385 1307)
4(1306 1307 1385 1384)
4(1376 1384 1385 1377)
4(1307 1308 1386 1385)
4(1377 1385 1386 1378)
4(1301 1379 1387 1309)
4(212 1309 1387 227)
4(226 227 1387 1379)
4(1302 1380 1388 1310)
4(1309 1310 1388 1387)
4(1379 1387 1388 1380)
4(1303 1381 1389 1311)
4(1310 1311 1389 1388)
4(1380 1388 1389 1381)
4(1304 1382 1390 1312)
4(1311 1312 1390 1389)
4(1381 1389 1390 1382)
4(1305 1383 1391 1313)
4(1312 1313 1391 1390)
4(1382 1390 1391 1383)
4(1306 1384 1392 1314)
4(1313 1314 1392 1391)
4(1383 1391 1392 1384)
4(1307 1385 1393 1315)
4(1314 1315 1393 1392)
4(1384 1392 1393 1385)
4(1385 1393 1394 1386)
4(1309 1387 1395 1317)
4(213 1317 1395 228)
4(227 228 1395 1387)
4(1310 1388 1396 1318)
4(1317 1318 1396 1395)
4(1387 1395 1396 1388)
4(1311 1389 1397 1319)
4(1318 1319 1397 1396)
4(1388 1396 1397 1389)
4(1312 1390 1398 1320)
4(1319 1320 1398 1397)
4(1389 1397 1398 1390)
4(1313 1391 1399 1321)
4(1320 1321 1399 1398)
4(1390 1398 1399 1391)
4(1314 1392 1400 1322)
4(1321 1322 1400 1399)
4(1391 1399 1400 1392)
4(1392 1400 1401 1393)
4(1317 1395 1402 1324)
4(214 1324 1402 229)
4(228 229 1402 1395)
4(1318 1396 1403 1325)
4(1324 1325 1403 1402)
4(1395 1402 1403 1396)
4(1319 1397 1404 1326)
4(1325 1326 1404 1403)
4(1396 1403 1404 1397)
4(1320 1398 1405 1327)
4(1326 1327 1405 1404)
4(1397 1404 1405 1398)
4(1321 1399 1406 1328)
4(1327 1328 1406 1405)
4(1398 1405 1406 1399)
4(1399 1406 1407 1400)
4(1324 1402 1408 1330)
4(215 1330 1408 230)
4(229 230 1408 1402)
4(1325 1403 1409 1331)
4(1330 1331 1409 1408)
4(1402 1408 1409 1403)
4(1326 1404 1410 1332)
4(1331 1332 1410 1409)
4(1403 1409 1410 1404)
4(1327 1405 1411 1333)
4(1332 1333 1411 1410)
4(1404 1410 1411 1405)
4(1405 1411 1412 1406)
4(1330 1408 1413 1335)
4(216 1335 1413 231)
4(230 231 1413 1408)
4(1331 1409 1414 1336)
4(1335 1336 1414 1413)
4(1408 1413 1414 1409)
4(1332 1410 1415 1337)
4(1336 1337 1415 1414)
4(1409 1414 1415 1410)
4(1410 1415 1416 1411)
4(1335 1413 1417 1339)
4(217 1339 1417 232)
4(231 232 1417 1413)
4(1336 1414 1418 1340)
4(1339 1340 1418 1417)
4(1413 1417 1418 1414)
4(1414 1418 1419 1415)
4(1339 1417 1420 1342)
4(218 1342 1420 233)
4(232 233 1420 1417)
4(1417 1420 1421 1418)
4(233 71 80 1420)
4(219 1344 1422 234)
4(6 234 1422 61)
4(1344 1422 1424 1346)
4(220 1346 1424 235)
4(234 235 1424 1422)
4(1346 1347 1425 1424)
4(1422 1424 1425 1423)
4(1346 1424 1427 1349)
4(221 1349 1427 236)
4(235 236 1427 1424)
4(1347 1425 1428 1350)
4(1349 1350 1428 1427)
4(1424 1427 1428 1425)
4(1350 1351 1429 1428)
4(1425 1428 1429 1426)
4(1349 1427 1431 1353)
4(222 1353 1431 237)
4(236 237 1431 1427)
4(1350 1428 1432 1354)
4(1353 1354 1432 1431)
4(1427 1431 1432 1428)
4(1351 1429 1433 1355)
4(1354 1355 1433 1432)
4(1428 1432 1433 1429)
4(1355 1356 1434 1433)
4(1429 1433 1434 1430)
4(1353 1431 1436 1358)
4(223 1358 1436 238)
4(237 238 1436 1431)
4(1354 1432 1437 1359)
4(1358 1359 1437 1436)
4(1431 1436 1437 1432)
4(1355 1433 1438 1360)
4(1359 1360 1438 1437)
4(1432 1437 1438 1433)
4(1356 1434 1439 1361)
4(1360 1361 1439 1438)
4(1433 1438 1439 1434)
4(1361 1362 1440 1439)
4(1434 1439 1440 1435)
4(1358 1436 1442 1364)
4(224 1364 1442 239)
4(238 239 1442 1436)
4(1359 1437 1443 1365)
4(1364 1365 1443 1442)
4(1436 1442 1443 1437)
4(1360 1438 1444 1366)
4(1365 1366 1444 1443)
4(1437 1443 1444 1438)
4(1361 1439 1445 1367)
4(1366 1367 1445 1444)
4(1438 1444 1445 1439)
4(1362 1440 1446 1368)
4(1367 1368 1446 1445)
4(1439 1445 1446 1440)
4(1368 1369 1447 1446)
4(1440 1446 1447 1441)
4(1364 1442 1449 1371)
4(225 1371 1449 240)
4(239 240 1449 1442)
4(1365 1443 1450 1372)
4(1371 1372 1450 1449)
4(1442 1449 1450 1443)
4(1366 1444 1451 1373)
4(1372 1373 1451 1450)
4(1443 1450 1451 1444)
4(1367 1445 1452 1374)
4(1373 1374 1452 1451)
4(1444 1451 1452 1445)
4(1368 1446 1453 1375)
4(1374 1375 1453 1452)
4(1445 1452 1453 1446)
4(1369 1447 1454 1376)
4(1375 1376 1454 1453)
4(1446 1453 1454 1447)
4(1376 1377 1455 1454)
4(1447 1454 1455 1448)
4(1371 1449 1457 1379)
4(226 1379 1457 241)
4(240 241 1457 1449)
4(1372 1450 1458 1380)
4(1379 1380 1458 1457)
4(1449 1457 1458 1450)
4(1373 1451 1459 1381)
4(1380 1381 1459 1458)
4(1450 1458 1459 1451)
4(1374 1452 1460 1382)
4(1381 1382 1460 1459)
4(1451 1459 1460 1452)
4(1375 1453 1461 1383)
4(1382 1383 1461 1460)
4(1452 1460 1461 1453)
4(1376 1454 1462 1384)
4(1383 1384 1462 1461)
4(1453 1461 1462 1454)
4(1377 1455 1463 1385)
4(1384 1385 1463 1462)
4(1454 1462 1463 1455)
4(1385 1386 1464 1463)
4(1455 1463 1464 1456)
4(1379 1457 1465 1387)
4(227 1387 1465 242)
4(241 242 1465 1457)
4(1380 1458 1466 1388)
4(1387 1388 1466 1465)
4(1457 1465 1466 1458)
4(1381 1459 1467 1389)
4(1388 1389 1467 1466)
4(1458 1466 1467 1459)
4(1382 1460 1468 1390)
4(1389 1390 1468 1467)
4(1459 1467 1468 1460)
4(1383 1461 1469 1391)
4(1390 1391 1469 1468)
4(1460 1468 1469 1461)
4(1384 1462 1470 1392)
4(1391 1392 1470 1469)
4(1461 1469 1470 1462)
4(1385 1463 1471 1393)
4(1392 1393 1471 1470)
4(1462 1470 1471 1463)
4(1463 1471 1472 1464)
4(1387 1465 1473 1395)
4(228 1395 1473 243)
4(242 243 1473 1465)
4(1388 1466 1474 1396)
4(1395 1396 1474 1473)
4(1465 1473 1474 1466)
4(1389 1467 1475 1397)
4(1396 1397 1475 1474)
4(1466 1474 1475 1467)
4(1390 1468 1476 1398)
4(1397 1398 1476 1475)
4(1467 1475 1476 1468)
4(1391 1469 1477 1399)
4(1398 1399 1477 1476)
4(1468 1476 1477 1469)
4(1392 1470 1478 1400)
4(1399 1400 1478 1477)
4(1469 1477 1478 1470)
4(1470 1478 1479 1471)
4(1395 1473 1480 1402)
4(229 1402 1480 244)
4(243 244 1480 1473)
4(1396 1474 1481 1403)
4(1402 1403 1481 1480)
4(1473 1480 1481 1474)
4(1397 1475 1482 1404)
4(1403 1404 1482 1481)
4(1474 1481 1482 1475)
4(1398 1476 1483 1405)
4(1404 1405 1483 1482)
4(1475 1482 1483 1476)
4(1399 1477 1484 1406)
4(1405 1406 1484 1483)
4(1476 1483 1484 1477)
4(1477 1484 1485 1478)
4(1402 1480 1486 1408)
4(230 1408 1486 245)
4(244 245 1486 1480)
4(1403 1481 1487 1409)
4(1408 1409 1487 1486)
4(1480 1486 1487 1481)
4(1404 1482 1488 1410)
4(1409 1410 1488 1487)
4(1481 1487 1488 1482)
4(1405 1483 1489 1411)
4(1410 1411 1489 1488)
4(1482 1488 1489 1483)
4(1483 1489 1490 1484)
4(1408 1486 1491 1413)
4(231 1413 1491 246)
4(245 246 1491 1486)
4(1409 1487 1492 1414)
4(1413 1414 1492 1491)
4(1486 1491 1492 1487)
4(1410 1488 1493 1415)
4(1414 1415 1493 1492)
4(1487 1492 1493 1488)
4(1488 1493 1494 1489)
4(1413 1491 1495 1417)
4(232 1417 1495 247)
4(246 247 1495 1491)
4(1414 1492 1496 1418)
4(1417 1418 1496 1495)
4(1491 1495 1496 1492)
4(1492 1496 1497 1493)
4(1417 1495 1498 1420)
4(233 1420 1498 248)
4(247 248 1498 1495)
4(1495 1498 1499 1496)
4(248 70 81 1498)
4(234 1422 1500 249)
4(1422 1500 1502 1424)
4(235 1424 1502 250)
4(249 250 1502 1500)
4(1424 1425 1503 1502)
4(1424 1502 1505 1427)
4(236 1427 1505 251)
4(250 251 1505 1502)
4(1425 1503 1506 1428)
4(1427 1428 1506 1505)
4(1502 1505 1506 1503)
4(1428 1429 1507 1506)
4(1503 1506 1507 1504)
4(1427 1505 1509 1431)
4(237 1431 1509 252)
4(251 252 1509 1505)
4(1428 1506 1510 1432)
4(1431 1432 1510 1509)
4(1505 1509 1510 1506)
4(1429 1507 1511 1433)
4(1432 1433 1511 1510)
4(1506 1510 1511 1507)
4(1433 1434 1512 1511)
4(1507 1511 1512 1508)
4(1431 1509 1514 1436)
4(238 1436 1514 253)
4(252 253 1514 1509)
4(1432 1510 1515 1437)
4(1436 1437 1515 1514)
4(1509 1514 1515 1510)
4(1433 1511 1516 1438)
4(1437 1438 1516 1515)
4(1510 1515 1516 1511)
4(1434 1512 1517 1439)
4(1438 1439 1517 1516)
4(1511 1516 1517 1512)
4(1439 1440 1518 1517)
4(1512 1517 1518 1513)
4(1436 1514 1520 1442)
4(239 1442 1520 254)
4(253 254 1520 1514)
4(1437 1515 1521 1443)
4(1442 1443 1521 1520)
4(1514 1520 1521 1515)
4(1438 1516 1522 1444)
4(1443 1444 1522 1521)
4(1515 1521 1522 1516)
4(1439 1517 1523 1445)
4(1444 1445 1523 1522)
4(1516 1522 1523 1517)
4(1440 1518 1524 1446)
4(1445 1446 1524 1523)
4(1517 1523 1524 1518)
4(1446 1447 1525 1524)
4(1518 1524 1525 1519)
4(1442 1520 1527 1449)
4(240 1449 1527 255)
4(254 255 1527 1520)
4(1443 1521 1528 1450)
4(1449 1450 1528 1527)
4(1520 1527 1528 1521)
4(1444 1522 1529 1451)
4(1450 1451 1529 1528)
4(1521 1528 1529 1522)
4(1445 1523 1530 1452)
4(1451 1452 1530 1529)
4(1522 1529 1530 1523)
4(1446 1524 1531 1453)
4(1452 1453 1531 1530)
4(1523 1530 1531 1524)
4(1447 1525 1532 1454)
4(1453 1454 1532 1531)
4(1524 1531 1532 1525)
4(1454 1455 1533 1532)
4(1525 1532 1533 1526)
4(1449 1527 1535 1457)
4(241 1457 1535 256)
4(255 256 1535 1527)
4(1450 1528 1536 1458)
4(1457 1458 1536 1535)
4(1527 1535 1536 1528)
4(1451 1529 1537 1459)
4(1458 1459 1537 1536)
4(1528 1536 1537 1529)
4(1452 1530 1538 1460)
4(1459 1460 1538 1537)
4(1529 1537 1538 1530)
4(1453 1531 1539 1461)
4(1460 1461 1539 1538)
4(1530 1538 1539 1531)
4(1454 1532 1540 1462)
4(1461 1462 1540 1539)
4(1531 1539 1540 1532)
4(1455 1533 1541 1463)
4(1462 1463 1541 1540)
4(1532 1540 1541 1533)
4(1463 1464 1542 1541)
4(1533 1541 1542 1534)
4(1457 1535 1543 1465)
4(242 1465 1543 257)
4(256 257 1543 1535)
4(1458 1536 1544 1466)
4(1465 1466 1544 1543)
4(1535 1543 1544 1536)
4(1459 1537 1545 1467)
4(1466 1467 1545 1544)
4(1536 1544 1545 1537)
4(1460 1538 1546 1468)
4(1467 1468 1546 1545)
4(1537 1545 1546 1538)
4(1461 1539 1547 1469)
4(1468 1469 1547 1546)
4(1538 1546 1547 1539)
4(1462 1540 1548 1470)
4(1469 1470 1548 1547)
4(1539 1547 1548 1540)
4(1463 1541 1549 1471)
4(1470 1471 1549 1548)
4(1540 1548 1549 1541)
4(1541 1549 1550 1542)
4(1465 1543 1551 1473)
4(243 1473 1551 258)
4(257 258 1551 1543)
4(1466 1544 1552 1474)
4(1473 1474 1552 1551)
4(1543 1551 1552 1544)
4(1467 1545 1553 1475)
4(1474 1475 1553 1552)
4(1544 1552 1553 1545)
4(1468 1546 1554 1476)
4(1475 1476 1554 1553)
4(1545 1553 1554 1546)
4(1469 1547 1555 1477)
4(1476 1477 1555 1554)
4(1546 1554 1555 1547)
4(1470 1548 1556 1478)
4(1477 1478 1556 1555)
4(1547 1555 1556 1548)
4(1548 1556 1557 1549)
4(1473 1551 1558 1480)
4(244 1480 1558 259)
4(258 259 1558 1551)
4(1474 1552 1559 1481)
4(1480 1481 1559 1558)
4(1551 1558 1559 1552)
4(1475 1553 1560 1482)
4(1481 1482 1560 1559)
4(1552 1559 1560 1553)
4(1476 1554 1561 1483)
4(1482 1483 1561 1560)
4(1553 1560 1561 1554)
4(1477 1555 1562 1484)
4(1483 1484 1562 1561)
4(1554 1561 1562 1555)
4(1555 1562 1563 1556)
4(1480 1558 1564 1486)
4(245 1486 1564 260)
4(259 260 1564 1558)
4(1481 1559 1565 1487)
4(1486 1487 1565 1564)
4(1558 1564 1565 1559)
4(1482 1560 1566 1488)
4(1487 1488 1566 1565)
4(1559 1565 1566 1560)
4(1483 1561 1567 1489)
4(1488 1489 1567 1566)
4(1560 1566 1567 1561)
4(1561 1567 1568 1562)
4(1486 1564 1569 1491)
4(246 1491 1569 261)
4(260 261 1569 1564)
4(1487 1565 1570 1492)
4(1491 1492 1570 1569)
4(1564 1569 1570 1565)
4(1488 1566 1571 1493)
4(1492 1493 1571 1570)
4(1565 1570 1571 1566)
4(1566 1571 1572 1567)
4(1491 1569 1573 1495)
4(247 1495 1573 262)
4(261 262 1573 1569)
4(1492 1570 1574 1496)
4(1495 1496 1574 1573)
4(1569 1573 1574 1570)
4(1570 1574 1575 1571)
4(1495 1573 1576 1498)
4(248 1498 1576 263)
4(262 263 1576 1573)
4(1573 1576 1577 1574)
4(263 69 82 1576)
4(250 1502 1579 265)
4(264 265 1579 1578)
4(1502 1579 1582 1505)
4(251 1505 1582 266)
4(265 266 1582 1579)
4(1503 1580 1583 1506)
4(1505 1506 1583 1582)
4(1579 1582 1583 1580)
4(1506 1507 1584 1583)
4(1505 1582 1586 1509)
4(252 1509 1586 267)
4(266 267 1586 1582)
4(1506 1583 1587 1510)
4(1509 1510 1587 1586)
4(1582 1586 1587 1583)
4(1507 1584 1588 1511)
4(1510 1511 1588 1587)
4(1583 1587 1588 1584)
4(1511 1512 1589 1588)
4(1509 1586 1591 1514)
4(253 1514 1591 268)
4(267 268 1591 1586)
4(1510 1587 1592 1515)
4(1514 1515 1592 1591)
4(1586 1591 1592 1587)
4(1511 1588 1593 1516)
4(1515 1516 1593 1592)
4(1587 1592 1593 1588)
4(1512 1589 1594 1517)
4(1516 1517 1594 1593)
4(1588 1593 1594 1589)
4(1517 1518 1595 1594)
4(1589 1594 1595 1590)
4(1514 1591 1597 1520)
4(254 1520 1597 269)
4(268 269 1597 1591)
4(1515 1592 1598 1521)
4(1520 1521 1598 1597)
4(1591 1597 1598 1592)
4(1516 1593 1599 1522)
4(1521 1522 1599 1598)
4(1592 1598 1599 1593)
4(1517 1594 1600 1523)
4(1522 1523 1600 1599)
4(1593 1599 1600 1594)
4(1518 1595 1601 1524)
4(1523 1524 1601 1600)
4(1594 1600 1601 1595)
4(1524 1525 1602 1601)
4(1595 1601 1602 1596)
4(1520 1597 1604 1527)
4(255 1527 1604 270)
4(269 270 1604 1597)
4(1521 1598 1605 1528)
4(1527 1528 1605 1604)
4(1597 1604 1605 1598)
4(1522 1599 1606 1529)
4(1528 1529 1606 1605)
4(1598 1605 1606 1599)
4(1523 1600 1607 1530)
4(1529 1530 1607 1606)
4(1599 1606 1607 1600)
4(1524 1601 1608 1531)
4(1530 1531 1608 1607)
4(1600 1607 1608 1601)
4(1525 1602 1609 1532)
4(1531 1532 1609 1608)
4(1601 1608 1609 1602)
4(1532 1533 1610 1609)
4(1602 1609 1610 1603)
4(1527 1604 1612 1535)
4(256 1535 1612 271)
4(270 271 1612 1604)
4(1528 1605 1613 1536)
4(1535 1536 1613 1612)
4(1604 1612 1613 1605)
4(1529 1606 1614 1537)
4(1536 1537 1614 1613)
4(1605 1613 1614 1606)
4(1530 1607 1615 1538)
4(1537 1538 1615 1614)
4(1606 1614 1615 1607)
4(1531 1608 1616 1539)
4(1538 1539 1616 1615)
4(1607 1615 1616 1608)
4(1532 1609 1617 1540)
4(1539 1540 1617 1616)
4(1608 1616 1617 1609)
4(1533 1610 1618 1541)
4(1540 1541 1618 1617)
4(1609 1617 1618 1610)
4(1541 1542 1619 1618)
4(1610 1618 1619 1611)
4(1535 1612 1620 1543)
4(257 1543 1620 272)
4(271 272 1620 1612)
4(1536 1613 1621 1544)
4(1543 1544 1621 1620)
4(1612 1620 1621 1613)
4(1537 1614 1622 1545)
4(1544 1545 1622 1621)
4(1613 1621 1622 1614)
4(1538 1615 1623 1546)
4(1545 1546 1623 1622)
4(1614 1622 1623 1615)
4(1539 1616 1624 1547)
4(1546 1547 1624 1623)
4(1615 1623 1624 1616)
4(1540 1617 1625 1548)
4(1547 1548 1625 1624)
4(1616 1624 1625 1617)
4(1541 1618 1626 1549)
4(1548 1549 1626 1625)
4(1617 1625 1626 1618)
4(1618 1626 1627 1619)
4(1543 1620 1628 1551)
4(258 1551 1628 273)
4(272 273 1628 1620)
4(1544 1621 1629 1552)
4(1551 1552 1629 1628)
4(1620 1628 1629 1621)
4(1545 1622 1630 1553)
4(1552 1553 1630 1629)
4(1621 1629 1630 1622)
4(1546 1623 1631 1554)
4(1553 1554 1631 1630)
4(1622 1630 1631 1623)
4(1547 1624 1632 1555)
4(1554 1555 1632 1631)
4(1623 1631 1632 1624)
4(1548 1625 1633 1556)
4(1555 1556 1633 1632)
4(1624 1632 1633 1625)
4(1625 1633 1634 1626)
4(1551 1628 1635 1558)
4(259 1558 1635 274)
4(273 274 1635 1628)
4(1552 1629 1636 1559)
4(1558 1559 1636 1635)
4(1628 1635 1636 1629)
4(1553 1630 1637 1560)
4(1559 1560 1637 1636)
4(1629 1636 1637 1630)
4(1554 1631 1638 1561)
4(1560 1561 1638 1637)
4(1630 1637 1638 1631)
4(1555 1632 1639 1562)
4(1561 1562 1639 1638)
4(1631 1638 1639 1632)
4(1632 1639 1640 1633)
4(1558 1635 1641 1564)
4(260 1564 1641 275)
4(274 275 1641 1635)
4(1559 1636 1642 1565)
4(1564 1565 1642 1641)
4(1635 1641 1642 1636)
4(1560 1637 1643 1566)
4(1565 1566 1643 1642)
4(1636 1642 1643 1637)
4(1561 1638 1644 1567)
4(1566 1567 1644 1643)
4(1637 1643 1644 1638)
4(1638 1644 1645 1639)
4(1564 1641 1646 1569)
4(261 1569 1646 276)
4(275 276 1646 1641)
4(1565 1642 1647 1570)
4(1569 1570 1647 1646)
4(1641 1646 1647 1642)
4(1566 1643 1648 1571)
4(1570 1571 1648 1647)
4(1642 1647 1648 1643)
4(1643 1648 1649 1644)
4(1569 1646 1650 1573)
4(262 1573 1650 277)
4(276 277 1650 1646)
4(1570 1647 1651 1574)
4(1573 1574 1651 1650)
4(1646 1650 1651 1647)
4(1647 1651 1652 1648)
4(1573 1650 1653 1576)
4(263 1576 1653 278)
4(277 278 1653 1650)
4(1650 1653 1654 1651)
4(278 68 83 1653)
4(265 1579 1656 280)
4(279 280 1656 1655)
4(1579 1656 1658 1582)
4(266 1582 1658 281)
4(280 281 1658 1656)
4(1582 1583 1659 1658)
4(1656 1658 1659 1657)
4(1582 1658 1661 1586)
4(267 1586 1661 282)
4(281 282 1661 1658)
4(1583 1659 1662 1587)
4(1586 1587 1662 1661)
4(1658 1661 1662 1659)
4(1587 1588 1663 1662)
4(1659 1662 1663 1660)
4(1586 1661 1666 1591)
4(268 1591 1666 283)
4(282 283 1666 1661)
4(1587 1662 1667 1592)
4(1591 1592 1667 1666)
4(1661 1666 1667 1662)
4(1588 1663 1668 1593)
4(1592 1593 1668 1667)
4(1662 1667 1668 1663)
4(1589 1664 1669 1594)
4(1593 1594 1669 1668)
4(1663 1668 1669 1664)
4(1594 1595 1670 1669)
4(1591 1666 1672 1597)
4(269 1597 1672 284)
4(283 284 1672 1666)
4(1592 1667 1673 1598)
4(1597 1598 1673 1672)
4(1666 1672 1673 1667)
4(1593 1668 1674 1599)
4(1598 1599 1674 1673)
4(1667 1673 1674 1668)
4(1594 1669 1675 1600)
4(1599 1600 1675 1674)
4(1668 1674 1675 1669)
4(1595 1670 1676 1601)
4(1600 1601 1676 1675)
4(1669 1675 1676 1670)
4(1601 1602 1677 1676)
4(1597 1672 1679 1604)
4(270 1604 1679 285)
4(284 285 1679 1672)
4(1598 1673 1680 1605)
4(1604 1605 1680 1679)
4(1672 1679 1680 1673)
4(1599 1674 1681 1606)
4(1605 1606 1681 1680)
4(1673 1680 1681 1674)
4(1600 1675 1682 1607)
4(1606 1607 1682 1681)
4(1674 1681 1682 1675)
4(1601 1676 1683 1608)
4(1607 1608 1683 1682)
4(1675 1682 1683 1676)
4(1602 1677 1684 1609)
4(1608 1609 1684 1683)
4(1676 1683 1684 1677)
4(1609 1610 1685 1684)
4(1604 1679 1687 1612)
4(271 1612 1687 286)
4(285 286 1687 1679)
4(1605 1680 1688 1613)
4(1612 1613 1688 1687)
4(1679 1687 1688 1680)
4(1606 1681 1689 1614)
4(1613 1614 1689 1688)
4(1680 1688 1689 1681)
4(1607 1682 1690 1615)
4(1614 1615 1690 1689)
4(1681 1689 1690 1682)
4(1608 1683 1691 1616)
4(1615 1616 1691 1690)
4(1682 1690 1691 1683)
4(1609 1684 1692 1617)
4(1616 1617 1692 1691)
4(1683 1691 1692 1684)
4(1610 1685 1693 1618)
4(1617 1618 1693 1692)
4(1684 1692 1693 1685)
4(1618 1619 1694 1693)
4(1685 1693 1694 1686)
4(1612 1687 1695 1620)
4(272 1620 1695 287)
4(286 287 1695 1687)
4(1613 1688 1696 1621)
4(1620 1621 1696 1695)
4(1687 1695 1696 1688)
4(1614 1689 1697 1622)
4(1621 1622 1697 1696)
4(1688 1696 1697 1689)
4(1615 1690 1698 1623)
4(1622 1623 1698 1697)
4(1689 1697 1698 1690)
4(1616 1691 1699 1624)
4(1623 1624 1699 1698)
4(1690 1698 1699 1691)
4(1617 1692 1700 1625)
4(1624 1625 1700 1699)
4(1691 1699 1700 1692)
4(1618 1693 1701 1626)
4(1625 1626 1701 1700)
4(1692 1700 1701 1693)
4(1693 1701 1702 1694)
4(1620 1695 1703 1628)
4(273 1628 1703 288)
4(287 288 1703 1695)
4(1621 1696 1704 1629)
4(1628 1629 1704 1703)
4(1695 1703 1704 1696)
4(1622 1697 1705 1630)
4(1629 1630 1705 1704)
4(1696 1704 1705 1697)
4(1623 1698 1706 1631)
4(1630 1631 1706 1705)
4(1697 1705 1706 1698)
4(1624 1699 1707 1632)
4(1631 1632 1707 1706)
4(1698 1706 1707 1699)
4(1625 1700 1708 1633)
4(1632 1633 1708 1707)
4(1699 1707 1708 1700)
4(1700 1708 1709 1701)
4(1628 1703 1710 1635)
4(274 1635 1710 289)
4(288 289 1710 1703)
4(1629 1704 1711 1636)
4(1635 1636 1711 1710)
4(1703 1710 1711 1704)
4(1630 1705 1712 1637)
4(1636 1637 1712 1711)
4(1704 1711 1712 1705)
4(1631 1706 1713 1638)
4(1637 1638 1713 1712)
4(1705 1712 1713 1706)
4(1632 1707 1714 1639)
4(1638 1639 1714 1713)
4(1706 1713 1714 1707)
4(1707 1714 1715 1708)
4(1635 1710 1716 1641)
4(275 1641 1716 290)
4(289 290 1716 1710)
4(1636 1711 1717 1642)
4(1641 1642 1717 1716)
4(1710 1716 1717 1711)
4(1637 1712 1718 1643)
4(1642 1643 1718 1717)
4(1711 1717 1718 1712)
4(1638 1713 1719 1644)
4(1643 1644 1719 1718)
4(1712 1718 1719 1713)
4(1713 1719 1720 1714)
4(1641 1716 1721 1646)
4(276 1646 1721 291)
4(290 291 1721 1716)
4(1642 1717 1722 1647)
4(1646 1647 1722 1721)
4(1716 1721 1722 1717)
4(1643 1718 1723 1648)
4(1647 1648 1723 1722)
4(1717 1722 1723 1718)
4(1718 1723 1724 1719)
4(1646 1721 1725 1650)
4(277 1650 1725 292)
4(291 292 1725 1721)
4(1647 1722 1726 1651)
4(1650 1651 1726 1725)
4(1721 1725 1726 1722)
4(1722 1726 1727 1723)
4(1650 1725 1728 1653)
4(278 1653 1728 293)
4(292 293 1728 1725)
4(1725 1728 1729 1726)
4(293 67 84 1728)
4(280 1656 1731 295)
4(1656 1731 1733 1658)
4(281 1658 1733 296)
4(1658 1659 1734 1733)
4(1658 1733 1736 1661)
4(282 1661 1736 297)
4(1659 1734 1737 1662)
4(1661 1662 1737 1736)
4(1662 1663 1738 1737)
4(1661 1736 1740 1666)
4(283 1666 1740 298)
4(1662 1737 1741 1667)
4(1666 1667 1741 1740)
4(1663 1738 1742 1668)
4(1667 1668 1742 1741)
4(1668 1669 1743 1742)
4(1666 1740 1745 1672)
4(284 1672 1745 299)
4(1667 1741 1746 1673)
4(1672 1673 1746 1745)
4(1668 1742 1747 1674)
4(1673 1674 1747 1746)
4(1669 1743 1748 1675)
4(1674 1675 1748 1747)
4(1675 1676 1749 1748)
4(1672 1745 1751 1679)
4(285 1679 1751 300)
4(1673 1746 1752 1680)
4(1679 1680 1752 1751)
4(1674 1747 1753 1681)
4(1680 1681 1753 1752)
4(1675 1748 1754 1682)
4(1681 1682 1754 1753)
4(1676 1749 1755 1683)
4(1682 1683 1755 1754)
4(1683 1684 1756 1755)
4(1679 1751 1759 1687)
4(286 1687 1759 301)
4(1680 1752 1760 1688)
4(1687 1688 1760 1759)
4(1681 1753 1761 1689)
4(1688 1689 1761 1760)
4(1682 1754 1762 1690)
4(1689 1690 1762 1761)
4(1683 1755 1763 1691)
4(1690 1691 1763 1762)
4(1684 1756 1764 1692)
4(1691 1692 1764 1763)
4(1685 1757 1765 1693)
4(1692 1693 1765 1764)
4(1693 1694 1766 1765)
4(1687 1759 1767 1695)
4(287 1695 1767 302)
4(1688 1760 1768 1696)
4(1695 1696 1768 1767)
4(1689 1761 1769 1697)
4(1696 1697 1769 1768)
4(1690 1762 1770 1698)
4(1697 1698 1770 1769)
4(1691 1763 1771 1699)
4(1698 1699 1771 1770)
4(1692 1764 1772 1700)
4(1699 1700 1772 1771)
4(1693 1765 1773 1701)
4(1700 1701 1773 1772)
4(1695 1767 1775 1703)
4(288 1703 1775 303)
4(1696 1768 1776 1704)
4(1703 1704 1776 1775)
4(1697 1769 1777 1705)
4(1704 1705 1777 1776)
4(1698 1770 1778 1706)
4(1705 1706 1778 1777)
4(1699 1771 1779 1707)
4(1706 1707 1779 1778)
4(1700 1772 1780 1708)
4(1707 1708 1780 1779)
4(1703 1775 1782 1710)
4(289 1710 1782 304)
4(1704 1776 1783 1711)
4(1710 1711 1783 1782)
4(1705 1777 1784 1712)
4(1711 1712 1784 1783)
4(1706 1778 1785 1713)
4(1712 1713 1785 1784)
4(1707 1779 1786 1714)
4(1713 1714 1786 1785)
4(1710 1782 1788 1716)
4(290 1716 1788 305)
4(1711 1783 1789 1717)
4(1716 1717 1789 1788)
4(1712 1784 1790 1718)
4(1717 1718 1790 1789)
4(1713 1785 1791 1719)
4(1718 1719 1791 1790)
4(1716 1788 1793 1721)
4(291 1721 1793 306)
4(1717 1789 1794 1722)
4(1721 1722 1794 1793)
4(1718 1790 1795 1723)
4(1722 1723 1795 1794)
4(1721 1793 1797 1725)
4(292 1725 1797 307)
4(1722 1794 1798 1726)
4(1725 1726 1798 1797)
4(1725 1797 1800 1728)
4(293 1728 1800 308)
4(87 86 339 324)
4(324 339 340 325)
4(325 340 341 326)
4(326 341 342 327)
4(327 342 343 328)
4(328 343 344 329)
4(329 344 345 330)
4(330 345 346 331)
4(331 346 347 332)
4(332 347 348 333)
4(333 348 349 334)
4(334 349 350 335)
4(335 350 351 336)
4(336 351 352 337)
4(337 352 353 338)
4(338 353 24 23)
4(86 63 129 339)
4(339 129 130 340)
4(340 130 131 341)
4(341 131 132 342)
4(342 132 133 343)
4(343 133 134 344)
4(344 134 135 345)
4(345 135 136 346)
4(346 136 137 347)
4(347 137 138 348)
4(348 138 139 349)
4(349 139 140 350)
4(350 140 141 351)
4(351 141 142 352)
4(352 142 143 353)
4(353 143 1 24)
4(64 88 309 144)
4(144 309 310 145)
4(145 310 311 146)
4(146 311 312 147)
4(147 312 313 148)
4(148 313 314 149)
4(149 314 315 150)
4(150 315 316 151)
4(151 316 317 152)
4(152 317 318 153)
4(153 318 319 154)
4(154 319 320 155)
4(155 320 321 156)
4(156 321 322 157)
4(157 322 323 158)
4(158 323 22 0)
4(88 87 324 309)
4(309 324 325 310)
4(310 325 326 311)
4(311 326 327 312)
4(312 327 328 313)
4(313 328 329 314)
4(314 329 330 315)
4(315 330 331 316)
4(316 331 332 317)
4(317 332 333 318)
4(318 333 334 319)
4(319 334 335 320)
4(320 335 336 321)
4(321 336 337 322)
4(322 337 338 323)
4(323 338 23 22)
4(0 55 954 158)
4(158 954 955 157)
4(157 955 956 156)
4(156 956 957 155)
4(155 957 958 154)
4(154 958 959 153)
4(153 959 960 152)
4(152 960 961 151)
4(151 961 962 150)
4(150 962 963 149)
4(149 963 964 148)
4(148 964 965 147)
4(147 965 966 146)
4(146 966 967 145)
4(145 967 968 144)
4(144 968 65 64)
4(954 969 970 955)
4(955 970 971 956)
4(956 971 972 957)
4(957 972 973 958)
4(958 973 974 959)
4(959 974 975 960)
4(960 975 976 961)
4(961 976 977 962)
4(962 977 978 963)
4(963 978 979 964)
4(964 979 980 965)
4(965 980 981 966)
4(966 981 982 967)
4(967 982 983 968)
4(970 984 985 971)
4(971 985 986 972)
4(972 986 987 973)
4(973 987 988 974)
4(974 988 989 975)
4(975 989 990 976)
4(976 990 991 977)
4(977 991 992 978)
4(978 992 993 979)
4(979 993 994 980)
4(980 994 995 981)
4(981 995 996 982)
4(985 997 998 986)
4(986 998 999 987)
4(987 999 1000 988)
4(988 1000 1001 989)
4(989 1001 1002 990)
4(990 1002 1003 991)
4(991 1003 1004 992)
4(992 1004 1005 993)
4(993 1005 1006 994)
4(994 1006 1007 995)
4(998 1008 1009 999)
4(999 1009 1010 1000)
4(1000 1010 1011 1001)
4(1001 1011 1012 1002)
4(1002 1012 1013 1003)
4(1003 1013 1014 1004)
4(1004 1014 1015 1005)
4(1005 1015 1016 1006)
4(1009 1017 1018 1010)
4(1010 1018 1019 1011)
4(1011 1019 1020 1012)
4(1012 1020 1021 1013)
4(1013 1021 1022 1014)
4(1014 1022 1023 1015)
4(1018 1024 1025 1019)
4(1019 1025 1026 1020)
4(1020 1026 1027 1021)
4(1021 1027 1028 1022)
4(1025 1029 1030 1026)
4(1026 1030 1031 1027)
4(63 98 354 129)
4(129 354 355 130)
4(130 355 356 131)
4(131 356 357 132)
4(132 357 358 133)
4(133 358 359 134)
4(134 359 360 135)
4(135 360 361 136)
4(136 361 362 137)
4(137 362 363 138)
4(138 363 364 139)
4(139 364 365 140)
4(140 365 366 141)
4(141 366 367 142)
4(142 367 368 143)
4(143 368 21 1)
4(98 97 369 354)
4(354 369 370 355)
4(355 370 371 356)
4(356 371 372 357)
4(357 372 373 358)
4(358 373 374 359)
4(359 374 375 360)
4(360 375 376 361)
4(361 376 377 362)
4(362 377 378 363)
4(363 378 379 364)
4(364 379 380 365)
4(365 380 381 366)
4(366 381 382 367)
4(367 382 383 368)
4(368 383 20 21)
4(97 96 384 369)
4(369 384 385 370)
4(370 385 386 371)
4(371 386 387 372)
4(372 387 388 373)
4(373 388 389 374)
4(374 389 390 375)
4(375 390 391 376)
4(376 391 392 377)
4(377 392 393 378)
4(378 393 394 379)
4(379 394 395 380)
4(380 395 396 381)
4(381 396 397 382)
4(382 397 398 383)
4(383 398 19 20)
4(96 95 399 384)
4(384 399 400 385)
4(385 400 401 386)
4(386 401 402 387)
4(387 402 403 388)
4(388 403 404 389)
4(389 404 405 390)
4(390 405 406 391)
4(391 406 407 392)
4(392 407 408 393)
4(393 408 409 394)
4(394 409 410 395)
4(395 410 411 396)
4(396 411 412 397)
4(397 412 413 398)
4(398 413 18 19)
4(95 94 414 399)
4(399 414 415 400)
4(400 415 416 401)
4(401 416 417 402)
4(402 417 418 403)
4(403 418 419 404)
4(404 419 420 405)
4(405 420 421 406)
4(406 421 422 407)
4(407 422 423 408)
4(408 423 424 409)
4(409 424 425 410)
4(410 425 426 411)
4(411 426 427 412)
4(412 427 428 413)
4(413 428 17 18)
4(94 93 429 414)
4(414 429 430 415)
4(415 430 431 416)
4(416 431 432 417)
4(417 432 433 418)
4(418 433 434 419)
4(419 434 435 420)
4(420 435 436 421)
4(421 436 437 422)
4(422 437 438 423)
4(423 438 439 424)
4(424 439 440 425)
4(425 440 441 426)
4(426 441 442 427)
4(427 442 443 428)
4(428 443 16 17)
4(93 92 444 429)
4(429 444 445 430)
4(430 445 446 431)
4(431 446 447 432)
4(432 447 448 433)
4(433 448 449 434)
4(434 449 450 435)
4(435 450 451 436)
4(436 451 452 437)
4(437 452 453 438)
4(438 453 454 439)
4(439 454 455 440)
4(440 455 456 441)
4(441 456 457 442)
4(442 457 458 443)
4(443 458 15 16)
4(92 91 459 444)
4(444 459 460 445)
4(445 460 461 446)
4(446 461 462 447)
4(447 462 463 448)
4(448 463 464 449)
4(449 464 465 450)
4(450 465 466 451)
4(451 466 467 452)
4(452 467 468 453)
4(453 468 469 454)
4(454 469 470 455)
4(455 470 471 456)
4(456 471 472 457)
4(457 472 473 458)
4(458 473 14 15)
4(91 90 474 459)
4(459 474 475 460)
4(460 475 476 461)
4(461 476 477 462)
4(462 477 478 463)
4(463 478 479 464)
4(464 479 480 465)
4(465 480 481 466)
4(466 481 482 467)
4(467 482 483 468)
4(468 483 484 469)
4(469 484 485 470)
4(470 485 486 471)
4(471 486 487 472)
4(472 487 488 473)
4(473 488 13 14)
4(90 89 489 474)
4(474 489 490 475)
4(475 490 491 476)
4(476 491 492 477)
4(477 492 493 478)
4(478 493 494 479)
4(479 494 495 480)
4(480 495 496 481)
4(481 496 497 482)
4(482 497 498 483)
4(483 498 499 484)
4(484 499 500 485)
4(485 500 501 486)
4(486 501 502 487)
4(487 502 503 488)
4(488 503 12 13)
4(66 308 909 126)
4(308 307 910 909)
4(307 306 911 910)
4(306 305 912 911)
4(305 304 913 912)
4(304 303 914 913)
4(303 302 915 914)
4(302 301 916 915)
4(301 300 917 916)
4(300 299 918 917)
4(299 298 919 918)
4(298 297 920 919)
4(297 296 921 920)
4(296 295 922 921)
4(295 294 923 922)
4(294 2 52 923)
4(126 909 924 127)
4(909 910 925 924)
4(910 911 926 925)
4(911 912 927 926)
4(912 913 928 927)
4(913 914 929 928)
4(914 915 930 929)
4(915 916 931 930)
4(916 917 932 931)
4(917 918 933 932)
4(918 919 934 933)
4(919 920 935 934)
4(920 921 936 935)
4(921 922 937 936)
4(922 923 938 937)
4(923 52 53 938)
4(127 924 939 128)
4(924 925 940 939)
4(925 926 941 940)
4(926 927 942 941)
4(927 928 943 942)
4(928 929 944 943)
4(929 930 945 944)
4(930 931 946 945)
4(931 932 947 946)
4(932 933 948 947)
4(933 934 949 948)
4(934 935 950 949)
4(935 936 951 950)
4(936 937 952 951)
4(937 938 953 952)
4(938 53 54 953)
4(128 939 489 89)
4(939 940 490 489)
4(940 941 491 490)
4(941 942 492 491)
4(942 943 493 492)
4(943 944 494 493)
4(944 945 495 494)
4(945 946 496 495)
4(946 947 497 496)
4(947 948 498 497)
4(948 949 499 498)
4(949 950 500 499)
4(950 951 501 500)
4(951 952 502 501)
4(952 953 503 502)
4(953 54 12 503)
4(294 295 1731 1730)
4(295 296 1733 1731)
4(1731 1733 1734 1732)
4(296 297 1736 1733)
4(1733 1736 1737 1734)
4(1734 1737 1738 1735)
4(297 298 1740 1736)
4(1736 1740 1741 1737)
4(1737 1741 1742 1738)
4(1738 1742 1743 1739)
4(298 299 1745 1740)
4(1740 1745 1746 1741)
4(1741 1746 1747 1742)
4(1742 1747 1748 1743)
4(1743 1748 1749 1744)
4(299 300 1751 1745)
4(1745 1751 1752 1746)
4(1746 1752 1753 1747)
4(1747 1753 1754 1748)
4(1748 1754 1755 1749)
4(1749 1755 1756 1750)
4(300 301 1759 1751)
4(1751 1759 1760 1752)
4(1752 1760 1761 1753)
4(1753 1761 1762 1754)
4(1754 1762 1763 1755)
4(1755 1763 1764 1756)
4(1756 1764 1765 1757)
4(301 302 1767 1759)
4(1759 1767 1768 1760)
4(1760 1768 1769 1761)
4(1761 1769 1770 1762)
4(1762 1770 1771 1763)
4(1763 1771 1772 1764)
4(1764 1772 1773 1765)
4(1765 1773 1774 1766)
4(302 303 1775 1767)
4(1767 1775 1776 1768)
4(1768 1776 1777 1769)
4(1769 1777 1778 1770)
4(1770 1778 1779 1771)
4(1771 1779 1780 1772)
4(1772 1780 1781 1773)
4(303 304 1782 1775)
4(1775 1782 1783 1776)
4(1776 1783 1784 1777)
4(1777 1784 1785 1778)
4(1778 1785 1786 1779)
4(1779 1786 1787 1780)
4(304 305 1788 1782)
4(1782 1788 1789 1783)
4(1783 1789 1790 1784)
4(1784 1790 1791 1785)
4(1785 1791 1792 1786)
4(305 306 1793 1788)
4(1788 1793 1794 1789)
4(1789 1794 1795 1790)
4(1790 1795 1796 1791)
4(306 307 1797 1793)
4(1793 1797 1798 1794)
4(1794 1798 1799 1795)
4(307 308 1800 1797)
4(1797 1800 1801 1798)
4(308 66 85 1800)
4(1757 1765 1766 1758)
4(64 75 99 88)
4(65 76 75 64)
4(88 99 100 87)
4(87 100 101 86)
4(86 101 98 63)
4(75 74 102 99)
4(76 77 74 75)
4(99 102 103 100)
4(100 103 104 101)
4(101 104 97 98)
4(74 73 105 102)
4(77 78 73 74)
4(102 105 106 103)
4(103 106 107 104)
4(104 107 96 97)
4(73 72 108 105)
4(78 79 72 73)
4(105 108 109 106)
4(106 109 110 107)
4(107 110 95 96)
4(72 71 111 108)
4(79 80 71 72)
4(108 111 112 109)
4(109 112 113 110)
4(110 113 94 95)
4(71 70 114 111)
4(80 81 70 71)
4(111 114 115 112)
4(112 115 116 113)
4(113 116 93 94)
4(70 69 117 114)
4(81 82 69 70)
4(114 117 118 115)
4(115 118 119 116)
4(116 119 92 93)
4(69 68 120 117)
4(82 83 68 69)
4(117 120 121 118)
4(118 121 122 119)
4(119 122 91 92)
4(68 67 123 120)
4(83 84 67 68)
4(120 123 124 121)
4(121 124 125 122)
4(122 125 90 91)
4(67 66 126 123)
4(84 85 66 67)
4(123 126 127 124)
4(124 127 128 125)
4(125 128 89 90)
4(1030 1074 1082 1031)
4(1027 1031 1082 1081)
4(1027 1081 1089 1028)
4(1022 1028 1089 1088)
4(1022 1088 1095 1023)
4(1015 1023 1095 1094)
4(1015 1094 1100 1016)
4(1006 1016 1100 1099)
4(1006 1099 1104 1007)
4(995 1007 1104 1103)
4(995 1103 1107 996)
4(982 996 1107 1106)
4(982 1106 1109 983)
4(968 983 1109 1108)
4(968 1108 76 65)
4(1074 1152 1160 1082)
4(1081 1082 1160 1159)
4(1081 1159 1167 1089)
4(1088 1089 1167 1166)
4(1088 1166 1173 1095)
4(1094 1095 1173 1172)
4(1094 1172 1178 1100)
4(1099 1100 1178 1177)
4(1099 1177 1182 1104)
4(1103 1104 1182 1181)
4(1103 1181 1185 1107)
4(1106 1107 1185 1184)
4(1106 1184 1187 1109)
4(1108 1109 1187 1186)
4(1108 1186 77 76)
4(1152 1230 1238 1160)
4(1159 1160 1238 1237)
4(1159 1237 1245 1167)
4(1166 1167 1245 1244)
4(1166 1244 1251 1173)
4(1172 1173 1251 1250)
4(1172 1250 1256 1178)
4(1177 1178 1256 1255)
4(1177 1255 1260 1182)
4(1181 1182 1260 1259)
4(1181 1259 1263 1185)
4(1184 1185 1263 1262)
4(1184 1262 1265 1187)
4(1186 1187 1265 1264)
4(1186 1264 78 77)
4(1230 1308 1316 1238)
4(1237 1238 1316 1315)
4(1237 1315 1323 1245)
4(1244 1245 1323 1322)
4(1244 1322 1329 1251)
4(1250 1251 1329 1328)
4(1250 1328 1334 1256)
4(1255 1256 1334 1333)
4(1255 1333 1338 1260)
4(1259 1260 1338 1337)
4(1259 1337 1341 1263)
4(1262 1263 1341 1340)
4(1262 1340 1343 1265)
4(1264 1265 1343 1342)
4(1264 1342 79 78)
4(1308 1386 1394 1316)
4(1315 1316 1394 1393)
4(1315 1393 1401 1323)
4(1322 1323 1401 1400)
4(1322 1400 1407 1329)
4(1328 1329 1407 1406)
4(1328 1406 1412 1334)
4(1333 1334 1412 1411)
4(1333 1411 1416 1338)
4(1337 1338 1416 1415)
4(1337 1415 1419 1341)
4(1340 1341 1419 1418)
4(1340 1418 1421 1343)
4(1342 1343 1421 1420)
4(1342 1420 80 79)
4(1386 1464 1472 1394)
4(1393 1394 1472 1471)
4(1393 1471 1479 1401)
4(1400 1401 1479 1478)
4(1400 1478 1485 1407)
4(1406 1407 1485 1484)
4(1406 1484 1490 1412)
4(1411 1412 1490 1489)
4(1411 1489 1494 1416)
4(1415 1416 1494 1493)
4(1415 1493 1497 1419)
4(1418 1419 1497 1496)
4(1418 1496 1499 1421)
4(1420 1421 1499 1498)
4(1420 1498 81 80)
4(1464 1542 1550 1472)
4(1471 1472 1550 1549)
4(1471 1549 1557 1479)
4(1478 1479 1557 1556)
4(1478 1556 1563 1485)
4(1484 1485 1563 1562)
4(1484 1562 1568 1490)
4(1489 1490 1568 1567)
4(1489 1567 1572 1494)
4(1493 1494 1572 1571)
4(1493 1571 1575 1497)
4(1496 1497 1575 1574)
4(1496 1574 1577 1499)
4(1498 1499 1577 1576)
4(1498 1576 82 81)
4(1542 1619 1627 1550)
4(1549 1550 1627 1626)
4(1549 1626 1634 1557)
4(1556 1557 1634 1633)
4(1556 1633 1640 1563)
4(1562 1563 1640 1639)
4(1562 1639 1645 1568)
4(1567 1568 1645 1644)
4(1567 1644 1649 1572)
4(1571 1572 1649 1648)
4(1571 1648 1652 1575)
4(1574 1575 1652 1651)
4(1574 1651 1654 1577)
4(1576 1577 1654 1653)
4(1576 1653 83 82)
4(1619 1694 1702 1627)
4(1626 1627 1702 1701)
4(1626 1701 1709 1634)
4(1633 1634 1709 1708)
4(1633 1708 1715 1640)
4(1639 1640 1715 1714)
4(1639 1714 1720 1645)
4(1644 1645 1720 1719)
4(1644 1719 1724 1649)
4(1648 1649 1724 1723)
4(1648 1723 1727 1652)
4(1651 1652 1727 1726)
4(1651 1726 1729 1654)
4(1653 1654 1729 1728)
4(1653 1728 84 83)
4(1694 1766 1774 1702)
4(1701 1702 1774 1773)
4(1701 1773 1781 1709)
4(1708 1709 1781 1780)
4(1708 1780 1787 1715)
4(1714 1715 1787 1786)
4(1714 1786 1792 1720)
4(1719 1720 1792 1791)
4(1719 1791 1796 1724)
4(1723 1724 1796 1795)
4(1723 1795 1799 1727)
4(1726 1727 1799 1798)
4(1726 1798 1801 1729)
4(1728 1729 1801 1800)
4(1728 1800 85 84)
4(0 22 25 11)
4(0 11 56 55)
4(22 23 26 25)
4(23 24 27 26)
4(24 1 21 27)
4(11 25 28 10)
4(11 10 57 56)
4(25 26 29 28)
4(26 27 30 29)
4(27 21 20 30)
4(10 28 31 9)
4(10 9 58 57)
4(28 29 32 31)
4(29 30 33 32)
4(30 20 19 33)
4(9 31 34 8)
4(9 8 59 58)
4(31 32 35 34)
4(32 33 36 35)
4(33 19 18 36)
4(8 34 37 7)
4(8 7 60 59)
4(34 35 38 37)
4(35 36 39 38)
4(36 18 17 39)
4(7 37 40 6)
4(7 6 61 60)
4(37 38 41 40)
4(38 39 42 41)
4(39 17 16 42)
4(6 40 43 5)
4(6 5 62 61)
4(40 41 44 43)
4(41 42 45 44)
4(42 16 15 45)
4(5 43 46 4)
4(43 44 47 46)
4(44 45 48 47)
4(45 15 14 48)
4(4 46 49 3)
4(46 47 50 49)
4(47 48 51 50)
4(48 14 13 51)
4(3 49 52 2)
4(49 50 53 52)
4(50 51 54 53)
4(51 13 12 54)
4(249 5 4 264)
4(264 4 3 279)
4(279 3 2 294)
4(55 56 1032 954)
4(954 1032 1033 969)
4(969 1033 1035 970)
4(970 1035 1036 984)
4(984 1036 1039 985)
4(985 1039 1040 997)
4(997 1040 1044 998)
4(998 1044 1045 1008)
4(1008 1045 1050 1009)
4(1009 1050 1051 1017)
4(1017 1051 1057 1018)
4(1018 1057 1058 1024)
4(1024 1058 1065 1025)
4(1025 1065 1066 1029)
4(1029 1066 1074 1030)
4(56 57 1110 1032)
4(1032 1110 1111 1033)
4(1033 1111 1113 1035)
4(1035 1113 1114 1036)
4(1036 1114 1117 1039)
4(1039 1117 1118 1040)
4(1040 1118 1122 1044)
4(1044 1122 1123 1045)
4(1045 1123 1128 1050)
4(1050 1128 1129 1051)
4(1051 1129 1135 1057)
4(1057 1135 1136 1058)
4(1058 1136 1143 1065)
4(1065 1143 1144 1066)
4(1066 1144 1152 1074)
4(57 58 1188 1110)
4(1110 1188 1189 1111)
4(1111 1189 1191 1113)
4(1113 1191 1192 1114)
4(1114 1192 1195 1117)
4(1117 1195 1196 1118)
4(1118 1196 1200 1122)
4(1122 1200 1201 1123)
4(1123 1201 1206 1128)
4(1128 1206 1207 1129)
4(1129 1207 1213 1135)
4(1135 1213 1214 1136)
4(1136 1214 1221 1143)
4(1143 1221 1222 1144)
4(1144 1222 1230 1152)
4(58 59 1266 1188)
4(1188 1266 1267 1189)
4(1189 1267 1269 1191)
4(1191 1269 1270 1192)
4(1192 1270 1273 1195)
4(1195 1273 1274 1196)
4(1196 1274 1278 1200)
4(1200 1278 1279 1201)
4(1201 1279 1284 1206)
4(1206 1284 1285 1207)
4(1207 1285 1291 1213)
4(1213 1291 1292 1214)
4(1214 1292 1299 1221)
4(1221 1299 1300 1222)
4(1222 1300 1308 1230)
4(59 60 1344 1266)
4(1266 1344 1345 1267)
4(1267 1345 1347 1269)
4(1269 1347 1348 1270)
4(1270 1348 1351 1273)
4(1273 1351 1352 1274)
4(1274 1352 1356 1278)
4(1278 1356 1357 1279)
4(1279 1357 1362 1284)
4(1284 1362 1363 1285)
4(1285 1363 1369 1291)
4(1291 1369 1370 1292)
4(1292 1370 1377 1299)
4(1299 1377 1378 1300)
4(1300 1378 1386 1308)
4(60 61 1422 1344)
4(1344 1422 1423 1345)
4(1345 1423 1425 1347)
4(1347 1425 1426 1348)
4(1348 1426 1429 1351)
4(1351 1429 1430 1352)
4(1352 1430 1434 1356)
4(1356 1434 1435 1357)
4(1357 1435 1440 1362)
4(1362 1440 1441 1363)
4(1363 1441 1447 1369)
4(1369 1447 1448 1370)
4(1370 1448 1455 1377)
4(1377 1455 1456 1378)
4(1378 1456 1464 1386)
4(61 62 1500 1422)
4(5 249 1500 62)
4(1422 1500 1501 1423)
4(1423 1501 1503 1425)
4(1500 1502 1503 1501)
4(1425 1503 1504 1426)
4(1426 1504 1507 1429)
4(1429 1507 1508 1430)
4(1430 1508 1512 1434)
4(1434 1512 1513 1435)
4(1435 1513 1518 1440)
4(1440 1518 1519 1441)
4(1441 1519 1525 1447)
4(1447 1525 1526 1448)
4(1448 1526 1533 1455)
4(1455 1533 1534 1456)
4(1456 1534 1542 1464)
4(249 264 1578 1500)
4(1500 1578 1579 1502)
4(1502 1579 1580 1503)
4(1503 1580 1581 1504)
4(1504 1581 1584 1507)
4(1580 1583 1584 1581)
4(1507 1584 1585 1508)
4(1508 1585 1589 1512)
4(1584 1588 1589 1585)
4(1512 1589 1590 1513)
4(1513 1590 1595 1518)
4(1518 1595 1596 1519)
4(1519 1596 1602 1525)
4(1525 1602 1603 1526)
4(1526 1603 1610 1533)
4(1533 1610 1611 1534)
4(1534 1611 1619 1542)
4(264 279 1655 1578)
4(1578 1655 1656 1579)
4(1579 1656 1657 1580)
4(1580 1657 1659 1583)
4(1583 1659 1660 1584)
4(1584 1660 1663 1588)
4(1588 1663 1664 1589)
4(1589 1664 1665 1590)
4(1590 1665 1670 1595)
4(1664 1669 1670 1665)
4(1595 1670 1671 1596)
4(1596 1671 1677 1602)
4(1670 1676 1677 1671)
4(1602 1677 1678 1603)
4(1603 1678 1685 1610)
4(1677 1684 1685 1678)
4(1610 1685 1686 1611)
4(1611 1686 1694 1619)
4(279 294 1730 1655)
4(1655 1730 1731 1656)
4(1656 1731 1732 1657)
4(1657 1732 1734 1659)
4(1659 1734 1735 1660)
4(1660 1735 1738 1663)
4(1663 1738 1739 1664)
4(1664 1739 1743 1669)
4(1669 1743 1744 1670)
4(1670 1744 1749 1676)
4(1676 1749 1750 1677)
4(1677 1750 1756 1684)
4(1684 1756 1757 1685)
4(1685 1757 1758 1686)
4(1686 1758 1766 1694)
)


// ************************************************************************* //
