/*--------------------------------*- C++ -*----------------------------------*\
| =========                 |                                                 |
| \\      /  F ield         | OpenFOAM: The Open Source CFD Toolbox           |
|  \\    /   O peration     | Version:  4.x                                   |
|   \\  /    A nd           | Web:      www.OpenFOAM.org                      |
|    \\/     M anipulation  |                                                 |
\*---------------------------------------------------------------------------*/
FoamFile
{
    version     2.0;
    format      ascii;
    class       labelList;
    note        "nPoints: 1802 nCells: 1347 nFaces: 4457 nInternalFaces: 3625";
    location    "constant/polyMesh";
    object      neighbour;
}
// * * * * * * * * * * * * * * * * * * * * * * * * * * * * * * * * * * * * * //


3625
(
1
16
64
711
2
17
65
709
3
18
66
706
4
19
67
702
5
20
68
697
6
21
69
691
7
22
70
684
8
23
71
676
9
24
72
668
10
25
73
661
11
26
74
655
12
27
75
650
13
28
76
646
14
29
77
643
15
30
78
641
31
79
640
17
32
80
18
33
81
19
34
82
20
35
83
21
36
84
22
37
85
23
38
86
24
39
87
25
40
88
26
41
89
27
42
90
28
43
91
29
44
92
30
45
93
31
46
94
47
95
33
48
96
34
49
97
35
50
98
36
51
99
37
52
100
38
53
101
39
54
102
40
55
103
41
56
104
42
57
105
43
58
106
44
59
107
45
60
108
46
61
109
47
62
110
63
111
49
112
50
113
51
114
52
115
53
116
54
117
55
118
56
119
57
120
58
121
59
122
60
123
61
124
62
125
63
126
127
65
80
128
783
66
81
129
781
67
82
130
778
68
83
131
774
69
84
132
769
70
85
133
763
71
86
134
756
72
87
135
748
73
88
136
740
74
89
137
733
75
90
138
727
76
91
139
722
77
92
140
718
78
93
141
715
79
94
142
713
95
143
712
81
96
144
82
97
145
83
98
146
84
99
147
85
100
148
86
101
149
87
102
150
88
103
151
89
104
152
90
105
153
91
106
154
92
107
155
93
108
156
94
109
157
95
110
158
111
159
97
112
160
98
113
161
99
114
162
100
115
163
101
116
164
102
117
165
103
118
166
104
119
167
105
120
168
106
121
169
107
122
170
108
123
171
109
124
172
110
125
173
111
126
174
127
175
113
176
114
177
115
178
116
179
117
180
118
181
119
182
120
183
121
184
122
185
123
186
124
187
125
188
126
189
127
190
191
129
144
192
855
130
145
193
853
131
146
194
850
132
147
195
846
133
148
196
841
134
149
197
835
135
150
198
828
136
151
199
820
137
152
200
812
138
153
201
805
139
154
202
799
140
155
203
794
141
156
204
790
142
157
205
787
143
158
206
785
159
207
784
145
160
208
146
161
209
147
162
210
148
163
211
149
164
212
150
165
213
151
166
214
152
167
215
153
168
216
154
169
217
155
170
218
156
171
219
157
172
220
158
173
221
159
174
222
175
223
161
176
224
162
177
225
163
178
226
164
179
227
165
180
228
166
181
229
167
182
230
168
183
231
169
184
232
170
185
233
171
186
234
172
187
235
173
188
236
174
189
237
175
190
238
191
239
177
240
178
241
179
242
180
243
181
244
182
245
183
246
184
247
185
248
186
249
187
250
188
251
189
252
190
253
191
254
255
193
208
256
927
194
209
257
925
195
210
258
922
196
211
259
918
197
212
260
913
198
213
261
907
199
214
262
900
200
215
263
892
201
216
264
884
202
217
265
877
203
218
266
871
204
219
267
866
205
220
268
862
206
221
269
859
207
222
270
857
223
271
856
209
224
272
210
225
273
211
226
274
212
227
275
213
228
276
214
229
277
215
230
278
216
231
279
217
232
280
218
233
281
219
234
282
220
235
283
221
236
284
222
237
285
223
238
286
239
287
225
240
288
226
241
289
227
242
290
228
243
291
229
244
292
230
245
293
231
246
294
232
247
295
233
248
296
234
249
297
235
250
298
236
251
299
237
252
300
238
253
301
239
254
302
255
303
241
304
242
305
243
306
244
307
245
308
246
309
247
310
248
311
249
312
250
313
251
314
252
315
253
316
254
317
255
318
319
257
272
320
999
258
273
321
997
259
274
322
994
260
275
323
990
261
276
324
985
262
277
325
979
263
278
326
972
264
279
327
964
265
280
328
956
266
281
329
949
267
282
330
943
268
283
331
938
269
284
332
934
270
285
333
931
271
286
334
929
287
335
928
273
288
336
274
289
337
275
290
338
276
291
339
277
292
340
278
293
341
279
294
342
280
295
343
281
296
344
282
297
345
283
298
346
284
299
347
285
300
348
286
301
349
287
302
350
303
351
289
304
352
290
305
353
291
306
354
292
307
355
293
308
356
294
309
357
295
310
358
296
311
359
297
312
360
298
313
361
299
314
362
300
315
363
301
316
364
302
317
365
303
318
366
319
367
305
368
306
369
307
370
308
371
309
372
310
373
311
374
312
375
313
376
314
377
315
378
316
379
317
380
318
381
319
382
383
321
336
384
1071
322
337
385
1069
323
338
386
1066
324
339
387
1062
325
340
388
1057
326
341
389
1051
327
342
390
1044
328
343
391
1036
329
344
392
1028
330
345
393
1021
331
346
394
1015
332
347
395
1010
333
348
396
1006
334
349
397
1003
335
350
398
1001
351
399
1000
337
352
400
338
353
401
339
354
402
340
355
403
341
356
404
342
357
405
343
358
406
344
359
407
345
360
408
346
361
409
347
362
410
348
363
411
349
364
412
350
365
413
351
366
414
367
415
353
368
416
354
369
417
355
370
418
356
371
419
357
372
420
358
373
421
359
374
422
360
375
423
361
376
424
362
377
425
363
378
426
364
379
427
365
380
428
366
381
429
367
382
430
383
431
369
432
370
433
371
434
372
435
373
436
374
437
375
438
376
439
377
440
378
441
379
442
380
443
381
444
382
445
383
446
447
385
400
448
1143
386
401
449
1141
387
402
450
1138
388
403
451
1134
389
404
452
1129
390
405
453
1123
391
406
454
1116
392
407
455
1108
393
408
456
1100
394
409
457
1093
395
410
458
1087
396
411
459
1082
397
412
460
1078
398
413
461
1075
399
414
462
1073
415
463
1072
401
416
464
402
417
465
403
418
466
404
419
467
405
420
468
406
421
469
407
422
470
408
423
471
409
424
472
410
425
473
411
426
474
412
427
475
413
428
476
414
429
477
415
430
478
431
479
417
432
480
418
433
481
419
434
482
420
435
483
421
436
484
422
437
485
423
438
486
424
439
487
425
440
488
426
441
489
427
442
490
428
443
491
429
444
492
430
445
493
431
446
494
447
495
433
496
434
497
435
498
436
499
437
500
438
501
439
502
440
503
441
504
442
505
443
506
444
507
445
508
446
509
447
510
511
449
464
512
1213
450
465
513
1211
451
466
514
1208
452
467
515
1204
453
468
516
1199
454
469
517
1193
455
470
518
1186
456
471
519
1178
457
472
520
1170
458
473
521
1163
459
474
522
1157
460
475
523
1152
461
476
524
1148
462
477
525
1145
463
478
526
1144
479
527
465
480
528
466
481
529
467
482
530
468
483
531
469
484
532
470
485
533
471
486
534
472
487
535
473
488
536
474
489
537
475
490
538
476
491
539
477
492
540
478
493
541
479
494
542
495
543
481
496
544
482
497
545
483
498
546
484
499
547
485
500
548
486
501
549
487
502
550
488
503
551
489
504
552
490
505
553
491
506
554
492
507
555
493
508
556
494
509
557
495
510
558
511
559
497
560
498
561
499
562
500
563
501
564
502
565
503
566
504
567
505
568
506
569
507
570
508
571
509
572
510
573
511
574
575
513
528
576
1281
514
529
577
1279
515
530
578
1276
516
531
579
1272
517
532
580
1267
518
533
581
1261
519
534
582
1254
520
535
583
1246
521
536
584
1238
522
537
585
1231
523
538
586
1225
524
539
587
1220
525
540
588
1217
526
541
589
1215
527
542
590
1214
543
591
529
544
592
530
545
593
531
546
594
532
547
595
533
548
596
534
549
597
535
550
598
536
551
599
537
552
600
538
553
601
539
554
602
540
555
603
541
556
604
542
557
605
543
558
606
559
607
545
560
608
546
561
609
547
562
610
548
563
611
549
564
612
550
565
613
551
566
614
552
567
615
553
568
616
554
569
617
555
570
618
556
571
619
557
572
620
558
573
621
559
574
622
575
623
561
624
562
625
563
626
564
627
565
628
566
629
567
630
568
631
569
632
570
633
571
634
572
635
573
636
574
637
575
638
639
577
592
1346
578
593
1344
579
594
1341
580
595
1337
581
596
1332
582
597
1326
583
598
1319
584
599
1311
585
600
1303
586
601
1297
587
602
1292
588
603
1288
589
604
1285
590
605
1283
591
606
1282
607
593
608
594
609
595
610
596
611
597
612
598
613
599
614
600
615
601
616
602
617
603
618
604
619
605
620
606
621
607
622
623
609
624
610
625
611
626
612
627
613
628
614
629
615
630
616
631
617
632
618
633
619
634
620
635
621
636
622
637
623
638
639
625
626
627
628
629
630
631
632
633
634
635
636
637
638
639
641
712
642
643
713
644
714
644
646
715
645
647
716
648
717
647
650
718
648
651
719
649
652
720
653
721
651
655
722
652
656
723
653
657
724
654
658
725
659
726
656
661
727
657
662
728
658
663
729
659
664
730
660
665
731
666
732
662
668
733
663
669
734
664
670
735
665
671
736
666
672
737
667
673
738
674
739
669
676
740
670
677
741
671
678
742
672
679
743
673
680
744
674
681
745
675
682
746
683
747
677
684
748
678
685
749
679
686
750
680
687
751
681
688
752
682
689
753
683
690
754
755
685
691
756
686
692
757
687
693
758
688
694
759
689
695
760
690
696
761
762
692
697
763
693
698
764
694
699
765
695
700
766
696
701
767
768
698
702
769
699
703
770
700
704
771
701
705
772
773
703
706
774
704
707
775
705
708
776
777
707
709
778
708
710
779
780
710
711
781
782
783
713
784
714
715
785
716
786
716
718
787
717
719
788
720
789
719
722
790
720
723
791
721
724
792
725
793
723
727
794
724
728
795
725
729
796
726
730
797
731
798
728
733
799
729
734
800
730
735
801
731
736
802
732
737
803
738
804
734
740
805
735
741
806
736
742
807
737
743
808
738
744
809
739
745
810
746
811
741
748
812
742
749
813
743
750
814
744
751
815
745
752
816
746
753
817
747
754
818
755
819
749
756
820
750
757
821
751
758
822
752
759
823
753
760
824
754
761
825
755
762
826
827
757
763
828
758
764
829
759
765
830
760
766
831
761
767
832
762
768
833
834
764
769
835
765
770
836
766
771
837
767
772
838
768
773
839
840
770
774
841
771
775
842
772
776
843
773
777
844
845
775
778
846
776
779
847
777
780
848
849
779
781
850
780
782
851
852
782
783
853
854
855
785
856
786
787
857
788
858
788
790
859
789
791
860
792
861
791
794
862
792
795
863
793
796
864
797
865
795
799
866
796
800
867
797
801
868
798
802
869
803
870
800
805
871
801
806
872
802
807
873
803
808
874
804
809
875
810
876
806
812
877
807
813
878
808
814
879
809
815
880
810
816
881
811
817
882
818
883
813
820
884
814
821
885
815
822
886
816
823
887
817
824
888
818
825
889
819
826
890
827
891
821
828
892
822
829
893
823
830
894
824
831
895
825
832
896
826
833
897
827
834
898
899
829
835
900
830
836
901
831
837
902
832
838
903
833
839
904
834
840
905
906
836
841
907
837
842
908
838
843
909
839
844
910
840
845
911
912
842
846
913
843
847
914
844
848
915
845
849
916
917
847
850
918
848
851
919
849
852
920
921
851
853
922
852
854
923
924
854
855
925
926
927
857
928
858
859
929
860
930
860
862
931
861
863
932
864
933
863
866
934
864
867
935
865
868
936
869
937
867
871
938
868
872
939
869
873
940
870
874
941
875
942
872
877
943
873
878
944
874
879
945
875
880
946
876
881
947
882
948
878
884
949
879
885
950
880
886
951
881
887
952
882
888
953
883
889
954
890
955
885
892
956
886
893
957
887
894
958
888
895
959
889
896
960
890
897
961
891
898
962
899
963
893
900
964
894
901
965
895
902
966
896
903
967
897
904
968
898
905
969
899
906
970
971
901
907
972
902
908
973
903
909
974
904
910
975
905
911
976
906
912
977
978
908
913
979
909
914
980
910
915
981
911
916
982
912
917
983
984
914
918
985
915
919
986
916
920
987
917
921
988
989
919
922
990
920
923
991
921
924
992
993
923
925
994
924
926
995
996
926
927
997
998
999
929
1000
930
931
1001
932
1002
932
934
1003
933
935
1004
936
1005
935
938
1006
936
939
1007
937
940
1008
941
1009
939
943
1010
940
944
1011
941
945
1012
942
946
1013
947
1014
944
949
1015
945
950
1016
946
951
1017
947
952
1018
948
953
1019
954
1020
950
956
1021
951
957
1022
952
958
1023
953
959
1024
954
960
1025
955
961
1026
962
1027
957
964
1028
958
965
1029
959
966
1030
960
967
1031
961
968
1032
962
969
1033
963
970
1034
971
1035
965
972
1036
966
973
1037
967
974
1038
968
975
1039
969
976
1040
970
977
1041
971
978
1042
1043
973
979
1044
974
980
1045
975
981
1046
976
982
1047
977
983
1048
978
984
1049
1050
980
985
1051
981
986
1052
982
987
1053
983
988
1054
984
989
1055
1056
986
990
1057
987
991
1058
988
992
1059
989
993
1060
1061
991
994
1062
992
995
1063
993
996
1064
1065
995
997
1066
996
998
1067
1068
998
999
1069
1070
1071
1001
1072
1002
1003
1073
1004
1074
1004
1006
1075
1005
1007
1076
1008
1077
1007
1010
1078
1008
1011
1079
1009
1012
1080
1013
1081
1011
1015
1082
1012
1016
1083
1013
1017
1084
1014
1018
1085
1019
1086
1016
1021
1087
1017
1022
1088
1018
1023
1089
1019
1024
1090
1020
1025
1091
1026
1092
1022
1028
1093
1023
1029
1094
1024
1030
1095
1025
1031
1096
1026
1032
1097
1027
1033
1098
1034
1099
1029
1036
1100
1030
1037
1101
1031
1038
1102
1032
1039
1103
1033
1040
1104
1034
1041
1105
1035
1042
1106
1043
1107
1037
1044
1108
1038
1045
1109
1039
1046
1110
1040
1047
1111
1041
1048
1112
1042
1049
1113
1043
1050
1114
1115
1045
1051
1116
1046
1052
1117
1047
1053
1118
1048
1054
1119
1049
1055
1120
1050
1056
1121
1122
1052
1057
1123
1053
1058
1124
1054
1059
1125
1055
1060
1126
1056
1061
1127
1128
1058
1062
1129
1059
1063
1130
1060
1064
1131
1061
1065
1132
1133
1063
1066
1134
1064
1067
1135
1065
1068
1136
1137
1067
1069
1138
1068
1070
1139
1140
1070
1071
1141
1142
1143
1073
1074
1075
1144
1076
1076
1078
1145
1077
1079
1146
1080
1147
1079
1082
1148
1080
1083
1149
1081
1084
1150
1085
1151
1083
1087
1152
1084
1088
1153
1085
1089
1154
1086
1090
1155
1091
1156
1088
1093
1157
1089
1094
1158
1090
1095
1159
1091
1096
1160
1092
1097
1161
1098
1162
1094
1100
1163
1095
1101
1164
1096
1102
1165
1097
1103
1166
1098
1104
1167
1099
1105
1168
1106
1169
1101
1108
1170
1102
1109
1171
1103
1110
1172
1104
1111
1173
1105
1112
1174
1106
1113
1175
1107
1114
1176
1115
1177
1109
1116
1178
1110
1117
1179
1111
1118
1180
1112
1119
1181
1113
1120
1182
1114
1121
1183
1115
1122
1184
1185
1117
1123
1186
1118
1124
1187
1119
1125
1188
1120
1126
1189
1121
1127
1190
1122
1128
1191
1192
1124
1129
1193
1125
1130
1194
1126
1131
1195
1127
1132
1196
1128
1133
1197
1198
1130
1134
1199
1131
1135
1200
1132
1136
1201
1133
1137
1202
1203
1135
1138
1204
1136
1139
1205
1137
1140
1206
1207
1139
1141
1208
1140
1142
1209
1210
1142
1143
1211
1212
1213
1145
1214
1146
1148
1215
1147
1149
1216
1150
1149
1152
1217
1150
1153
1218
1151
1154
1219
1155
1153
1157
1220
1154
1158
1221
1155
1159
1222
1156
1160
1223
1161
1224
1158
1163
1225
1159
1164
1226
1160
1165
1227
1161
1166
1228
1162
1167
1229
1168
1230
1164
1170
1231
1165
1171
1232
1166
1172
1233
1167
1173
1234
1168
1174
1235
1169
1175
1236
1176
1237
1171
1178
1238
1172
1179
1239
1173
1180
1240
1174
1181
1241
1175
1182
1242
1176
1183
1243
1177
1184
1244
1185
1245
1179
1186
1246
1180
1187
1247
1181
1188
1248
1182
1189
1249
1183
1190
1250
1184
1191
1251
1185
1192
1252
1253
1187
1193
1254
1188
1194
1255
1189
1195
1256
1190
1196
1257
1191
1197
1258
1192
1198
1259
1260
1194
1199
1261
1195
1200
1262
1196
1201
1263
1197
1202
1264
1198
1203
1265
1266
1200
1204
1267
1201
1205
1268
1202
1206
1269
1203
1207
1270
1271
1205
1208
1272
1206
1209
1273
1207
1210
1274
1275
1209
1211
1276
1210
1212
1277
1278
1212
1213
1279
1280
1281
1215
1282
1216
1217
1283
1218
1284
1218
1220
1285
1219
1221
1286
1222
1287
1221
1225
1288
1222
1226
1289
1223
1227
1290
1224
1228
1291
1229
1226
1231
1292
1227
1232
1293
1228
1233
1294
1229
1234
1295
1230
1235
1296
1236
1232
1238
1297
1233
1239
1298
1234
1240
1299
1235
1241
1300
1236
1242
1301
1237
1243
1302
1244
1239
1246
1303
1240
1247
1304
1241
1248
1305
1242
1249
1306
1243
1250
1307
1244
1251
1308
1245
1252
1309
1253
1310
1247
1254
1311
1248
1255
1312
1249
1256
1313
1250
1257
1314
1251
1258
1315
1252
1259
1316
1253
1260
1317
1318
1255
1261
1319
1256
1262
1320
1257
1263
1321
1258
1264
1322
1259
1265
1323
1260
1266
1324
1325
1262
1267
1326
1263
1268
1327
1264
1269
1328
1265
1270
1329
1266
1271
1330
1331
1268
1272
1332
1269
1273
1333
1270
1274
1334
1271
1275
1335
1336
1273
1276
1337
1274
1277
1338
1275
1278
1339
1340
1277
1279
1341
1278
1280
1342
1343
1280
1281
1344
1345
1346
1283
1284
1285
1286
1286
1288
1287
1289
1290
1289
1292
1290
1293
1291
1294
1295
1293
1297
1294
1298
1295
1299
1296
1300
1301
1298
1303
1299
1304
1300
1305
1301
1306
1302
1307
1308
1304
1311
1305
1312
1306
1313
1307
1314
1308
1315
1309
1316
1310
1317
1318
1312
1319
1313
1320
1314
1321
1315
1322
1316
1323
1317
1324
1318
1325
1320
1326
1321
1327
1322
1328
1323
1329
1324
1330
1325
1331
1327
1332
1328
1333
1329
1334
1330
1335
1331
1336
1333
1337
1334
1338
1335
1339
1336
1340
1338
1341
1339
1342
1340
1343
1342
1344
1343
1345
1345
1346
)


// ************************************************************************* //
