/*--------------------------------*- C++ -*----------------------------------*\
| =========                 |                                                 |
| \\      /  F ield         | OpenFOAM: The Open Source CFD Toolbox           |
|  \\    /   O peration     | Version:  4.x                                   |
|   \\  /    A nd           | Web:      www.OpenFOAM.org                      |
|    \\/     M anipulation  |                                                 |
\*---------------------------------------------------------------------------*/
FoamFile
{
    version     2.0;
    format      ascii;
    class       labelList;
    location    "constant/polyMesh";
    object      pointProcAddressing;
}
// * * * * * * * * * * * * * * * * * * * * * * * * * * * * * * * * * * * * * //


1802
(
1
3
13
14
15
16
17
18
19
20
21
22
31
32
33
34
35
36
37
38
39
40
44
45
46
47
48
49
50
51
52
53
54
55
56
57
58
59
60
61
62
63
64
65
66
67
68
69
70
71
72
73
74
75
76
152
200
215
230
245
260
275
290
3463
3495
3510
3584
3585
3586
3587
3588
3589
3590
3591
3592
3593
3594
3609
3624
3639
3654
3669
3684
3699
3714
3729
3879
3880
3881
3936
3937
3938
3939
3940
3941
3942
3943
3944
3945
4231
4232
4233
4234
4235
4236
4237
4238
4239
4240
4241
4242
4243
4244
4245
4246
4247
4248
4249
4250
4251
4252
4253
4254
4255
4256
4257
4258
4259
4260
5143
5144
5145
5146
5147
5148
5149
5150
5151
5152
5153
5154
5155
5156
5157
5173
5174
5175
5176
5177
5178
5179
5180
5181
5182
5183
5184
5185
5186
5187
5248
5249
5250
5251
5252
5253
5254
5255
5256
5257
5258
5259
5260
5261
5262
5263
5264
5265
5266
5267
5268
5269
5270
5271
5272
5273
5274
5275
5276
5277
5278
5279
5280
5281
5282
5283
5284
5285
5286
5287
5288
5289
5290
5291
5292
5293
5294
5295
5296
5297
5298
5299
5300
5301
5302
5303
5304
5305
5306
5307
5308
5309
5310
5311
5312
5313
5314
5315
5316
5317
5318
5319
5320
5321
5322
5323
5324
5325
5326
5327
5328
5329
5330
5331
5332
5333
5334
5335
5336
5337
5338
5339
5340
5341
5342
5343
5344
5345
5346
5347
5348
5349
5350
5351
5352
5353
5354
5355
5356
5357
5358
5359
5360
5361
5362
5363
5364
5365
5366
5367
5368
5369
5370
5371
5372
5373
5374
5375
5376
5377
5378
5379
5380
5381
5382
5383
5384
5385
5386
5387
5388
5389
5390
5391
5392
5393
5394
5395
5396
5397
5533
5534
5535
5536
5537
5538
5539
5540
5541
5542
5543
5544
5545
5546
5547
5548
5549
5550
5551
5552
5553
5554
5555
5556
5557
5558
5559
5560
5561
5562
5563
5564
5565
5566
5567
5568
5569
5570
5571
5572
5573
5574
5575
5576
5577
5578
5579
5580
5581
5582
5583
5584
5585
5586
5587
5588
5589
5590
5591
5592
5593
5594
5595
5596
5597
5598
5599
5600
5601
5602
5603
5604
5605
5606
5607
5608
5609
5610
5611
5612
5613
5614
5615
5616
5617
5618
5619
5620
5621
5622
5623
5624
5625
5626
5627
5628
5629
5630
5631
5632
5633
5634
5635
5636
5637
5638
5639
5640
5641
5642
5643
5644
5645
5646
5647
5648
5649
5650
5651
5652
5653
5654
5655
5656
5657
5658
5659
5660
5661
5662
5663
5664
5665
5666
5667
5668
5669
5670
5671
5672
5673
5674
5675
5676
5677
5678
5679
5680
5681
5682
5683
5684
5685
5686
5687
5688
5689
5690
5691
5692
5693
5694
5695
5696
5697
5698
5699
5700
5701
5702
5703
5704
5705
5706
5707
5708
5709
5710
5711
5712
5713
5714
5715
5716
5717
5718
5719
5720
5721
5722
5723
5724
5725
5726
5727
5863
5864
5865
5866
5867
5868
5869
5870
5871
5872
5873
5874
5875
5876
5877
5878
5879
5880
5881
5882
5883
5884
5885
5886
5887
5888
5889
5890
5891
5892
5893
5894
5895
5896
5897
5898
5899
5900
5901
5902
5903
5904
5905
5906
5907
5908
5909
5910
5911
5912
5913
5914
5915
5916
5917
5918
5919
5920
5921
5922
5923
5924
5925
5926
5927
5928
5929
5930
5931
5932
5933
5934
5935
5936
5937
5938
5939
5940
5941
5942
5943
5944
5945
5946
5947
5948
5949
5950
5951
5952
5953
5954
5955
5956
5957
5958
5959
5960
5961
5962
5963
5964
5965
5966
5967
5968
5969
5970
5971
5972
5973
5974
5975
5976
5977
5978
5979
5980
5981
5982
5983
5984
5985
5986
5987
5988
5989
5990
5991
5992
5993
5994
5995
5996
5997
5998
5999
6000
6001
6002
6003
6004
6005
6006
6007
6008
6009
6010
6011
6012
6013
6014
6015
6016
6017
6018
6019
6020
6021
6022
6023
6024
6025
6026
6027
6028
6029
6030
6031
6032
6033
6034
6035
6036
6037
6038
6039
6040
6041
6042
6043
6044
6045
6046
6047
6048
6049
6050
6051
6052
6053
6054
6055
6056
6057
6058
6059
6060
6061
6062
6063
6064
6065
6066
6067
6068
6069
6070
6071
6072
6073
6074
6075
6076
6077
6078
6079
6080
6081
6082
6083
6084
6085
6086
6087
6088
6089
6090
6091
6092
6093
6094
6095
6096
6097
6098
6099
6100
6101
6102
6103
6104
6105
6106
6107
6108
6109
6110
6111
6112
6113
6114
6115
6116
6117
6118
6119
6120
6121
6122
6123
6124
6125
6126
6127
6128
6129
6130
6131
6132
6133
6134
6135
6136
6137
6138
6139
6140
6141
6142
6143
6144
6145
6146
6147
6148
6149
6150
6151
6152
6153
6154
6155
6156
6157
6158
6159
6160
6161
6162
6163
6164
6165
6166
6167
6168
6169
6170
6171
6172
6173
6174
6175
6176
6177
6178
6179
6180
6181
6182
6183
6184
6185
6186
6187
6188
6189
6190
6191
6192
6193
6194
6195
6196
6197
6198
6199
6200
6201
6202
6203
6204
6205
6206
6207
6208
6209
6210
6211
6212
6213
6214
6215
6216
6217
6218
6219
6220
6221
6222
6223
6224
6225
6226
6227
6228
6229
6230
6231
6232
6233
6234
6235
6236
6237
6238
6239
6240
6241
6242
6243
6244
6245
6246
6247
6248
6249
6250
6251
6252
6253
6254
6255
6256
6257
6258
6259
6260
6261
6262
6263
6264
6265
6266
6267
6268
6269
6270
6271
6272
6273
6274
6275
6276
6277
6278
6279
6280
6281
6282
6283
6284
6285
6286
6287
6288
6289
6290
6291
6292
6293
6294
6295
6296
6297
6298
6299
6300
6301
6302
6303
6304
6305
6306
6307
6308
6309
6310
6311
6312
6718
6719
6720
6721
6722
6723
6724
6725
6726
6727
6728
6729
6730
6731
6732
6733
6734
6735
6736
6737
6738
6739
6740
6741
6742
6743
6744
6745
6746
6747
6749
6750
6751
6752
6753
6754
6755
6756
6757
6758
6759
6760
6761
6765
6766
6767
6768
6769
6770
6771
6772
6773
6774
6775
6781
6782
6783
6784
6785
6786
6787
6788
6789
6797
6798
6799
6800
6801
6802
6803
6813
6814
6815
6816
6817
6829
6830
6831
7168
7169
7183
7184
7185
7198
7199
7200
7201
7213
7214
7215
7216
7217
7228
7229
7230
7231
7232
7233
7243
7244
7245
7246
7247
7248
7249
7258
7259
7260
7261
7262
7263
7264
7265
7273
7274
7275
7276
7277
7278
7279
7280
7288
7289
7290
7291
7292
7293
7294
7295
7303
7304
7305
7306
7307
7308
7309
7318
7319
7320
7321
7322
7323
7333
7334
7335
7336
7337
7348
7349
7350
7351
7363
7364
7365
7378
7379
7393
7394
7408
7409
7410
7423
7424
7425
7426
7438
7439
7440
7441
7442
7453
7454
7455
7456
7457
7458
7468
7469
7470
7471
7472
7473
7474
7483
7484
7485
7486
7487
7488
7489
7490
7498
7499
7500
7501
7502
7503
7504
7505
7513
7514
7515
7516
7517
7518
7519
7520
7528
7529
7530
7531
7532
7533
7534
7543
7544
7545
7546
7547
7548
7558
7559
7560
7561
7562
7573
7574
7575
7576
7588
7589
7590
7603
7604
7618
7619
7633
7634
7635
7648
7649
7650
7651
7663
7664
7665
7666
7667
7678
7679
7680
7681
7682
7683
7693
7694
7695
7696
7697
7698
7699
7708
7709
7710
7711
7712
7713
7714
7715
7723
7724
7725
7726
7727
7728
7729
7730
7738
7739
7740
7741
7742
7743
7744
7745
7753
7754
7755
7756
7757
7758
7759
7768
7769
7770
7771
7772
7773
7783
7784
7785
7786
7787
7798
7799
7800
7801
7813
7814
7815
7828
7829
7843
7844
7858
7859
7860
7873
7874
7875
7876
7888
7889
7890
7891
7892
7903
7904
7905
7906
7907
7908
7918
7919
7920
7921
7922
7923
7924
7933
7934
7935
7936
7937
7938
7939
7940
7948
7949
7950
7951
7952
7953
7954
7955
7963
7964
7965
7966
7967
7968
7969
7970
7978
7979
7980
7981
7982
7983
7984
7993
7994
7995
7996
7997
7998
8008
8009
8010
8011
8012
8023
8024
8025
8026
8038
8039
8040
8053
8054
8068
8069
8083
8084
8085
8098
8099
8100
8101
8113
8114
8115
8116
8117
8128
8129
8130
8131
8132
8133
8143
8144
8145
8146
8147
8148
8149
8158
8159
8160
8161
8162
8163
8164
8165
8173
8174
8175
8176
8177
8178
8179
8180
8188
8189
8190
8191
8192
8193
8194
8195
8203
8204
8205
8206
8207
8208
8209
8218
8219
8220
8221
8222
8223
8233
8234
8235
8236
8237
8248
8249
8250
8251
8263
8264
8265
8278
8279
8293
8294
8308
8309
8310
8323
8324
8325
8326
8338
8339
8340
8341
8342
8353
8354
8355
8356
8357
8358
8368
8369
8370
8371
8372
8373
8374
8383
8384
8385
8386
8387
8388
8389
8390
8398
8399
8400
8401
8402
8403
8404
8405
8413
8414
8415
8416
8417
8418
8419
8420
8428
8429
8430
8431
8432
8433
8434
8443
8444
8445
8446
8447
8448
8458
8459
8460
8461
8462
8473
8474
8475
8476
8488
8489
8490
8503
8504
8518
8519
8533
8534
8535
8548
8549
8550
8551
8563
8564
8565
8566
8567
8578
8579
8580
8581
8582
8583
8593
8594
8595
8596
8597
8598
8599
8608
8609
8610
8611
8612
8613
8614
8615
8623
8624
8625
8626
8627
8628
8629
8630
8638
8639
8640
8641
8642
8643
8644
8645
8653
8654
8655
8656
8657
8658
8659
8668
8669
8670
8671
8672
8673
8683
8684
8685
8686
8687
8698
8699
8700
8701
8713
8714
8715
8728
8729
8743
8758
8759
8760
8773
8774
8775
8776
8788
8789
8790
8791
8792
8803
8804
8805
8806
8807
8808
8818
8819
8820
8821
8822
8823
8824
8833
8834
8835
8836
8837
8838
8839
8840
8848
8849
8850
8851
8852
8853
8854
8855
8863
8864
8865
8866
8867
8868
8869
8870
8878
8879
8880
8881
8882
8883
8884
8893
8894
8895
8896
8897
8898
8908
8909
8910
8911
8912
8923
8924
8925
8926
8938
8939
8940
8953
8954
8968
8983
8984
8998
8999
9000
9013
9014
9015
9016
9017
9028
9029
9030
9031
9032
9033
9043
9044
9045
9046
9047
9048
9049
9058
9059
9060
9061
9062
9063
9064
9065
9073
9074
9075
9076
9077
9078
9079
9080
9088
9089
9090
9091
9092
9093
9094
9095
9103
9104
9105
9106
9107
9108
9109
9118
9119
9120
9121
9122
9123
9133
9134
9135
9136
9137
9148
9149
9150
9151
9163
9164
9165
9178
9179
9193
9208
9209
9223
9224
9225
9238
9239
9240
9241
9253
9254
9255
9256
9257
9268
9269
9270
9271
9272
9273
9283
9284
9285
9286
9287
9288
9289
9290
9298
9299
9300
9301
9302
9303
9304
9305
9313
9314
9315
9316
9317
9318
9319
9320
9328
9329
9330
9331
9332
9333
9334
9343
9344
9345
9346
9347
9348
9358
9359
9360
9361
9362
9373
9374
9375
9376
9388
9389
9390
9403
9404
)


// ************************************************************************* //
