/*--------------------------------*- C++ -*----------------------------------*\
| =========                 |                                                 |
| \\      /  F ield         | OpenFOAM: The Open Source CFD Toolbox           |
|  \\    /   O peration     | Version:  4.x                                   |
|   \\  /    A nd           | Web:      www.OpenFOAM.org                      |
|    \\/     M anipulation  |                                                 |
\*---------------------------------------------------------------------------*/
FoamFile
{
    version     2.0;
    format      ascii;
    class       labelList;
    location    "constant/polyMesh";
    object      cellProcAddressing;
}
// * * * * * * * * * * * * * * * * * * * * * * * * * * * * * * * * * * * * * //


1347
(
1916
1917
1918
1919
1920
1921
1922
1923
1924
1925
1926
1927
1928
1929
1930
1931
1932
1933
1934
1935
1936
1937
1938
1939
1940
1941
1942
1943
1944
1945
1946
1947
1948
1949
1950
1951
1952
1953
1954
1955
1956
1957
1958
1959
1960
1961
1962
1963
1964
1965
1966
1967
1968
1969
1970
1971
1972
1973
1974
1975
1976
1977
1978
1979
1980
1981
1982
1983
1984
1985
1986
1987
1988
1989
1990
1991
1992
1993
1994
1995
1996
1997
1998
1999
2000
2001
2002
2003
2004
2005
2006
2007
2008
2009
2010
2011
2012
2013
2014
2015
2016
2017
2018
2019
2020
2021
2022
2023
2024
2025
2026
2027
2028
2029
2030
2031
2032
2033
2034
2035
2036
2037
2038
2039
2040
2041
2042
2043
2044
2045
2046
2047
2048
2049
2050
2051
2052
2053
2054
2055
2056
2057
2058
2059
2060
2061
2062
2063
2064
2065
2066
2067
2068
2069
2070
2071
2072
2073
2074
2075
2076
2077
2078
2079
2080
2081
2082
2083
2084
2085
2086
2087
2088
2089
2090
2091
2092
2093
2094
2095
2096
2097
2098
2099
2100
2101
2102
2103
2104
2105
2106
2107
2108
2109
2110
2111
2112
2113
2114
2115
2116
2117
2118
2119
2120
2121
2122
2123
2124
2125
2126
2127
2128
2129
2130
2131
2132
2133
2134
2135
2136
2137
2138
2139
2140
2141
2142
2143
2144
2145
2146
2147
2148
2149
2150
2151
2152
2153
2154
2155
2156
2157
2158
2159
2160
2161
2162
2163
2164
2165
2166
2167
2168
2169
2170
2171
2172
2173
2174
2175
2176
2177
2178
2179
2180
2181
2182
2183
2184
2185
2186
2187
2188
2189
2190
2191
2192
2193
2194
2195
2196
2197
2198
2199
2200
2201
2202
2203
2204
2205
2206
2207
2208
2209
2210
2211
2212
2213
2214
2215
2216
2217
2218
2219
2220
2221
2222
2223
2224
2225
2226
2227
2228
2229
2230
2231
2232
2233
2234
2235
2236
2237
2238
2239
2240
2241
2242
2243
2244
2245
2246
2247
2248
2249
2250
2251
2252
2253
2254
2255
2256
2257
2258
2259
2260
2261
2262
2263
2264
2265
2266
2267
2268
2269
2270
2271
2272
2273
2274
2275
2276
2277
2278
2279
2280
2281
2282
2283
2284
2285
2286
2287
2288
2289
2290
2291
2292
2293
2294
2295
2296
2297
2298
2299
2300
2301
2302
2303
2304
2305
2306
2307
2308
2309
2310
2311
2312
2313
2314
2315
2316
2317
2318
2319
2320
2321
2322
2323
2324
2325
2326
2327
2328
2329
2330
2331
2332
2333
2334
2335
2336
2337
2338
2339
2340
2341
2342
2343
2344
2345
2346
2347
2348
2349
2350
2351
2352
2353
2354
2355
2356
2357
2358
2359
2360
2361
2362
2363
2364
2365
2366
2367
2368
2369
2370
2371
2372
2373
2374
2375
2376
2377
2378
2379
2380
2381
2382
2383
2384
2385
2386
2387
2388
2389
2390
2391
2392
2393
2394
2395
2396
2397
2398
2399
2400
2401
2402
2403
2404
2405
2406
2407
2408
2409
2410
2411
2412
2413
2414
2415
2416
2417
2418
2419
2420
2421
2422
2423
2424
2425
2426
2427
2428
2429
2430
2431
2432
2433
2434
2435
2436
2437
2438
2439
2440
2441
2442
2443
2444
2445
2446
2447
2448
2449
2450
2451
2452
2453
2454
2455
2456
2457
2458
2459
2460
2461
2462
2463
2464
2465
2466
2467
2468
2469
2470
2471
2472
2473
2474
2475
2476
2477
2478
2479
2480
2481
2482
2483
2484
2485
2486
2487
2488
2489
2490
2491
2492
2493
2494
2495
2496
2497
2498
2499
2500
2501
2502
2503
2504
2505
2506
2507
2508
2509
2510
2511
2512
2513
2514
2515
2516
2517
2518
2519
2520
2521
2522
2523
2524
2525
2526
2527
2528
2529
2530
2531
2532
2533
2534
2535
2536
2537
2538
2539
2540
2541
2542
2543
2544
2545
2546
2547
2548
2549
2550
2551
2552
2553
2554
2555
7687
7702
7703
7717
7718
7719
7732
7733
7734
7735
7747
7748
7749
7750
7751
7762
7763
7764
7765
7766
7767
7777
7778
7779
7780
7781
7782
7783
7792
7793
7794
7795
7796
7797
7798
7799
7808
7809
7810
7811
7812
7813
7814
7815
7826
7827
7828
7829
7830
7831
7843
7844
7845
7846
7847
7860
7861
7862
7863
7877
7878
7879
7894
7895
7911
7943
7958
7959
7973
7974
7975
7988
7989
7990
7991
8003
8004
8005
8006
8007
8018
8019
8020
8021
8022
8023
8033
8034
8035
8036
8037
8038
8039
8048
8049
8050
8051
8052
8053
8054
8055
8064
8065
8066
8067
8068
8069
8070
8071
8081
8082
8083
8084
8085
8086
8087
8098
8099
8100
8101
8102
8103
8115
8116
8117
8118
8119
8133
8134
8135
8150
8151
8167
8199
8214
8215
8229
8230
8231
8244
8245
8246
8247
8259
8260
8261
8262
8263
8274
8275
8276
8277
8278
8279
8289
8290
8291
8292
8293
8294
8295
8304
8305
8306
8307
8308
8309
8310
8311
8320
8321
8322
8323
8324
8325
8326
8327
8337
8338
8339
8340
8341
8342
8343
8354
8355
8356
8357
8358
8359
8371
8372
8373
8374
8375
8388
8389
8390
8391
8405
8406
8407
8423
8455
8470
8471
8485
8486
8487
8500
8501
8502
8503
8515
8516
8517
8518
8519
8530
8531
8532
8533
8534
8535
8545
8546
8547
8548
8549
8550
8551
8560
8561
8562
8563
8564
8565
8566
8567
8576
8577
8578
8579
8580
8581
8582
8583
8593
8594
8595
8596
8597
8598
8599
8610
8611
8612
8613
8614
8615
8627
8628
8629
8630
8631
8644
8645
8646
8647
8661
8662
8663
8678
8679
8695
8711
8726
8727
8741
8742
8743
8756
8757
8758
8759
8771
8772
8773
8774
8775
8786
8787
8788
8789
8790
8791
8801
8802
8803
8804
8805
8806
8807
8816
8817
8818
8819
8820
8821
8822
8823
8832
8833
8834
8835
8836
8837
8838
8839
8849
8850
8851
8852
8853
8854
8855
8866
8867
8868
8869
8870
8871
8883
8884
8885
8886
8887
8900
8901
8902
8903
8917
8918
8919
8934
8935
8951
8967
8982
8983
8997
8998
8999
9012
9013
9014
9015
9027
9028
9029
9030
9031
9042
9043
9044
9045
9046
9047
9057
9058
9059
9060
9061
9062
9063
9072
9073
9074
9075
9076
9077
9078
9079
9088
9089
9090
9091
9092
9093
9094
9095
9105
9106
9107
9108
9109
9110
9111
9122
9123
9124
9125
9126
9127
9139
9140
9141
9142
9143
9156
9157
9158
9159
9173
9174
9175
9190
9191
9207
9223
9238
9239
9253
9254
9255
9268
9269
9270
9271
9283
9284
9285
9286
9287
9298
9299
9300
9301
9302
9303
9313
9314
9315
9316
9317
9318
9319
9328
9329
9330
9331
9332
9333
9334
9335
9344
9345
9346
9347
9348
9349
9350
9351
9361
9362
9363
9364
9365
9366
9367
9378
9379
9380
9381
9382
9383
9395
9396
9397
9398
9399
9412
9413
9414
9415
9429
9430
9431
9446
9447
9463
9479
9494
9495
9509
9510
9511
9524
9525
9526
9527
9539
9540
9541
9542
9543
9554
9555
9556
9557
9558
9559
9569
9570
9571
9572
9573
9574
9575
9584
9585
9586
9587
9588
9589
9590
9591
9600
9601
9602
9603
9604
9605
9606
9607
9617
9618
9619
9620
9621
9622
9623
9634
9635
9636
9637
9638
9639
9651
9652
9653
9654
9655
9668
9669
9670
9671
9685
9686
9687
9702
9703
9719
9735
9750
9751
9765
9766
9767
9780
9781
9782
9783
9795
9796
9797
9798
9799
9810
9811
9812
9813
9814
9815
9825
9826
9827
9828
9829
9830
9831
9840
9841
9842
9843
9844
9845
9846
9847
9856
9857
9858
9859
9860
9861
9862
9863
9873
9874
9875
9876
9877
9878
9879
9890
9891
9892
9893
9894
9895
9907
9908
9909
9910
9911
9924
9925
9926
9927
9941
9942
9943
9958
9959
9975
9991
10006
10007
10021
10022
10023
10036
10037
10038
10039
10051
10052
10053
10054
10055
10066
10067
10068
10069
10070
10071
10081
10082
10083
10084
10085
10086
10087
10096
10097
10098
10099
10100
10101
10102
10103
10112
10113
10114
10115
10116
10117
10118
10119
10129
10130
10131
10132
10133
10134
10135
10146
10147
10148
10149
10150
10151
10163
10164
10165
10166
10167
10180
10181
10182
10183
10197
10198
10199
10214
10215
10231
)


// ************************************************************************* //
