/*--------------------------------*- C++ -*----------------------------------*\
| =========                 |                                                 |
| \\      /  F ield         | OpenFOAM: The Open Source CFD Toolbox           |
|  \\    /   O peration     | Version:  4.x                                   |
|   \\  /    A nd           | Web:      www.OpenFOAM.org                      |
|    \\/     M anipulation  |                                                 |
\*---------------------------------------------------------------------------*/
FoamFile
{
    version     2.0;
    format      ascii;
    class       labelList;
    location    "constant/polyMesh";
    object      faceProcAddressing;
}
// * * * * * * * * * * * * * * * * * * * * * * * * * * * * * * * * * * * * * //


4457
(
5759
5760
5761
5762
5763
5764
5765
5766
5767
5768
5769
5770
5771
5772
5773
5774
5775
5776
5777
5778
5779
5780
5781
5782
5783
5784
5785
5786
5787
5788
5789
5790
5791
5792
5793
5794
5795
5796
5797
5798
5799
5800
5801
5802
5803
5804
5805
5806
5807
5808
5809
5810
5811
5812
5813
5814
5815
5816
5817
5818
5819
5820
5823
5824
5825
5826
5827
5828
5829
5830
5831
5832
5833
5834
5835
5836
5837
5838
5839
5840
5841
5842
5843
5844
5845
5846
5847
5848
5849
5850
5851
5852
5853
5854
5855
5856
5857
5858
5859
5860
5861
5862
5863
5864
5865
5866
5867
5868
5869
5871
5872
5873
5874
5875
5876
5877
5878
5879
5880
5881
5882
5883
5884
5885
5886
5887
5888
5889
5890
5891
5892
5893
5894
5895
5896
5897
5898
5899
5900
5901
5902
5903
5904
5905
5906
5907
5908
5909
5910
5911
5912
5913
5914
5915
5916
5917
5919
5920
5921
5922
5923
5924
5925
5926
5927
5928
5929
5930
5931
5932
5933
5934
5935
5936
5937
5938
5939
5940
5941
5942
5943
5944
5945
5946
5947
5948
5949
5951
5952
5953
5954
5955
5956
5957
5958
5959
5960
5961
5962
5963
5964
5965
5966
5967
5968
5969
5970
5971
5972
5973
5974
5975
5976
5977
5978
5979
5980
5981
5982
5983
5984
5985
5986
5987
5988
5989
5990
5991
5992
5993
5994
5995
5996
5997
5998
5999
6000
6001
6002
6003
6004
6005
6006
6007
6008
6009
6010
6011
6012
6015
6016
6017
6018
6019
6020
6021
6022
6023
6024
6025
6026
6027
6028
6029
6030
6031
6032
6033
6034
6035
6036
6037
6038
6039
6040
6041
6042
6043
6044
6045
6046
6047
6048
6049
6050
6051
6052
6053
6054
6055
6056
6057
6058
6059
6060
6061
6063
6064
6065
6066
6067
6068
6069
6070
6071
6072
6073
6074
6075
6076
6077
6078
6079
6080
6081
6082
6083
6084
6085
6086
6087
6088
6089
6090
6091
6092
6093
6094
6095
6096
6097
6098
6099
6100
6101
6102
6103
6104
6105
6106
6107
6108
6109
6111
6112
6113
6114
6115
6116
6117
6118
6119
6120
6121
6122
6123
6124
6125
6126
6127
6128
6129
6130
6131
6132
6133
6134
6135
6136
6137
6138
6139
6140
6141
6143
6144
6145
6146
6147
6148
6149
6150
6151
6152
6153
6154
6155
6156
6157
6158
6159
6160
6161
6162
6163
6164
6165
6166
6167
6168
6169
6170
6171
6172
6173
6174
6175
6176
6177
6178
6179
6180
6181
6182
6183
6184
6185
6186
6187
6188
6189
6190
6191
6192
6193
6194
6195
6196
6197
6198
6199
6200
6201
6202
6203
6204
6207
6208
6209
6210
6211
6212
6213
6214
6215
6216
6217
6218
6219
6220
6221
6222
6223
6224
6225
6226
6227
6228
6229
6230
6231
6232
6233
6234
6235
6236
6237
6238
6239
6240
6241
6242
6243
6244
6245
6246
6247
6248
6249
6250
6251
6252
6253
6255
6256
6257
6258
6259
6260
6261
6262
6263
6264
6265
6266
6267
6268
6269
6270
6271
6272
6273
6274
6275
6276
6277
6278
6279
6280
6281
6282
6283
6284
6285
6286
6287
6288
6289
6290
6291
6292
6293
6294
6295
6296
6297
6298
6299
6300
6301
6303
6304
6305
6306
6307
6308
6309
6310
6311
6312
6313
6314
6315
6316
6317
6318
6319
6320
6321
6322
6323
6324
6325
6326
6327
6328
6329
6330
6331
6332
6333
6335
6336
6337
6338
6339
6340
6341
6342
6343
6344
6345
6346
6347
6348
6349
6350
6351
6352
6353
6354
6355
6356
6357
6358
6359
6360
6361
6362
6363
6364
6365
6366
6367
6368
6369
6370
6371
6372
6373
6374
6375
6376
6377
6378
6379
6380
6381
6382
6383
6384
6385
6386
6387
6388
6389
6390
6391
6392
6393
6394
6395
6396
6398
6399
6400
6401
6402
6403
6404
6405
6406
6407
6408
6409
6410
6411
6412
6413
6414
6415
6416
6417
6418
6419
6420
6421
6422
6423
6424
6425
6426
6427
6428
6429
6430
6431
6432
6433
6434
6435
6436
6437
6438
6439
6440
6441
6442
6443
6444
6445
6447
6448
6449
6450
6451
6452
6453
6454
6455
6456
6457
6458
6459
6460
6461
6462
6463
6464
6465
6466
6467
6468
6469
6470
6471
6472
6473
6474
6475
6476
6477
6478
6479
6480
6481
6482
6483
6484
6485
6486
6487
6488
6489
6490
6491
6492
6493
6495
6496
6497
6498
6499
6500
6501
6502
6503
6504
6505
6506
6507
6508
6509
6510
6511
6512
6513
6514
6515
6516
6517
6518
6519
6520
6521
6522
6523
6524
6525
6527
6528
6529
6530
6531
6532
6533
6534
6535
6536
6537
6538
6539
6540
6541
6542
6543
6544
6545
6546
6547
6548
6549
6550
6551
6552
6553
6554
6555
6556
6557
6558
6559
6560
6561
6562
6563
6564
6565
6566
6567
6568
6569
6570
6571
6572
6573
6574
6575
6576
6577
6578
6579
6580
6581
6582
6583
6584
6585
6586
6587
6588
6590
6591
6592
6593
6594
6595
6596
6597
6598
6599
6600
6601
6602
6603
6604
6605
6606
6607
6608
6609
6610
6611
6612
6613
6614
6615
6616
6617
6618
6619
6620
6621
6622
6623
6624
6625
6626
6627
6628
6629
6630
6631
6632
6633
6634
6635
6636
6637
6639
6640
6641
6642
6643
6644
6645
6646
6647
6648
6649
6650
6651
6652
6653
6654
6655
6656
6657
6658
6659
6660
6661
6662
6663
6664
6665
6666
6667
6668
6669
6670
6671
6672
6673
6674
6675
6676
6677
6678
6679
6680
6681
6682
6683
6684
6685
6687
6688
6689
6690
6691
6692
6693
6694
6695
6696
6697
6698
6699
6700
6701
6702
6703
6704
6705
6706
6707
6708
6709
6710
6711
6712
6713
6714
6715
6716
6717
6719
6720
6721
6722
6723
6724
6725
6726
6727
6728
6729
6730
6731
6732
6733
6734
6735
6736
6737
6738
6739
6740
6741
6742
6743
6744
6745
6746
6747
6748
6749
6750
6751
6752
6753
6754
6755
6756
6757
6758
6759
6760
6761
6762
6763
6764
6765
6766
6767
6768
6769
6770
6771
6772
6773
6774
6775
6776
6777
6778
6779
6780
6782
6783
6784
6785
6786
6787
6788
6789
6790
6791
6792
6793
6794
6795
6796
6797
6798
6799
6800
6801
6802
6803
6804
6805
6806
6807
6808
6809
6810
6811
6812
6813
6814
6815
6816
6817
6818
6819
6820
6821
6822
6823
6824
6825
6826
6827
6828
6829
6831
6832
6833
6834
6835
6836
6837
6838
6839
6840
6841
6842
6843
6844
6845
6846
6847
6848
6849
6850
6851
6852
6853
6854
6855
6856
6857
6858
6859
6860
6861
6862
6863
6864
6865
6866
6867
6868
6869
6870
6871
6872
6873
6874
6875
6876
6877
6879
6880
6881
6882
6883
6884
6885
6886
6887
6888
6889
6890
6891
6892
6893
6894
6895
6896
6897
6898
6899
6900
6901
6902
6903
6904
6905
6906
6907
6908
6909
6911
6912
6913
6914
6915
6916
6917
6918
6919
6920
6921
6922
6923
6924
6925
6926
6927
6928
6929
6930
6931
6932
6933
6934
6935
6936
6937
6938
6939
6940
6941
6942
6943
6944
6945
6946
6947
6948
6949
6950
6951
6952
6953
6954
6955
6956
6957
6958
6959
6960
6961
6962
6963
6964
6965
6966
6967
6968
6969
6970
6971
6972
6974
6975
6976
6977
6978
6979
6980
6981
6982
6983
6984
6985
6986
6987
6988
6989
6990
6991
6992
6993
6994
6995
6996
6997
6998
6999
7000
7001
7002
7003
7004
7005
7006
7007
7008
7009
7010
7011
7012
7013
7014
7015
7016
7017
7018
7019
7020
7021
7023
7024
7025
7026
7027
7028
7029
7030
7031
7032
7033
7034
7035
7036
7037
7038
7039
7040
7041
7042
7043
7044
7045
7046
7047
7048
7049
7050
7051
7052
7053
7054
7055
7056
7057
7058
7059
7060
7061
7062
7063
7064
7065
7066
7067
7068
7069
7071
7072
7073
7074
7075
7076
7077
7078
7079
7080
7081
7082
7083
7084
7085
7086
7087
7088
7089
7090
7091
7092
7093
7094
7095
7096
7097
7098
7099
7100
7101
7103
7104
7105
7106
7107
7108
7109
7110
7111
7112
7113
7114
7115
7116
7117
7118
7119
7120
7121
7122
7123
7124
7125
7126
7127
7128
7129
7130
7131
7132
7133
7134
7135
7136
7137
7138
7139
7140
7141
7142
7143
7144
7145
7146
7147
7148
7149
7150
7151
7152
7153
7154
7155
7156
7157
7158
7159
7160
7161
7162
7163
7164
7166
7167
7168
7169
7170
7171
7172
7173
7174
7175
7176
7177
7178
7179
7180
7181
7182
7183
7184
7185
7186
7187
7188
7189
7190
7191
7192
7193
7194
7195
7196
7197
7198
7199
7200
7201
7202
7203
7204
7205
7206
7207
7208
7209
7210
7211
7212
7213
7215
7216
7217
7218
7219
7220
7221
7222
7223
7224
7225
7226
7227
7228
7229
7230
7231
7232
7233
7234
7235
7236
7237
7238
7239
7240
7241
7242
7243
7244
7245
7246
7247
7248
7249
7250
7251
7252
7253
7254
7255
7256
7257
7258
7259
7260
7261
7263
7264
7265
7266
7267
7268
7269
7270
7271
7272
7273
7274
7275
7276
7277
7278
7279
7280
7281
7282
7283
7284
7285
7286
7287
7288
7289
7290
7291
7292
7293
7295
7296
7297
7298
7299
7300
7301
7302
7303
7304
7305
7306
7307
7308
7309
7310
7311
7312
7313
7314
7315
7316
7317
7318
7319
7320
7321
7322
7323
7324
7325
7326
7327
7328
7329
7330
7331
7332
7333
7334
7335
7336
7337
7338
7339
7340
7341
7342
7343
7344
7345
7346
7347
7348
7349
7350
7351
7352
7353
7354
7355
7356
7358
7359
7360
7361
7362
7363
7364
7365
7366
7367
7368
7369
7370
7371
7372
7373
7374
7375
7376
7377
7378
7379
7380
7381
7382
7383
7384
7385
7386
7387
7388
7389
7390
7391
7392
7393
7394
7395
7396
7397
7398
7399
7400
7401
7402
7403
7404
7405
7407
7408
7409
7410
7411
7412
7413
7414
7415
7416
7417
7418
7419
7420
7421
7422
7423
7424
7425
7426
7427
7428
7429
7430
7431
7432
7433
7434
7435
7436
7437
7438
7439
7440
7441
7442
7443
7444
7445
7446
7447
7448
7449
7450
7451
7452
7453
7455
7456
7457
7458
7459
7460
7461
7462
7463
7464
7465
7466
7467
7468
7469
7470
7471
7472
7473
7474
7475
7476
7477
7478
7479
7480
7481
7482
7483
7484
7485
7487
7488
7489
7490
7491
7492
7493
7494
7495
7496
7497
7498
7499
7500
7501
7502
7503
7504
7505
7506
7507
7508
7509
7510
7511
7512
7513
7514
7515
7516
7517
7518
7519
7520
7521
7522
7523
7524
7525
7526
7527
7528
7529
7530
7531
7532
7534
7535
7536
7537
7538
7539
7540
7541
7542
7543
7544
7545
7546
7547
7548
7549
7550
7551
7552
7553
7554
7555
7556
7557
7558
7559
7560
7561
7562
7563
7564
7565
7567
7568
7569
7570
7571
7572
7573
7574
7575
7576
7577
7578
7579
7580
7581
7582
7583
7584
7585
7586
7587
7588
7589
7590
7591
7592
7593
7594
7595
7596
7597
7599
7600
7601
7602
7603
7604
7605
7606
7607
7608
7609
7610
7611
7612
7613
22478
22479
22522
22523
22524
22525
22526
22566
22567
22568
22569
22570
22571
22572
22573
22610
22611
22612
22613
22614
22615
22616
22617
22618
22619
22620
22654
22655
22656
22657
22658
22659
22660
22661
22662
22663
22664
22665
22666
22667
22698
22699
22700
22701
22702
22703
22704
22705
22706
22707
22708
22709
22710
22711
22712
22713
22714
22742
22743
22744
22745
22746
22747
22748
22749
22750
22751
22752
22753
22754
22755
22756
22757
22758
22759
22760
22761
22786
22787
22788
22789
22790
22791
22792
22793
22794
22795
22796
22797
22798
22799
22800
22801
22802
22803
22804
22805
22806
22807
22808
22833
22835
22836
22838
22839
22840
22841
22842
22843
22844
22845
22846
22847
22848
22849
22850
22851
22852
22853
22854
22855
22886
22888
22889
22890
22891
22892
22893
22894
22895
22896
22897
22898
22899
22900
22901
22902
22936
22938
22939
22940
22941
22942
22943
22944
22945
22946
22947
22948
22949
22986
22988
22989
22990
22991
22992
22993
22994
22995
22996
23036
23038
23039
23040
23041
23042
23043
23086
23088
23089
23090
23137
23214
23215
23258
23259
23260
23261
23262
23302
23303
23304
23305
23306
23307
23308
23309
23346
23347
23348
23349
23350
23351
23352
23353
23354
23355
23356
23390
23391
23392
23393
23394
23395
23396
23397
23398
23399
23400
23401
23402
23403
23434
23435
23436
23437
23438
23439
23440
23441
23442
23443
23444
23445
23446
23447
23448
23449
23450
23478
23479
23480
23481
23482
23483
23484
23485
23486
23487
23488
23489
23490
23491
23492
23493
23494
23495
23496
23497
23522
23523
23524
23525
23526
23527
23528
23529
23530
23531
23532
23533
23534
23535
23536
23537
23538
23539
23540
23541
23542
23543
23544
23569
23571
23572
23573
23574
23575
23576
23577
23578
23579
23580
23581
23582
23583
23584
23585
23586
23587
23588
23589
23590
23591
23619
23621
23622
23623
23624
23625
23626
23627
23628
23629
23630
23631
23632
23633
23634
23635
23636
23637
23638
23669
23671
23672
23673
23674
23675
23676
23677
23678
23679
23680
23681
23682
23683
23684
23685
23719
23721
23722
23724
23725
23726
23727
23728
23729
23730
23731
23732
23772
23774
23775
23776
23777
23778
23779
23822
23824
23825
23826
23873
23950
23951
23994
23995
23996
23997
23998
24038
24039
24040
24041
24042
24043
24044
24045
24082
24083
24084
24085
24086
24087
24088
24089
24090
24091
24092
24126
24127
24128
24129
24130
24131
24132
24133
24134
24135
24136
24137
24138
24139
24170
24171
24172
24173
24174
24175
24176
24177
24178
24179
24180
24181
24182
24183
24184
24185
24186
24214
24215
24216
24217
24218
24219
24220
24221
24222
24223
24224
24225
24226
24227
24228
24229
24230
24231
24232
24233
24258
24259
24260
24261
24262
24263
24264
24265
24266
24267
24268
24269
24270
24271
24272
24273
24274
24275
24276
24277
24278
24279
24280
24305
24307
24308
24309
24310
24311
24312
24313
24314
24315
24316
24317
24318
24319
24320
24321
24322
24323
24324
24325
24326
24327
24355
24357
24358
24359
24360
24361
24362
24363
24364
24365
24366
24367
24368
24369
24370
24371
24372
24373
24374
24405
24407
24408
24409
24410
24411
24412
24413
24414
24415
24416
24417
24418
24419
24420
24421
24455
24457
24458
24459
24460
24461
24462
24463
24464
24465
24466
24467
24468
24505
24507
24508
24509
24510
24511
24512
24513
24514
24515
24555
24557
24558
24560
24561
24562
24609
24686
24687
24730
24731
24732
24733
24734
24774
24775
24776
24777
24778
24779
24780
24781
24818
24819
24820
24821
24822
24823
24824
24825
24826
24827
24828
24862
24863
24864
24865
24866
24867
24868
24869
24870
24871
24872
24873
24874
24875
24906
24907
24908
24909
24910
24911
24912
24913
24914
24915
24916
24917
24918
24919
24920
24921
24922
24950
24951
24952
24953
24954
24955
24956
24957
24958
24959
24960
24961
24962
24963
24964
24965
24966
24967
24968
24969
24994
24995
24996
24997
24998
24999
25000
25001
25002
25003
25004
25005
25006
25007
25008
25009
25010
25011
25012
25013
25014
25015
25016
25041
25043
25044
25045
25046
25047
25048
25049
25050
25051
25052
25053
25054
25055
25056
25057
25058
25059
25060
25061
25062
25063
25091
25093
25094
25095
25096
25097
25098
25099
25100
25101
25102
25103
25104
25105
25106
25107
25108
25109
25110
25141
25143
25144
25145
25146
25147
25148
25149
25150
25151
25152
25153
25154
25155
25156
25157
25191
25193
25194
25195
25196
25197
25198
25199
25200
25201
25202
25203
25204
25241
25243
25244
25245
25246
25247
25248
25249
25250
25251
25291
25293
25294
25295
25296
25297
25298
25341
25343
25344
25345
25376
25422
25423
25466
25467
25468
25469
25470
25510
25511
25512
25513
25514
25515
25516
25517
25554
25555
25556
25557
25558
25559
25560
25561
25562
25563
25564
25598
25599
25600
25601
25602
25603
25604
25605
25606
25607
25608
25609
25610
25611
25642
25643
25644
25645
25646
25647
25648
25649
25650
25651
25652
25653
25654
25655
25656
25657
25658
25686
25687
25688
25689
25690
25691
25692
25693
25694
25695
25696
25697
25698
25699
25700
25701
25702
25703
25704
25705
25730
25731
25732
25733
25734
25735
25736
25737
25738
25739
25740
25741
25742
25743
25744
25745
25746
25747
25748
25749
25750
25751
25752
25777
25779
25780
25781
25782
25783
25784
25785
25786
25787
25788
25789
25790
25791
25792
25793
25794
25795
25796
25797
25798
25799
25827
25829
25830
25831
25832
25833
25834
25835
25836
25837
25838
25839
25840
25841
25842
25843
25844
25845
25846
25877
25879
25880
25881
25882
25883
25884
25885
25886
25887
25888
25889
25890
25891
25892
25893
25927
25929
25930
25931
25932
25933
25934
25935
25936
25937
25938
25939
25940
25977
25979
25980
25981
25982
25983
25984
25985
25986
25987
26027
26029
26030
26031
26032
26033
26034
26077
26079
26080
26081
26112
26158
26159
26202
26203
26204
26205
26206
26246
26247
26248
26249
26250
26251
26252
26253
26290
26291
26292
26293
26294
26295
26296
26297
26298
26299
26300
26334
26335
26336
26337
26338
26339
26340
26341
26342
26343
26344
26345
26346
26347
26378
26379
26380
26381
26382
26383
26384
26385
26386
26387
26388
26389
26390
26391
26392
26393
26394
26422
26423
26424
26425
26426
26427
26428
26429
26430
26431
26432
26433
26434
26435
26436
26437
26438
26439
26440
26441
26466
26467
26468
26469
26470
26471
26472
26473
26474
26475
26476
26477
26478
26479
26480
26481
26482
26483
26484
26485
26486
26487
26488
26513
26515
26516
26517
26518
26519
26520
26521
26522
26523
26524
26525
26526
26527
26528
26529
26530
26531
26532
26533
26534
26535
26563
26565
26566
26567
26568
26569
26570
26571
26572
26573
26574
26575
26576
26577
26578
26579
26580
26581
26582
26613
26615
26616
26617
26618
26619
26620
26621
26622
26623
26624
26625
26626
26627
26628
26629
26663
26665
26666
26667
26668
26669
26670
26671
26672
26673
26674
26675
26676
26713
26715
26716
26717
26718
26719
26720
26721
26722
26723
26763
26765
26766
26767
26768
26769
26770
26813
26815
26816
26817
26848
26894
26895
26938
26939
26940
26941
26942
26982
26983
26984
26985
26986
26987
26988
26989
27026
27027
27028
27029
27030
27031
27032
27033
27034
27035
27036
27070
27071
27072
27073
27074
27075
27076
27077
27078
27079
27080
27081
27082
27083
27114
27115
27116
27117
27118
27119
27120
27121
27122
27123
27124
27125
27126
27127
27128
27129
27130
27158
27159
27160
27161
27162
27163
27164
27165
27166
27167
27168
27169
27170
27171
27172
27173
27174
27175
27176
27177
27202
27203
27204
27205
27206
27207
27208
27209
27210
27211
27212
27213
27214
27215
27216
27217
27218
27219
27220
27221
27222
27223
27224
27249
27251
27252
27253
27254
27255
27256
27257
27258
27259
27260
27261
27262
27263
27264
27265
27266
27267
27268
27269
27270
27271
27299
27301
27302
27303
27304
27305
27306
27307
27308
27309
27310
27311
27312
27313
27314
27315
27316
27317
27318
27349
27351
27352
27353
27354
27355
27356
27357
27358
27359
27360
27361
27362
27363
27364
27365
27399
27401
27402
27403
27404
27405
27406
27407
27408
27409
27410
27411
27412
27449
27451
27452
27453
27454
27455
27456
27457
27458
27459
27499
27501
27502
27503
27504
27505
27506
27549
27551
27552
27553
27584
27630
27631
27674
27675
27676
27677
27678
27718
27719
27720
27721
27722
27723
27724
27725
27762
27763
27764
27765
27766
27767
27768
27769
27770
27771
27772
27806
27807
27808
27809
27810
27811
27812
27813
27814
27815
27816
27817
27818
27819
27850
27851
27852
27853
27854
27855
27856
27857
27858
27859
27860
27861
27862
27863
27864
27865
27866
27894
27895
27896
27897
27898
27899
27900
27901
27902
27903
27904
27905
27906
27907
27908
27909
27910
27911
27912
27913
27938
27939
27940
27941
27942
27943
27944
27945
27946
27947
27948
27949
27950
27951
27952
27953
27954
27955
27956
27957
27958
27959
27960
27985
27987
27988
27989
27990
27991
27992
27993
27994
27995
27996
27997
27998
27999
28000
28001
28002
28003
28004
28005
28006
28007
28035
28037
28038
28039
28040
28041
28042
28043
28044
28045
28046
28047
28048
28049
28050
28051
28052
28053
28054
28085
28087
28088
28089
28090
28091
28092
28093
28094
28095
28096
28097
28098
28099
28100
28101
28135
28137
28138
28139
28140
28141
28142
28143
28144
28145
28146
28147
28148
28185
28187
28188
28189
28190
28191
28192
28193
28194
28195
28235
28237
28238
28239
28240
28241
28242
28285
28287
28288
28289
28320
28366
28367
28410
28411
28412
28413
28414
28454
28455
28456
28457
28458
28459
28460
28461
28498
28499
28500
28501
28502
28503
28504
28505
28506
28507
28508
28542
28543
28544
28545
28546
28547
28548
28549
28550
28551
28552
28553
28554
28555
28586
28587
28588
28589
28590
28591
28592
28593
28594
28595
28596
28597
28598
28599
28600
28601
28602
28630
28631
28632
28633
28634
28635
28636
28637
28638
28639
28640
28641
28642
28643
28644
28645
28646
28647
28648
28649
28674
28675
28676
28677
28678
28679
28680
28681
28682
28683
28684
28685
28686
28687
28688
28689
28690
28691
28692
28693
28694
28695
28696
28721
28723
28724
28725
28726
28727
28728
28729
28730
28731
28732
28733
28734
28735
28736
28737
28738
28739
28740
28741
28742
28743
28771
28773
28774
28775
28776
28777
28778
28779
28780
28781
28782
28783
28784
28785
28786
28787
28788
28789
28790
28821
28823
28824
28825
28826
28827
28828
28829
28830
28831
28832
28833
28834
28835
28836
28837
28871
28873
28874
28875
28876
28877
28878
28879
28880
28881
28882
28883
28884
28921
28923
28924
28925
28926
28927
28928
28929
28930
28931
28971
28973
28974
28975
28976
28977
28978
29021
29023
29024
29025
29056
29087
29116
29117
29118
29145
29146
29147
29148
29149
29174
29175
29176
29177
29178
29179
29180
29203
29204
29205
29206
29207
29208
29209
29210
29211
29232
29233
29234
29235
29236
29237
29238
29239
29240
29241
29242
29261
29262
29263
29264
29265
29266
29267
29268
29269
29270
29271
29272
29273
29290
29291
29292
29293
29294
29295
29296
29297
29298
29299
29300
29301
29302
29303
29304
29321
29323
29324
29325
29326
29327
29328
29329
29330
29331
29332
29333
29334
29335
29354
29356
29357
29358
29359
29360
29361
29362
29363
29364
29365
29366
29387
29389
29390
29391
29392
29393
29394
29395
29396
29397
29420
29422
29423
29424
29425
29426
29427
29428
29453
29455
29456
29457
29458
29459
29486
29488
29489
29490
29519
29521
30983
30984
30985
30986
30987
30988
30989
30990
30991
30992
30993
30994
30995
30996
30997
30998
30999
31000
31001
31002
31003
31004
31005
31006
31007
31008
31009
31010
31011
31012
31013
31014
31015
31016
31017
31018
31019
31020
31021
31022
31023
31024
31025
31026
31027
31028
31029
31030
31031
31032
31033
31034
31035
31036
31037
31038
31039
31040
31041
31042
31043
31044
31045
31046
31047
31048
31049
31050
31051
31052
31053
31054
31055
31056
31057
31058
31059
31060
31061
31062
31063
31064
31065
31066
31067
31068
31069
31070
31071
31072
31073
31074
31075
31076
31077
31078
31079
31080
31081
31082
31083
31084
31085
31086
31087
31088
31089
31090
31091
31092
31093
31094
31095
31096
31097
31098
31099
31100
31101
31102
31103
31104
31105
31106
31107
31108
31109
31110
31111
31112
31113
31114
31115
31116
31117
31118
31119
31120
31121
31122
31123
31124
31125
31126
31127
31128
31129
31130
31131
31132
31133
31134
31135
31136
31137
31138
31139
31140
31141
31142
31143
31144
31145
31146
31147
31148
31149
31150
31151
31152
31153
31154
31155
31156
31157
31158
31159
31160
31161
31162
31163
31164
31165
31166
31167
31168
31169
31170
31171
31172
31173
31174
31175
31176
31177
31178
31179
31180
31181
31182
31183
31184
31185
31186
31187
31188
31189
31190
31191
31192
31193
31194
31195
31196
31197
31198
31199
31200
31201
31202
31203
31204
31205
31206
31591
31592
31593
31594
31595
31596
31597
31598
31599
31600
31601
31602
31603
31604
31605
31606
31608
31609
31610
31611
31612
31613
31614
31615
31616
31617
31618
31619
31620
31621
31625
31626
31627
31628
31629
31630
31631
31632
31633
31634
31635
31636
31642
31643
31644
31645
31646
31647
31648
31649
31650
31651
31659
31660
31661
31662
31663
31664
31665
31666
31676
31677
31678
31679
31680
31681
31693
31694
31695
31696
31710
31711
5821
5822
5870
5918
5950
6013
6014
6062
6110
6142
6205
6206
6254
6302
6334
6397
6446
6494
6526
6589
6638
6686
6718
6781
6830
6878
6910
6973
7022
7070
7102
7165
7214
7262
7294
7357
7406
7454
7486
7533
7566
7598
7614
-10114
-10306
-10498
-10690
-10882
-11074
-11265
22834
22837
-22883
-22885
22887
-22933
-22935
22937
-22983
-22985
22987
-23033
23037
-23083
23087
-23133
23136
-23566
23570
-23616
23620
-23666
23670
-23716
23720
23723
-23769
-23771
23773
-23819
-23821
23823
-23869
23872
-24302
24306
-24352
24356
-24402
24406
-24452
24456
-24502
24506
-24552
24556
24559
-24605
-24607
24608
-24640
-25038
25042
-25088
25092
-25138
25142
-25188
25192
-25238
25242
-25288
25292
-25338
25342
-25374
-25774
25778
-25824
25828
-25874
25878
-25924
25928
-25974
25978
-26024
26028
-26074
26078
-26110
-26510
26514
-26560
26564
-26610
26614
-26660
26664
-26710
26714
-26760
26764
-26810
26814
-26846
-27246
27250
-27296
27300
-27346
27350
-27396
27400
-27446
27450
-27496
27500
-27546
27550
-27582
-27982
27986
-28032
28036
-28082
28086
-28132
28136
-28182
28186
-28232
28236
-28282
28286
-28318
-28718
28722
-28768
28772
-28818
28822
-28868
28872
-28918
28922
-28968
28972
-29018
29022
-29054
-29319
29322
-29352
29355
-29385
29388
-29418
29421
-29451
29454
-29484
29487
-29517
29520
-29536
-22830
-2024
-2025
-2074
-2123
-2156
-2220
-2221
-2270
-2319
-2352
-2416
-2417
-2466
-2515
-2548
-2612
-2613
-2662
-2710
-2742
-2806
-2807
-2855
-2900
-2930
-2994
-2995
-3043
-3088
-3118
-3182
-3183
-3232
-3281
-3314
-3378
-3379
-3428
-3477
-3510
-3574
-3575
-3624
-3673
-3706
-3754
-3755
-3788
-3821
-3838
-22475
-22476
-22519
-22520
-22563
-22564
-22607
-22608
-22651
-22652
-22695
-22696
-22739
-22740
-22783
-23211
-23212
-23255
-23256
-23299
-23300
-23343
-23344
-23387
-23388
-23431
-23432
-23475
-23476
-23519
-23947
-23948
-23991
-23992
-24035
-24036
-24079
-24080
-24123
-24124
-24167
-24168
-24211
-24212
-24255
-24683
-24684
-24727
-24728
-24771
-24772
-24815
-24816
-24859
-24860
-24903
-24904
-24947
-24948
-24991
-25419
-25420
-25463
-25464
-25507
-25508
-25551
-25552
-25595
-25596
-25639
-25640
-25683
-25684
-25727
-26155
-26156
-26199
-26200
-26243
-26244
-26287
-26288
-26331
-26332
-26375
-26376
-26419
-26420
-26463
-26891
-26892
-26935
-26936
-26979
-26980
-27023
-27024
-27067
-27068
-27111
-27112
-27155
-27156
-27199
-27627
-27628
-27671
-27672
-27715
-27716
-27759
-27760
-27803
-27804
-27847
-27848
-27891
-27892
-27935
-28363
-28364
-28407
-28408
-28451
-28452
-28495
-28496
-28539
-28540
-28583
-28584
-28627
-28628
-28671
-29085
-29086
-29114
-29115
-29143
-29144
-29172
-29173
-29201
-29202
-29230
-29231
-29259
-29260
-29288
-22099
-5569
-5573
-5577
-5581
-5585
-5589
-5593
-5597
-5601
-5605
-5609
-5613
-5617
-5621
-5625
-5628
-5633
-5636
-5639
-5642
-5645
-5648
-5651
-5654
-5657
-5660
-5663
-5666
-5669
-5672
-5675
-5677
-5681
-5684
-5687
-5690
-5693
-5696
-5699
-5702
-5705
-5708
-5711
-5714
-5717
-5720
-5723
-5725
-5728
-5730
-5732
-5734
-5736
-5738
-5740
-5742
-5744
-5746
-5748
-5750
-5752
-5754
-5756
-5757
-21743
-21788
-21790
-21832
-21835
-21837
-21876
-21879
-21882
-21884
-21920
-21923
-21926
-21929
-21931
-21964
-21967
-21970
-21973
-21976
-21978
-22008
-22011
-22014
-22017
-22020
-22023
-22025
-22055
-22058
-22061
-22064
-22067
-22070
-22072
-22102
-22105
-22108
-22111
-22114
-22117
-22119
-22152
-22155
-22158
-22161
-22164
-22166
-22202
-22205
-22208
-22211
-22213
-22252
-22255
-22258
-22260
-22302
-22305
-22307
-22352
-22354
-22401
-22052
)


// ************************************************************************* //
