/*--------------------------------*- C++ -*----------------------------------*\
| =========                 |                                                 |
| \\      /  F ield         | OpenFOAM: The Open Source CFD Toolbox           |
|  \\    /   O peration     | Version:  4.x                                   |
|   \\  /    A nd           | Web:      www.OpenFOAM.org                      |
|    \\/     M anipulation  |                                                 |
\*---------------------------------------------------------------------------*/
FoamFile
{
    version     2.0;
    format      ascii;
    class       faceList;
    location    "constant/polyMesh";
    object      faces;
}
// * * * * * * * * * * * * * * * * * * * * * * * * * * * * * * * * * * * * * //


4457
(
4(122 496 541 137)
4(36 39 541 496)
4(11 137 541 39)
4(12 122 137 11)
4(121 497 542 136)
4(496 541 542 497)
4(137 136 542 541)
4(122 121 136 137)
4(120 498 543 135)
4(497 542 543 498)
4(136 135 543 542)
4(121 120 135 136)
4(119 499 544 134)
4(498 543 544 499)
4(135 134 544 543)
4(120 119 134 135)
4(118 500 545 133)
4(499 544 545 500)
4(134 133 545 544)
4(119 118 133 134)
4(117 501 546 132)
4(500 545 546 501)
4(133 132 546 545)
4(118 117 132 133)
4(116 502 547 131)
4(501 546 547 502)
4(132 131 547 546)
4(117 116 131 132)
4(115 503 548 130)
4(502 547 548 503)
4(131 130 548 547)
4(116 115 130 131)
4(114 504 549 129)
4(503 548 549 504)
4(130 129 549 548)
4(115 114 129 130)
4(113 505 550 128)
4(504 549 550 505)
4(129 128 550 549)
4(114 113 128 129)
4(112 506 551 127)
4(505 550 551 506)
4(128 127 551 550)
4(113 112 127 128)
4(111 507 552 126)
4(506 551 552 507)
4(127 126 552 551)
4(112 111 126 127)
4(110 508 553 125)
4(507 552 553 508)
4(126 125 553 552)
4(111 110 125 126)
4(109 509 554 124)
4(508 553 554 509)
4(125 124 554 553)
4(110 109 124 125)
4(108 510 555 123)
4(509 554 555 510)
4(124 123 555 554)
4(109 108 123 124)
4(510 555 469 466)
4(123 106 469 555)
4(496 511 556 541)
4(37 40 556 511)
4(39 541 556 40)
4(497 512 557 542)
4(511 556 557 512)
4(541 542 557 556)
4(498 513 558 543)
4(512 557 558 513)
4(542 543 558 557)
4(499 514 559 544)
4(513 558 559 514)
4(543 544 559 558)
4(500 515 560 545)
4(514 559 560 515)
4(544 545 560 559)
4(501 516 561 546)
4(515 560 561 516)
4(545 546 561 560)
4(502 517 562 547)
4(516 561 562 517)
4(546 547 562 561)
4(503 518 563 548)
4(517 562 563 518)
4(547 548 563 562)
4(504 519 564 549)
4(518 563 564 519)
4(548 549 564 563)
4(505 520 565 550)
4(519 564 565 520)
4(549 550 565 564)
4(506 521 566 551)
4(520 565 566 521)
4(550 551 566 565)
4(507 522 567 552)
4(521 566 567 522)
4(551 552 567 566)
4(508 523 568 553)
4(522 567 568 523)
4(552 553 568 567)
4(509 524 569 554)
4(523 568 569 524)
4(553 554 569 568)
4(510 525 570 555)
4(524 569 570 525)
4(554 555 570 569)
4(525 570 470 467)
4(555 469 470 570)
4(511 526 571 556)
4(38 41 571 526)
4(40 556 571 41)
4(512 527 572 557)
4(526 571 572 527)
4(556 557 572 571)
4(513 528 573 558)
4(527 572 573 528)
4(557 558 573 572)
4(514 529 574 559)
4(528 573 574 529)
4(558 559 574 573)
4(515 530 575 560)
4(529 574 575 530)
4(559 560 575 574)
4(516 531 576 561)
4(530 575 576 531)
4(560 561 576 575)
4(517 532 577 562)
4(531 576 577 532)
4(561 562 577 576)
4(518 533 578 563)
4(532 577 578 533)
4(562 563 578 577)
4(519 534 579 564)
4(533 578 579 534)
4(563 564 579 578)
4(520 535 580 565)
4(534 579 580 535)
4(564 565 580 579)
4(521 536 581 566)
4(535 580 581 536)
4(565 566 581 580)
4(522 537 582 567)
4(536 581 582 537)
4(566 567 582 581)
4(523 538 583 568)
4(537 582 583 538)
4(567 568 583 582)
4(524 539 584 569)
4(538 583 584 539)
4(568 569 584 583)
4(525 540 585 570)
4(539 584 585 540)
4(569 570 585 584)
4(540 585 471 468)
4(570 470 471 585)
4(526 268 283 571)
4(41 571 283 31)
4(527 269 284 572)
4(571 572 284 283)
4(528 270 285 573)
4(572 573 285 284)
4(529 271 286 574)
4(573 574 286 285)
4(530 272 287 575)
4(574 575 287 286)
4(531 273 288 576)
4(575 576 288 287)
4(532 274 289 577)
4(576 577 289 288)
4(533 275 290 578)
4(577 578 290 289)
4(534 276 291 579)
4(578 579 291 290)
4(535 277 292 580)
4(579 580 292 291)
4(536 278 293 581)
4(580 581 293 292)
4(537 279 294 582)
4(581 582 294 293)
4(538 280 295 583)
4(582 583 295 294)
4(539 281 296 584)
4(583 584 296 295)
4(540 282 297 585)
4(584 585 297 296)
4(585 471 266 297)
4(137 541 586 152)
4(39 42 586 541)
4(10 152 586 42)
4(11 137 152 10)
4(136 542 587 151)
4(541 586 587 542)
4(152 151 587 586)
4(137 136 151 152)
4(135 543 588 150)
4(542 587 588 543)
4(151 150 588 587)
4(136 135 150 151)
4(134 544 589 149)
4(543 588 589 544)
4(150 149 589 588)
4(135 134 149 150)
4(133 545 590 148)
4(544 589 590 545)
4(149 148 590 589)
4(134 133 148 149)
4(132 546 591 147)
4(545 590 591 546)
4(148 147 591 590)
4(133 132 147 148)
4(131 547 592 146)
4(546 591 592 547)
4(147 146 592 591)
4(132 131 146 147)
4(130 548 593 145)
4(547 592 593 548)
4(146 145 593 592)
4(131 130 145 146)
4(129 549 594 144)
4(548 593 594 549)
4(145 144 594 593)
4(130 129 144 145)
4(128 550 595 143)
4(549 594 595 550)
4(144 143 595 594)
4(129 128 143 144)
4(127 551 596 142)
4(550 595 596 551)
4(143 142 596 595)
4(128 127 142 143)
4(126 552 597 141)
4(551 596 597 552)
4(142 141 597 596)
4(127 126 141 142)
4(125 553 598 140)
4(552 597 598 553)
4(141 140 598 597)
4(126 125 140 141)
4(124 554 599 139)
4(553 598 599 554)
4(140 139 599 598)
4(125 124 139 140)
4(123 555 600 138)
4(554 599 600 555)
4(139 138 600 599)
4(124 123 138 139)
4(555 600 472 469)
4(138 105 472 600)
4(541 556 601 586)
4(40 43 601 556)
4(42 586 601 43)
4(542 557 602 587)
4(556 601 602 557)
4(586 587 602 601)
4(543 558 603 588)
4(557 602 603 558)
4(587 588 603 602)
4(544 559 604 589)
4(558 603 604 559)
4(588 589 604 603)
4(545 560 605 590)
4(559 604 605 560)
4(589 590 605 604)
4(546 561 606 591)
4(560 605 606 561)
4(590 591 606 605)
4(547 562 607 592)
4(561 606 607 562)
4(591 592 607 606)
4(548 563 608 593)
4(562 607 608 563)
4(592 593 608 607)
4(549 564 609 594)
4(563 608 609 564)
4(593 594 609 608)
4(550 565 610 595)
4(564 609 610 565)
4(594 595 610 609)
4(551 566 611 596)
4(565 610 611 566)
4(595 596 611 610)
4(552 567 612 597)
4(566 611 612 567)
4(596 597 612 611)
4(553 568 613 598)
4(567 612 613 568)
4(597 598 613 612)
4(554 569 614 599)
4(568 613 614 569)
4(598 599 614 613)
4(555 570 615 600)
4(569 614 615 570)
4(599 600 615 614)
4(570 615 473 470)
4(600 472 473 615)
4(556 571 616 601)
4(41 44 616 571)
4(43 601 616 44)
4(557 572 617 602)
4(571 616 617 572)
4(601 602 617 616)
4(558 573 618 603)
4(572 617 618 573)
4(602 603 618 617)
4(559 574 619 604)
4(573 618 619 574)
4(603 604 619 618)
4(560 575 620 605)
4(574 619 620 575)
4(604 605 620 619)
4(561 576 621 606)
4(575 620 621 576)
4(605 606 621 620)
4(562 577 622 607)
4(576 621 622 577)
4(606 607 622 621)
4(563 578 623 608)
4(577 622 623 578)
4(607 608 623 622)
4(564 579 624 609)
4(578 623 624 579)
4(608 609 624 623)
4(565 580 625 610)
4(579 624 625 580)
4(609 610 625 624)
4(566 581 626 611)
4(580 625 626 581)
4(610 611 626 625)
4(567 582 627 612)
4(581 626 627 582)
4(611 612 627 626)
4(568 583 628 613)
4(582 627 628 583)
4(612 613 628 627)
4(569 584 629 614)
4(583 628 629 584)
4(613 614 629 628)
4(570 585 630 615)
4(584 629 630 585)
4(614 615 630 629)
4(585 630 474 471)
4(615 473 474 630)
4(571 283 298 616)
4(44 616 298 30)
4(572 284 299 617)
4(616 617 299 298)
4(573 285 300 618)
4(617 618 300 299)
4(574 286 301 619)
4(618 619 301 300)
4(575 287 302 620)
4(619 620 302 301)
4(576 288 303 621)
4(620 621 303 302)
4(577 289 304 622)
4(621 622 304 303)
4(578 290 305 623)
4(622 623 305 304)
4(579 291 306 624)
4(623 624 306 305)
4(580 292 307 625)
4(624 625 307 306)
4(581 293 308 626)
4(625 626 308 307)
4(582 294 309 627)
4(626 627 309 308)
4(583 295 310 628)
4(627 628 310 309)
4(584 296 311 629)
4(628 629 311 310)
4(585 297 312 630)
4(629 630 312 311)
4(630 474 265 312)
4(152 586 631 167)
4(42 45 631 586)
4(9 167 631 45)
4(10 152 167 9)
4(151 587 632 166)
4(586 631 632 587)
4(167 166 632 631)
4(152 151 166 167)
4(150 588 633 165)
4(587 632 633 588)
4(166 165 633 632)
4(151 150 165 166)
4(149 589 634 164)
4(588 633 634 589)
4(165 164 634 633)
4(150 149 164 165)
4(148 590 635 163)
4(589 634 635 590)
4(164 163 635 634)
4(149 148 163 164)
4(147 591 636 162)
4(590 635 636 591)
4(163 162 636 635)
4(148 147 162 163)
4(146 592 637 161)
4(591 636 637 592)
4(162 161 637 636)
4(147 146 161 162)
4(145 593 638 160)
4(592 637 638 593)
4(161 160 638 637)
4(146 145 160 161)
4(144 594 639 159)
4(593 638 639 594)
4(160 159 639 638)
4(145 144 159 160)
4(143 595 640 158)
4(594 639 640 595)
4(159 158 640 639)
4(144 143 158 159)
4(142 596 641 157)
4(595 640 641 596)
4(158 157 641 640)
4(143 142 157 158)
4(141 597 642 156)
4(596 641 642 597)
4(157 156 642 641)
4(142 141 156 157)
4(140 598 643 155)
4(597 642 643 598)
4(156 155 643 642)
4(141 140 155 156)
4(139 599 644 154)
4(598 643 644 599)
4(155 154 644 643)
4(140 139 154 155)
4(138 600 645 153)
4(599 644 645 600)
4(154 153 645 644)
4(139 138 153 154)
4(600 645 475 472)
4(153 104 475 645)
4(586 601 646 631)
4(43 46 646 601)
4(45 631 646 46)
4(587 602 647 632)
4(601 646 647 602)
4(631 632 647 646)
4(588 603 648 633)
4(602 647 648 603)
4(632 633 648 647)
4(589 604 649 634)
4(603 648 649 604)
4(633 634 649 648)
4(590 605 650 635)
4(604 649 650 605)
4(634 635 650 649)
4(591 606 651 636)
4(605 650 651 606)
4(635 636 651 650)
4(592 607 652 637)
4(606 651 652 607)
4(636 637 652 651)
4(593 608 653 638)
4(607 652 653 608)
4(637 638 653 652)
4(594 609 654 639)
4(608 653 654 609)
4(638 639 654 653)
4(595 610 655 640)
4(609 654 655 610)
4(639 640 655 654)
4(596 611 656 641)
4(610 655 656 611)
4(640 641 656 655)
4(597 612 657 642)
4(611 656 657 612)
4(641 642 657 656)
4(598 613 658 643)
4(612 657 658 613)
4(642 643 658 657)
4(599 614 659 644)
4(613 658 659 614)
4(643 644 659 658)
4(600 615 660 645)
4(614 659 660 615)
4(644 645 660 659)
4(615 660 476 473)
4(645 475 476 660)
4(601 616 661 646)
4(44 47 661 616)
4(46 646 661 47)
4(602 617 662 647)
4(616 661 662 617)
4(646 647 662 661)
4(603 618 663 648)
4(617 662 663 618)
4(647 648 663 662)
4(604 619 664 649)
4(618 663 664 619)
4(648 649 664 663)
4(605 620 665 650)
4(619 664 665 620)
4(649 650 665 664)
4(606 621 666 651)
4(620 665 666 621)
4(650 651 666 665)
4(607 622 667 652)
4(621 666 667 622)
4(651 652 667 666)
4(608 623 668 653)
4(622 667 668 623)
4(652 653 668 667)
4(609 624 669 654)
4(623 668 669 624)
4(653 654 669 668)
4(610 625 670 655)
4(624 669 670 625)
4(654 655 670 669)
4(611 626 671 656)
4(625 670 671 626)
4(655 656 671 670)
4(612 627 672 657)
4(626 671 672 627)
4(656 657 672 671)
4(613 628 673 658)
4(627 672 673 628)
4(657 658 673 672)
4(614 629 674 659)
4(628 673 674 629)
4(658 659 674 673)
4(615 630 675 660)
4(629 674 675 630)
4(659 660 675 674)
4(630 675 477 474)
4(660 476 477 675)
4(616 298 313 661)
4(47 661 313 29)
4(617 299 314 662)
4(661 662 314 313)
4(618 300 315 663)
4(662 663 315 314)
4(619 301 316 664)
4(663 664 316 315)
4(620 302 317 665)
4(664 665 317 316)
4(621 303 318 666)
4(665 666 318 317)
4(622 304 319 667)
4(666 667 319 318)
4(623 305 320 668)
4(667 668 320 319)
4(624 306 321 669)
4(668 669 321 320)
4(625 307 322 670)
4(669 670 322 321)
4(626 308 323 671)
4(670 671 323 322)
4(627 309 324 672)
4(671 672 324 323)
4(628 310 325 673)
4(672 673 325 324)
4(629 311 326 674)
4(673 674 326 325)
4(630 312 327 675)
4(674 675 327 326)
4(675 477 264 327)
4(167 631 676 182)
4(45 48 676 631)
4(8 182 676 48)
4(9 167 182 8)
4(166 632 677 181)
4(631 676 677 632)
4(182 181 677 676)
4(167 166 181 182)
4(165 633 678 180)
4(632 677 678 633)
4(181 180 678 677)
4(166 165 180 181)
4(164 634 679 179)
4(633 678 679 634)
4(180 179 679 678)
4(165 164 179 180)
4(163 635 680 178)
4(634 679 680 635)
4(179 178 680 679)
4(164 163 178 179)
4(162 636 681 177)
4(635 680 681 636)
4(178 177 681 680)
4(163 162 177 178)
4(161 637 682 176)
4(636 681 682 637)
4(177 176 682 681)
4(162 161 176 177)
4(160 638 683 175)
4(637 682 683 638)
4(176 175 683 682)
4(161 160 175 176)
4(159 639 684 174)
4(638 683 684 639)
4(175 174 684 683)
4(160 159 174 175)
4(158 640 685 173)
4(639 684 685 640)
4(174 173 685 684)
4(159 158 173 174)
4(157 641 686 172)
4(640 685 686 641)
4(173 172 686 685)
4(158 157 172 173)
4(156 642 687 171)
4(641 686 687 642)
4(172 171 687 686)
4(157 156 171 172)
4(155 643 688 170)
4(642 687 688 643)
4(171 170 688 687)
4(156 155 170 171)
4(154 644 689 169)
4(643 688 689 644)
4(170 169 689 688)
4(155 154 169 170)
4(153 645 690 168)
4(644 689 690 645)
4(169 168 690 689)
4(154 153 168 169)
4(645 690 478 475)
4(168 103 478 690)
4(153 104 103 168)
4(631 646 691 676)
4(46 49 691 646)
4(48 676 691 49)
4(632 647 692 677)
4(646 691 692 647)
4(676 677 692 691)
4(633 648 693 678)
4(647 692 693 648)
4(677 678 693 692)
4(634 649 694 679)
4(648 693 694 649)
4(678 679 694 693)
4(635 650 695 680)
4(649 694 695 650)
4(679 680 695 694)
4(636 651 696 681)
4(650 695 696 651)
4(680 681 696 695)
4(637 652 697 682)
4(651 696 697 652)
4(681 682 697 696)
4(638 653 698 683)
4(652 697 698 653)
4(682 683 698 697)
4(639 654 699 684)
4(653 698 699 654)
4(683 684 699 698)
4(640 655 700 685)
4(654 699 700 655)
4(684 685 700 699)
4(641 656 701 686)
4(655 700 701 656)
4(685 686 701 700)
4(642 657 702 687)
4(656 701 702 657)
4(686 687 702 701)
4(643 658 703 688)
4(657 702 703 658)
4(687 688 703 702)
4(644 659 704 689)
4(658 703 704 659)
4(688 689 704 703)
4(645 660 705 690)
4(659 704 705 660)
4(689 690 705 704)
4(660 705 479 476)
4(690 478 479 705)
4(646 661 706 691)
4(47 50 706 661)
4(49 691 706 50)
4(647 662 707 692)
4(661 706 707 662)
4(691 692 707 706)
4(648 663 708 693)
4(662 707 708 663)
4(692 693 708 707)
4(649 664 709 694)
4(663 708 709 664)
4(693 694 709 708)
4(650 665 710 695)
4(664 709 710 665)
4(694 695 710 709)
4(651 666 711 696)
4(665 710 711 666)
4(695 696 711 710)
4(652 667 712 697)
4(666 711 712 667)
4(696 697 712 711)
4(653 668 713 698)
4(667 712 713 668)
4(697 698 713 712)
4(654 669 714 699)
4(668 713 714 669)
4(698 699 714 713)
4(655 670 715 700)
4(669 714 715 670)
4(699 700 715 714)
4(656 671 716 701)
4(670 715 716 671)
4(700 701 716 715)
4(657 672 717 702)
4(671 716 717 672)
4(701 702 717 716)
4(658 673 718 703)
4(672 717 718 673)
4(702 703 718 717)
4(659 674 719 704)
4(673 718 719 674)
4(703 704 719 718)
4(660 675 720 705)
4(674 719 720 675)
4(704 705 720 719)
4(675 720 480 477)
4(705 479 480 720)
4(661 313 328 706)
4(50 706 328 28)
4(662 314 329 707)
4(706 707 329 328)
4(663 315 330 708)
4(707 708 330 329)
4(664 316 331 709)
4(708 709 331 330)
4(665 317 332 710)
4(709 710 332 331)
4(666 318 333 711)
4(710 711 333 332)
4(667 319 334 712)
4(711 712 334 333)
4(668 320 335 713)
4(712 713 335 334)
4(669 321 336 714)
4(713 714 336 335)
4(670 322 337 715)
4(714 715 337 336)
4(671 323 338 716)
4(715 716 338 337)
4(672 324 339 717)
4(716 717 339 338)
4(673 325 340 718)
4(717 718 340 339)
4(674 326 341 719)
4(718 719 341 340)
4(675 327 342 720)
4(719 720 342 341)
4(720 480 263 342)
4(182 676 721 197)
4(48 51 721 676)
4(7 197 721 51)
4(8 182 197 7)
4(181 677 722 196)
4(676 721 722 677)
4(197 196 722 721)
4(182 181 196 197)
4(180 678 723 195)
4(677 722 723 678)
4(196 195 723 722)
4(181 180 195 196)
4(179 679 724 194)
4(678 723 724 679)
4(195 194 724 723)
4(180 179 194 195)
4(178 680 725 193)
4(679 724 725 680)
4(194 193 725 724)
4(179 178 193 194)
4(177 681 726 192)
4(680 725 726 681)
4(193 192 726 725)
4(178 177 192 193)
4(176 682 727 191)
4(681 726 727 682)
4(192 191 727 726)
4(177 176 191 192)
4(175 683 728 190)
4(682 727 728 683)
4(191 190 728 727)
4(176 175 190 191)
4(174 684 729 189)
4(683 728 729 684)
4(190 189 729 728)
4(175 174 189 190)
4(173 685 730 188)
4(684 729 730 685)
4(189 188 730 729)
4(174 173 188 189)
4(172 686 731 187)
4(685 730 731 686)
4(188 187 731 730)
4(173 172 187 188)
4(171 687 732 186)
4(686 731 732 687)
4(187 186 732 731)
4(172 171 186 187)
4(170 688 733 185)
4(687 732 733 688)
4(186 185 733 732)
4(171 170 185 186)
4(169 689 734 184)
4(688 733 734 689)
4(185 184 734 733)
4(170 169 184 185)
4(168 690 735 183)
4(689 734 735 690)
4(184 183 735 734)
4(169 168 183 184)
4(690 735 481 478)
4(183 102 481 735)
4(168 103 102 183)
4(676 691 736 721)
4(49 52 736 691)
4(51 721 736 52)
4(677 692 737 722)
4(691 736 737 692)
4(721 722 737 736)
4(678 693 738 723)
4(692 737 738 693)
4(722 723 738 737)
4(679 694 739 724)
4(693 738 739 694)
4(723 724 739 738)
4(680 695 740 725)
4(694 739 740 695)
4(724 725 740 739)
4(681 696 741 726)
4(695 740 741 696)
4(725 726 741 740)
4(682 697 742 727)
4(696 741 742 697)
4(726 727 742 741)
4(683 698 743 728)
4(697 742 743 698)
4(727 728 743 742)
4(684 699 744 729)
4(698 743 744 699)
4(728 729 744 743)
4(685 700 745 730)
4(699 744 745 700)
4(729 730 745 744)
4(686 701 746 731)
4(700 745 746 701)
4(730 731 746 745)
4(687 702 747 732)
4(701 746 747 702)
4(731 732 747 746)
4(688 703 748 733)
4(702 747 748 703)
4(732 733 748 747)
4(689 704 749 734)
4(703 748 749 704)
4(733 734 749 748)
4(690 705 750 735)
4(704 749 750 705)
4(734 735 750 749)
4(705 750 482 479)
4(735 481 482 750)
4(691 706 751 736)
4(50 53 751 706)
4(52 736 751 53)
4(692 707 752 737)
4(706 751 752 707)
4(736 737 752 751)
4(693 708 753 738)
4(707 752 753 708)
4(737 738 753 752)
4(694 709 754 739)
4(708 753 754 709)
4(738 739 754 753)
4(695 710 755 740)
4(709 754 755 710)
4(739 740 755 754)
4(696 711 756 741)
4(710 755 756 711)
4(740 741 756 755)
4(697 712 757 742)
4(711 756 757 712)
4(741 742 757 756)
4(698 713 758 743)
4(712 757 758 713)
4(742 743 758 757)
4(699 714 759 744)
4(713 758 759 714)
4(743 744 759 758)
4(700 715 760 745)
4(714 759 760 715)
4(744 745 760 759)
4(701 716 761 746)
4(715 760 761 716)
4(745 746 761 760)
4(702 717 762 747)
4(716 761 762 717)
4(746 747 762 761)
4(703 718 763 748)
4(717 762 763 718)
4(747 748 763 762)
4(704 719 764 749)
4(718 763 764 719)
4(748 749 764 763)
4(705 720 765 750)
4(719 764 765 720)
4(749 750 765 764)
4(720 765 483 480)
4(750 482 483 765)
4(706 328 343 751)
4(53 751 343 27)
4(707 329 344 752)
4(751 752 344 343)
4(708 330 345 753)
4(752 753 345 344)
4(709 331 346 754)
4(753 754 346 345)
4(710 332 347 755)
4(754 755 347 346)
4(711 333 348 756)
4(755 756 348 347)
4(712 334 349 757)
4(756 757 349 348)
4(713 335 350 758)
4(757 758 350 349)
4(714 336 351 759)
4(758 759 351 350)
4(715 337 352 760)
4(759 760 352 351)
4(716 338 353 761)
4(760 761 353 352)
4(717 339 354 762)
4(761 762 354 353)
4(718 340 355 763)
4(762 763 355 354)
4(719 341 356 764)
4(763 764 356 355)
4(720 342 357 765)
4(764 765 357 356)
4(765 483 262 357)
4(197 721 766 212)
4(51 54 766 721)
4(6 212 766 54)
4(7 197 212 6)
4(196 722 767 211)
4(721 766 767 722)
4(212 211 767 766)
4(197 196 211 212)
4(195 723 768 210)
4(722 767 768 723)
4(211 210 768 767)
4(196 195 210 211)
4(194 724 769 209)
4(723 768 769 724)
4(210 209 769 768)
4(195 194 209 210)
4(193 725 770 208)
4(724 769 770 725)
4(209 208 770 769)
4(194 193 208 209)
4(192 726 771 207)
4(725 770 771 726)
4(208 207 771 770)
4(193 192 207 208)
4(191 727 772 206)
4(726 771 772 727)
4(207 206 772 771)
4(192 191 206 207)
4(190 728 773 205)
4(727 772 773 728)
4(206 205 773 772)
4(191 190 205 206)
4(189 729 774 204)
4(728 773 774 729)
4(205 204 774 773)
4(190 189 204 205)
4(188 730 775 203)
4(729 774 775 730)
4(204 203 775 774)
4(189 188 203 204)
4(187 731 776 202)
4(730 775 776 731)
4(203 202 776 775)
4(188 187 202 203)
4(186 732 777 201)
4(731 776 777 732)
4(202 201 777 776)
4(187 186 201 202)
4(185 733 778 200)
4(732 777 778 733)
4(201 200 778 777)
4(186 185 200 201)
4(184 734 779 199)
4(733 778 779 734)
4(200 199 779 778)
4(185 184 199 200)
4(183 735 780 198)
4(734 779 780 735)
4(199 198 780 779)
4(184 183 198 199)
4(735 780 484 481)
4(198 101 484 780)
4(183 102 101 198)
4(721 736 781 766)
4(52 55 781 736)
4(54 766 781 55)
4(722 737 782 767)
4(736 781 782 737)
4(766 767 782 781)
4(723 738 783 768)
4(737 782 783 738)
4(767 768 783 782)
4(724 739 784 769)
4(738 783 784 739)
4(768 769 784 783)
4(725 740 785 770)
4(739 784 785 740)
4(769 770 785 784)
4(726 741 786 771)
4(740 785 786 741)
4(770 771 786 785)
4(727 742 787 772)
4(741 786 787 742)
4(771 772 787 786)
4(728 743 788 773)
4(742 787 788 743)
4(772 773 788 787)
4(729 744 789 774)
4(743 788 789 744)
4(773 774 789 788)
4(730 745 790 775)
4(744 789 790 745)
4(774 775 790 789)
4(731 746 791 776)
4(745 790 791 746)
4(775 776 791 790)
4(732 747 792 777)
4(746 791 792 747)
4(776 777 792 791)
4(733 748 793 778)
4(747 792 793 748)
4(777 778 793 792)
4(734 749 794 779)
4(748 793 794 749)
4(778 779 794 793)
4(735 750 795 780)
4(749 794 795 750)
4(779 780 795 794)
4(750 795 485 482)
4(780 484 485 795)
4(736 751 796 781)
4(53 56 796 751)
4(55 781 796 56)
4(737 752 797 782)
4(751 796 797 752)
4(781 782 797 796)
4(738 753 798 783)
4(752 797 798 753)
4(782 783 798 797)
4(739 754 799 784)
4(753 798 799 754)
4(783 784 799 798)
4(740 755 800 785)
4(754 799 800 755)
4(784 785 800 799)
4(741 756 801 786)
4(755 800 801 756)
4(785 786 801 800)
4(742 757 802 787)
4(756 801 802 757)
4(786 787 802 801)
4(743 758 803 788)
4(757 802 803 758)
4(787 788 803 802)
4(744 759 804 789)
4(758 803 804 759)
4(788 789 804 803)
4(745 760 805 790)
4(759 804 805 760)
4(789 790 805 804)
4(746 761 806 791)
4(760 805 806 761)
4(790 791 806 805)
4(747 762 807 792)
4(761 806 807 762)
4(791 792 807 806)
4(748 763 808 793)
4(762 807 808 763)
4(792 793 808 807)
4(749 764 809 794)
4(763 808 809 764)
4(793 794 809 808)
4(750 765 810 795)
4(764 809 810 765)
4(794 795 810 809)
4(765 810 486 483)
4(795 485 486 810)
4(751 343 358 796)
4(56 796 358 26)
4(752 344 359 797)
4(796 797 359 358)
4(753 345 360 798)
4(797 798 360 359)
4(754 346 361 799)
4(798 799 361 360)
4(755 347 362 800)
4(799 800 362 361)
4(756 348 363 801)
4(800 801 363 362)
4(757 349 364 802)
4(801 802 364 363)
4(758 350 365 803)
4(802 803 365 364)
4(759 351 366 804)
4(803 804 366 365)
4(760 352 367 805)
4(804 805 367 366)
4(761 353 368 806)
4(805 806 368 367)
4(762 354 369 807)
4(806 807 369 368)
4(763 355 370 808)
4(807 808 370 369)
4(764 356 371 809)
4(808 809 371 370)
4(765 357 372 810)
4(809 810 372 371)
4(810 486 261 372)
4(212 766 811 227)
4(54 57 811 766)
4(5 227 811 57)
4(6 212 227 5)
4(211 767 812 226)
4(766 811 812 767)
4(227 226 812 811)
4(212 211 226 227)
4(210 768 813 225)
4(767 812 813 768)
4(226 225 813 812)
4(211 210 225 226)
4(209 769 814 224)
4(768 813 814 769)
4(225 224 814 813)
4(210 209 224 225)
4(208 770 815 223)
4(769 814 815 770)
4(224 223 815 814)
4(209 208 223 224)
4(207 771 816 222)
4(770 815 816 771)
4(223 222 816 815)
4(208 207 222 223)
4(206 772 817 221)
4(771 816 817 772)
4(222 221 817 816)
4(207 206 221 222)
4(205 773 818 220)
4(772 817 818 773)
4(221 220 818 817)
4(206 205 220 221)
4(204 774 819 219)
4(773 818 819 774)
4(220 219 819 818)
4(205 204 219 220)
4(203 775 820 218)
4(774 819 820 775)
4(219 218 820 819)
4(204 203 218 219)
4(202 776 821 217)
4(775 820 821 776)
4(218 217 821 820)
4(203 202 217 218)
4(201 777 822 216)
4(776 821 822 777)
4(217 216 822 821)
4(202 201 216 217)
4(200 778 823 215)
4(777 822 823 778)
4(216 215 823 822)
4(201 200 215 216)
4(199 779 824 214)
4(778 823 824 779)
4(215 214 824 823)
4(200 199 214 215)
4(198 780 825 213)
4(779 824 825 780)
4(214 213 825 824)
4(199 198 213 214)
4(780 825 487 484)
4(213 100 487 825)
4(198 101 100 213)
4(766 781 826 811)
4(55 58 826 781)
4(57 811 826 58)
4(767 782 827 812)
4(781 826 827 782)
4(811 812 827 826)
4(768 783 828 813)
4(782 827 828 783)
4(812 813 828 827)
4(769 784 829 814)
4(783 828 829 784)
4(813 814 829 828)
4(770 785 830 815)
4(784 829 830 785)
4(814 815 830 829)
4(771 786 831 816)
4(785 830 831 786)
4(815 816 831 830)
4(772 787 832 817)
4(786 831 832 787)
4(816 817 832 831)
4(773 788 833 818)
4(787 832 833 788)
4(817 818 833 832)
4(774 789 834 819)
4(788 833 834 789)
4(818 819 834 833)
4(775 790 835 820)
4(789 834 835 790)
4(819 820 835 834)
4(776 791 836 821)
4(790 835 836 791)
4(820 821 836 835)
4(777 792 837 822)
4(791 836 837 792)
4(821 822 837 836)
4(778 793 838 823)
4(792 837 838 793)
4(822 823 838 837)
4(779 794 839 824)
4(793 838 839 794)
4(823 824 839 838)
4(780 795 840 825)
4(794 839 840 795)
4(824 825 840 839)
4(795 840 488 485)
4(825 487 488 840)
4(781 796 841 826)
4(56 59 841 796)
4(58 826 841 59)
4(782 797 842 827)
4(796 841 842 797)
4(826 827 842 841)
4(783 798 843 828)
4(797 842 843 798)
4(827 828 843 842)
4(784 799 844 829)
4(798 843 844 799)
4(828 829 844 843)
4(785 800 845 830)
4(799 844 845 800)
4(829 830 845 844)
4(786 801 846 831)
4(800 845 846 801)
4(830 831 846 845)
4(787 802 847 832)
4(801 846 847 802)
4(831 832 847 846)
4(788 803 848 833)
4(802 847 848 803)
4(832 833 848 847)
4(789 804 849 834)
4(803 848 849 804)
4(833 834 849 848)
4(790 805 850 835)
4(804 849 850 805)
4(834 835 850 849)
4(791 806 851 836)
4(805 850 851 806)
4(835 836 851 850)
4(792 807 852 837)
4(806 851 852 807)
4(836 837 852 851)
4(793 808 853 838)
4(807 852 853 808)
4(837 838 853 852)
4(794 809 854 839)
4(808 853 854 809)
4(838 839 854 853)
4(795 810 855 840)
4(809 854 855 810)
4(839 840 855 854)
4(810 855 489 486)
4(840 488 489 855)
4(796 358 373 841)
4(59 841 373 25)
4(797 359 374 842)
4(841 842 374 373)
4(798 360 375 843)
4(842 843 375 374)
4(799 361 376 844)
4(843 844 376 375)
4(800 362 377 845)
4(844 845 377 376)
4(801 363 378 846)
4(845 846 378 377)
4(802 364 379 847)
4(846 847 379 378)
4(803 365 380 848)
4(847 848 380 379)
4(804 366 381 849)
4(848 849 381 380)
4(805 367 382 850)
4(849 850 382 381)
4(806 368 383 851)
4(850 851 383 382)
4(807 369 384 852)
4(851 852 384 383)
4(808 370 385 853)
4(852 853 385 384)
4(809 371 386 854)
4(853 854 386 385)
4(810 372 387 855)
4(854 855 387 386)
4(855 489 260 387)
4(227 811 856 242)
4(57 60 856 811)
4(4 242 856 60)
4(5 227 242 4)
4(226 812 857 241)
4(811 856 857 812)
4(242 241 857 856)
4(227 226 241 242)
4(225 813 858 240)
4(812 857 858 813)
4(241 240 858 857)
4(226 225 240 241)
4(224 814 859 239)
4(813 858 859 814)
4(240 239 859 858)
4(225 224 239 240)
4(223 815 860 238)
4(814 859 860 815)
4(239 238 860 859)
4(224 223 238 239)
4(222 816 861 237)
4(815 860 861 816)
4(238 237 861 860)
4(223 222 237 238)
4(221 817 862 236)
4(816 861 862 817)
4(237 236 862 861)
4(222 221 236 237)
4(220 818 863 235)
4(817 862 863 818)
4(236 235 863 862)
4(221 220 235 236)
4(219 819 864 234)
4(818 863 864 819)
4(235 234 864 863)
4(220 219 234 235)
4(218 820 865 233)
4(819 864 865 820)
4(234 233 865 864)
4(219 218 233 234)
4(217 821 866 232)
4(820 865 866 821)
4(233 232 866 865)
4(218 217 232 233)
4(216 822 867 231)
4(821 866 867 822)
4(232 231 867 866)
4(217 216 231 232)
4(215 823 868 230)
4(822 867 868 823)
4(231 230 868 867)
4(216 215 230 231)
4(214 824 869 229)
4(823 868 869 824)
4(230 229 869 868)
4(215 214 229 230)
4(213 825 870 228)
4(824 869 870 825)
4(229 228 870 869)
4(214 213 228 229)
4(825 870 490 487)
4(228 99 490 870)
4(213 100 99 228)
4(811 826 871 856)
4(58 61 871 826)
4(60 856 871 61)
4(812 827 872 857)
4(826 871 872 827)
4(856 857 872 871)
4(813 828 873 858)
4(827 872 873 828)
4(857 858 873 872)
4(814 829 874 859)
4(828 873 874 829)
4(858 859 874 873)
4(815 830 875 860)
4(829 874 875 830)
4(859 860 875 874)
4(816 831 876 861)
4(830 875 876 831)
4(860 861 876 875)
4(817 832 877 862)
4(831 876 877 832)
4(861 862 877 876)
4(818 833 878 863)
4(832 877 878 833)
4(862 863 878 877)
4(819 834 879 864)
4(833 878 879 834)
4(863 864 879 878)
4(820 835 880 865)
4(834 879 880 835)
4(864 865 880 879)
4(821 836 881 866)
4(835 880 881 836)
4(865 866 881 880)
4(822 837 882 867)
4(836 881 882 837)
4(866 867 882 881)
4(823 838 883 868)
4(837 882 883 838)
4(867 868 883 882)
4(824 839 884 869)
4(838 883 884 839)
4(868 869 884 883)
4(825 840 885 870)
4(839 884 885 840)
4(869 870 885 884)
4(840 885 491 488)
4(870 490 491 885)
4(826 841 886 871)
4(59 62 886 841)
4(61 871 886 62)
4(827 842 887 872)
4(841 886 887 842)
4(871 872 887 886)
4(828 843 888 873)
4(842 887 888 843)
4(872 873 888 887)
4(829 844 889 874)
4(843 888 889 844)
4(873 874 889 888)
4(830 845 890 875)
4(844 889 890 845)
4(874 875 890 889)
4(831 846 891 876)
4(845 890 891 846)
4(875 876 891 890)
4(832 847 892 877)
4(846 891 892 847)
4(876 877 892 891)
4(833 848 893 878)
4(847 892 893 848)
4(877 878 893 892)
4(834 849 894 879)
4(848 893 894 849)
4(878 879 894 893)
4(835 850 895 880)
4(849 894 895 850)
4(879 880 895 894)
4(836 851 896 881)
4(850 895 896 851)
4(880 881 896 895)
4(837 852 897 882)
4(851 896 897 852)
4(881 882 897 896)
4(838 853 898 883)
4(852 897 898 853)
4(882 883 898 897)
4(839 854 899 884)
4(853 898 899 854)
4(883 884 899 898)
4(840 855 900 885)
4(854 899 900 855)
4(884 885 900 899)
4(855 900 492 489)
4(885 491 492 900)
4(841 373 388 886)
4(62 886 388 24)
4(842 374 389 887)
4(886 887 389 388)
4(843 375 390 888)
4(887 888 390 389)
4(844 376 391 889)
4(888 889 391 390)
4(845 377 392 890)
4(889 890 392 391)
4(846 378 393 891)
4(890 891 393 392)
4(847 379 394 892)
4(891 892 394 393)
4(848 380 395 893)
4(892 893 395 394)
4(849 381 396 894)
4(893 894 396 395)
4(850 382 397 895)
4(894 895 397 396)
4(851 383 398 896)
4(895 896 398 397)
4(852 384 399 897)
4(896 897 399 398)
4(853 385 400 898)
4(897 898 400 399)
4(854 386 401 899)
4(898 899 401 400)
4(855 387 402 900)
4(899 900 402 401)
4(900 492 259 402)
4(242 856 901 257)
4(60 63 901 856)
4(3 257 901 63)
4(4 242 257 3)
4(241 857 902 256)
4(856 901 902 857)
4(257 256 902 901)
4(242 241 256 257)
4(240 858 903 255)
4(857 902 903 858)
4(256 255 903 902)
4(241 240 255 256)
4(239 859 904 254)
4(858 903 904 859)
4(255 254 904 903)
4(240 239 254 255)
4(238 860 905 253)
4(859 904 905 860)
4(254 253 905 904)
4(239 238 253 254)
4(237 861 906 252)
4(860 905 906 861)
4(253 252 906 905)
4(238 237 252 253)
4(236 862 907 251)
4(861 906 907 862)
4(252 251 907 906)
4(237 236 251 252)
4(235 863 908 250)
4(862 907 908 863)
4(251 250 908 907)
4(236 235 250 251)
4(234 864 909 249)
4(863 908 909 864)
4(250 249 909 908)
4(235 234 249 250)
4(233 865 910 248)
4(864 909 910 865)
4(249 248 910 909)
4(234 233 248 249)
4(232 866 911 247)
4(865 910 911 866)
4(248 247 911 910)
4(233 232 247 248)
4(231 867 912 246)
4(866 911 912 867)
4(247 246 912 911)
4(232 231 246 247)
4(230 868 913 245)
4(867 912 913 868)
4(246 245 913 912)
4(231 230 245 246)
4(229 869 914 244)
4(868 913 914 869)
4(245 244 914 913)
4(230 229 244 245)
4(228 870 915 243)
4(869 914 915 870)
4(244 243 915 914)
4(229 228 243 244)
4(870 915 493 490)
4(243 98 493 915)
4(228 99 98 243)
4(856 871 916 901)
4(61 64 916 871)
4(63 901 916 64)
4(857 872 917 902)
4(871 916 917 872)
4(901 902 917 916)
4(858 873 918 903)
4(872 917 918 873)
4(902 903 918 917)
4(859 874 919 904)
4(873 918 919 874)
4(903 904 919 918)
4(860 875 920 905)
4(874 919 920 875)
4(904 905 920 919)
4(861 876 921 906)
4(875 920 921 876)
4(905 906 921 920)
4(862 877 922 907)
4(876 921 922 877)
4(906 907 922 921)
4(863 878 923 908)
4(877 922 923 878)
4(907 908 923 922)
4(864 879 924 909)
4(878 923 924 879)
4(908 909 924 923)
4(865 880 925 910)
4(879 924 925 880)
4(909 910 925 924)
4(866 881 926 911)
4(880 925 926 881)
4(910 911 926 925)
4(867 882 927 912)
4(881 926 927 882)
4(911 912 927 926)
4(868 883 928 913)
4(882 927 928 883)
4(912 913 928 927)
4(869 884 929 914)
4(883 928 929 884)
4(913 914 929 928)
4(870 885 930 915)
4(884 929 930 885)
4(914 915 930 929)
4(885 930 494 491)
4(915 493 494 930)
4(871 886 931 916)
4(62 65 931 886)
4(64 916 931 65)
4(872 887 932 917)
4(886 931 932 887)
4(916 917 932 931)
4(873 888 933 918)
4(887 932 933 888)
4(917 918 933 932)
4(874 889 934 919)
4(888 933 934 889)
4(918 919 934 933)
4(875 890 935 920)
4(889 934 935 890)
4(919 920 935 934)
4(876 891 936 921)
4(890 935 936 891)
4(920 921 936 935)
4(877 892 937 922)
4(891 936 937 892)
4(921 922 937 936)
4(878 893 938 923)
4(892 937 938 893)
4(922 923 938 937)
4(879 894 939 924)
4(893 938 939 894)
4(923 924 939 938)
4(880 895 940 925)
4(894 939 940 895)
4(924 925 940 939)
4(881 896 941 926)
4(895 940 941 896)
4(925 926 941 940)
4(882 897 942 927)
4(896 941 942 897)
4(926 927 942 941)
4(883 898 943 928)
4(897 942 943 898)
4(927 928 943 942)
4(884 899 944 929)
4(898 943 944 899)
4(928 929 944 943)
4(885 900 945 930)
4(899 944 945 900)
4(929 930 945 944)
4(900 945 495 492)
4(930 494 495 945)
4(886 388 403 931)
4(65 931 403 23)
4(887 389 404 932)
4(931 932 404 403)
4(888 390 405 933)
4(932 933 405 404)
4(889 391 406 934)
4(933 934 406 405)
4(890 392 407 935)
4(934 935 407 406)
4(891 393 408 936)
4(935 936 408 407)
4(892 394 409 937)
4(936 937 409 408)
4(893 395 410 938)
4(937 938 410 409)
4(894 396 411 939)
4(938 939 411 410)
4(895 397 412 940)
4(939 940 412 411)
4(896 398 413 941)
4(940 941 413 412)
4(897 399 414 942)
4(941 942 414 413)
4(898 400 415 943)
4(942 943 415 414)
4(899 401 416 944)
4(943 944 416 415)
4(900 402 417 945)
4(944 945 417 416)
4(945 495 258 417)
4(257 901 451 83)
4(63 35 451 901)
4(3 257 83 1)
4(256 902 452 84)
4(901 451 452 902)
4(257 256 84 83)
4(255 903 453 85)
4(902 452 453 903)
4(256 255 85 84)
4(254 904 454 86)
4(903 453 454 904)
4(255 254 86 85)
4(253 905 455 87)
4(904 454 455 905)
4(254 253 87 86)
4(252 906 456 88)
4(905 455 456 906)
4(253 252 88 87)
4(251 907 457 89)
4(906 456 457 907)
4(252 251 89 88)
4(250 908 458 90)
4(907 457 458 908)
4(251 250 90 89)
4(249 909 459 91)
4(908 458 459 909)
4(250 249 91 90)
4(248 910 460 92)
4(909 459 460 910)
4(249 248 92 91)
4(247 911 461 93)
4(910 460 461 911)
4(248 247 93 92)
4(246 912 462 94)
4(911 461 462 912)
4(247 246 94 93)
4(245 913 463 95)
4(912 462 463 913)
4(246 245 95 94)
4(244 914 464 96)
4(913 463 464 914)
4(245 244 96 95)
4(243 915 465 97)
4(914 464 465 915)
4(244 243 97 96)
4(915 465 420 493)
4(243 98 82 97)
4(901 916 436 451)
4(64 34 436 916)
4(902 917 437 452)
4(916 436 437 917)
4(903 918 438 453)
4(917 437 438 918)
4(904 919 439 454)
4(918 438 439 919)
4(905 920 440 455)
4(919 439 440 920)
4(906 921 441 456)
4(920 440 441 921)
4(907 922 442 457)
4(921 441 442 922)
4(908 923 443 458)
4(922 442 443 923)
4(909 924 444 459)
4(923 443 444 924)
4(910 925 445 460)
4(924 444 445 925)
4(911 926 446 461)
4(925 445 446 926)
4(912 927 447 462)
4(926 446 447 927)
4(913 928 448 463)
4(927 447 448 928)
4(914 929 449 464)
4(928 448 449 929)
4(915 930 450 465)
4(929 449 450 930)
4(930 450 419 494)
4(916 931 421 436)
4(65 33 421 931)
4(917 932 422 437)
4(931 421 422 932)
4(918 933 423 438)
4(932 422 423 933)
4(919 934 424 439)
4(933 423 424 934)
4(920 935 425 440)
4(934 424 425 935)
4(921 936 426 441)
4(935 425 426 936)
4(922 937 427 442)
4(936 426 427 937)
4(923 938 428 443)
4(937 427 428 938)
4(924 939 429 444)
4(938 428 429 939)
4(925 940 430 445)
4(939 429 430 940)
4(926 941 431 446)
4(940 430 431 941)
4(927 942 432 447)
4(941 431 432 942)
4(928 943 433 448)
4(942 432 433 943)
4(929 944 434 449)
4(943 433 434 944)
4(930 945 435 450)
4(944 434 435 945)
4(945 435 418 495)
4(931 403 67 421)
4(932 404 68 422)
4(933 405 69 423)
4(934 406 70 424)
4(935 407 71 425)
4(936 408 72 426)
4(937 409 73 427)
4(938 410 74 428)
4(939 411 75 429)
4(940 412 76 430)
4(941 413 77 431)
4(942 414 78 432)
4(943 415 79 433)
4(944 416 80 434)
4(945 417 81 435)
4(1033 122 137 1105)
4(14 1105 137 11)
4(1033 1105 1108 1036)
4(1035 1036 1108 1107)
4(1104 1107 1108 1105)
4(1036 121 136 1108)
4(1105 1108 136 137)
4(1035 1107 1111 1039)
4(1038 1039 1111 1110)
4(1106 1110 1111 1107)
4(1036 1108 1112 1040)
4(1039 1040 1112 1111)
4(1107 1111 1112 1108)
4(1040 120 135 1112)
4(1108 1112 135 136)
4(1038 1110 1115 1043)
4(1042 1043 1115 1114)
4(1109 1114 1115 1110)
4(1039 1111 1116 1044)
4(1043 1044 1116 1115)
4(1110 1115 1116 1111)
4(1040 1112 1117 1045)
4(1044 1045 1117 1116)
4(1111 1116 1117 1112)
4(1045 119 134 1117)
4(1112 1117 134 135)
4(1042 1114 1120 1048)
4(1047 1048 1120 1119)
4(1113 1119 1120 1114)
4(1043 1115 1121 1049)
4(1048 1049 1121 1120)
4(1114 1120 1121 1115)
4(1044 1116 1122 1050)
4(1049 1050 1122 1121)
4(1115 1121 1122 1116)
4(1045 1117 1123 1051)
4(1050 1051 1123 1122)
4(1116 1122 1123 1117)
4(1051 118 133 1123)
4(1117 1123 133 134)
4(1047 1119 1126 1054)
4(1053 1054 1126 1125)
4(1118 1125 1126 1119)
4(1048 1120 1127 1055)
4(1054 1055 1127 1126)
4(1119 1126 1127 1120)
4(1049 1121 1128 1056)
4(1055 1056 1128 1127)
4(1120 1127 1128 1121)
4(1050 1122 1129 1057)
4(1056 1057 1129 1128)
4(1121 1128 1129 1122)
4(1051 1123 1130 1058)
4(1057 1058 1130 1129)
4(1122 1129 1130 1123)
4(1058 117 132 1130)
4(1123 1130 132 133)
4(1053 1125 1133 1061)
4(1060 1061 1133 1132)
4(1124 1132 1133 1125)
4(1054 1126 1134 1062)
4(1061 1062 1134 1133)
4(1125 1133 1134 1126)
4(1055 1127 1135 1063)
4(1062 1063 1135 1134)
4(1126 1134 1135 1127)
4(1056 1128 1136 1064)
4(1063 1064 1136 1135)
4(1127 1135 1136 1128)
4(1057 1129 1137 1065)
4(1064 1065 1137 1136)
4(1128 1136 1137 1129)
4(1058 1130 1138 1066)
4(1065 1066 1138 1137)
4(1129 1137 1138 1130)
4(1066 116 131 1138)
4(1130 1138 131 132)
4(1060 1132 1140 1068)
4(1067 1068 1140 1139)
4(1131 1139 1140 1132)
4(1061 1133 1141 1069)
4(1068 1069 1141 1140)
4(1132 1140 1141 1133)
4(1062 1134 1142 1070)
4(1069 1070 1142 1141)
4(1133 1141 1142 1134)
4(1063 1135 1143 1071)
4(1070 1071 1143 1142)
4(1134 1142 1143 1135)
4(1064 1136 1144 1072)
4(1071 1072 1144 1143)
4(1135 1143 1144 1136)
4(1065 1137 1145 1073)
4(1072 1073 1145 1144)
4(1136 1144 1145 1137)
4(1066 1138 1146 1074)
4(1073 1074 1146 1145)
4(1137 1145 1146 1138)
4(1074 115 130 1146)
4(1138 1146 130 131)
4(1068 1140 1148 1076)
4(1139 1147 1148 1140)
4(1069 1141 1149 1077)
4(1140 1148 1149 1141)
4(1070 1142 1150 1078)
4(1077 1078 1150 1149)
4(1141 1149 1150 1142)
4(1071 1143 1151 1079)
4(1078 1079 1151 1150)
4(1142 1150 1151 1143)
4(1072 1144 1152 1080)
4(1079 1080 1152 1151)
4(1143 1151 1152 1144)
4(1073 1145 1153 1081)
4(1080 1081 1153 1152)
4(1144 1152 1153 1145)
4(1074 1146 1154 1082)
4(1081 1082 1154 1153)
4(1145 1153 1154 1146)
4(1082 114 129 1154)
4(1146 1154 129 130)
4(1078 1150 1157 1084)
4(1149 1156 1157 1150)
4(1079 1151 1158 1085)
4(1084 1085 1158 1157)
4(1150 1157 1158 1151)
4(1080 1152 1159 1086)
4(1085 1086 1159 1158)
4(1151 1158 1159 1152)
4(1081 1153 1160 1087)
4(1086 1087 1160 1159)
4(1152 1159 1160 1153)
4(1082 1154 1161 1088)
4(1087 1088 1161 1160)
4(1153 1160 1161 1154)
4(1088 113 128 1161)
4(1154 1161 128 129)
4(1085 1158 1164 1090)
4(1157 1163 1164 1158)
4(1086 1159 1165 1091)
4(1090 1091 1165 1164)
4(1158 1164 1165 1159)
4(1087 1160 1166 1092)
4(1091 1092 1166 1165)
4(1159 1165 1166 1160)
4(1088 1161 1167 1093)
4(1092 1093 1167 1166)
4(1160 1166 1167 1161)
4(1093 112 127 1167)
4(1161 1167 127 128)
4(1091 1165 1170 1095)
4(1164 1169 1170 1165)
4(1092 1166 1171 1096)
4(1095 1096 1171 1170)
4(1165 1170 1171 1166)
4(1093 1167 1172 1097)
4(1096 1097 1172 1171)
4(1166 1171 1172 1167)
4(1097 111 126 1172)
4(1167 1172 126 127)
4(1096 1171 1174 1099)
4(1170 1173 1174 1171)
4(1097 1172 1175 1100)
4(1099 1100 1175 1174)
4(1171 1174 1175 1172)
4(1100 110 125 1175)
4(1172 1175 125 126)
4(1100 1175 1177 1102)
4(1174 1176 1177 1175)
4(1102 109 124 1177)
4(1175 1177 124 125)
4(1177 1178 123 124)
4(1105 137 152 1180)
4(15 1180 152 10)
4(1105 1180 1183 1108)
4(1107 1108 1183 1182)
4(1179 1182 1183 1180)
4(1108 136 151 1183)
4(1180 1183 151 152)
4(1107 1182 1186 1111)
4(1110 1111 1186 1185)
4(1181 1185 1186 1182)
4(1108 1183 1187 1112)
4(1111 1112 1187 1186)
4(1182 1186 1187 1183)
4(1112 135 150 1187)
4(1183 1187 150 151)
4(1110 1185 1190 1115)
4(1114 1115 1190 1189)
4(1184 1189 1190 1185)
4(1111 1186 1191 1116)
4(1115 1116 1191 1190)
4(1185 1190 1191 1186)
4(1112 1187 1192 1117)
4(1116 1117 1192 1191)
4(1186 1191 1192 1187)
4(1117 134 149 1192)
4(1187 1192 149 150)
4(1114 1189 1195 1120)
4(1119 1120 1195 1194)
4(1188 1194 1195 1189)
4(1115 1190 1196 1121)
4(1120 1121 1196 1195)
4(1189 1195 1196 1190)
4(1116 1191 1197 1122)
4(1121 1122 1197 1196)
4(1190 1196 1197 1191)
4(1117 1192 1198 1123)
4(1122 1123 1198 1197)
4(1191 1197 1198 1192)
4(1123 133 148 1198)
4(1192 1198 148 149)
4(1119 1194 1201 1126)
4(1125 1126 1201 1200)
4(1193 1200 1201 1194)
4(1120 1195 1202 1127)
4(1126 1127 1202 1201)
4(1194 1201 1202 1195)
4(1121 1196 1203 1128)
4(1127 1128 1203 1202)
4(1195 1202 1203 1196)
4(1122 1197 1204 1129)
4(1128 1129 1204 1203)
4(1196 1203 1204 1197)
4(1123 1198 1205 1130)
4(1129 1130 1205 1204)
4(1197 1204 1205 1198)
4(1130 132 147 1205)
4(1198 1205 147 148)
4(1125 1200 1208 1133)
4(1132 1133 1208 1207)
4(1199 1207 1208 1200)
4(1126 1201 1209 1134)
4(1133 1134 1209 1208)
4(1200 1208 1209 1201)
4(1127 1202 1210 1135)
4(1134 1135 1210 1209)
4(1201 1209 1210 1202)
4(1128 1203 1211 1136)
4(1135 1136 1211 1210)
4(1202 1210 1211 1203)
4(1129 1204 1212 1137)
4(1136 1137 1212 1211)
4(1203 1211 1212 1204)
4(1130 1205 1213 1138)
4(1137 1138 1213 1212)
4(1204 1212 1213 1205)
4(1138 131 146 1213)
4(1205 1213 146 147)
4(1132 1207 1215 1140)
4(1139 1140 1215 1214)
4(1206 1214 1215 1207)
4(1133 1208 1216 1141)
4(1140 1141 1216 1215)
4(1207 1215 1216 1208)
4(1134 1209 1217 1142)
4(1141 1142 1217 1216)
4(1208 1216 1217 1209)
4(1135 1210 1218 1143)
4(1142 1143 1218 1217)
4(1209 1217 1218 1210)
4(1136 1211 1219 1144)
4(1143 1144 1219 1218)
4(1210 1218 1219 1211)
4(1137 1212 1220 1145)
4(1144 1145 1220 1219)
4(1211 1219 1220 1212)
4(1138 1213 1221 1146)
4(1145 1146 1221 1220)
4(1212 1220 1221 1213)
4(1146 130 145 1221)
4(1213 1221 145 146)
4(1140 1215 1223 1148)
4(1214 1222 1223 1215)
4(1141 1216 1224 1149)
4(1148 1149 1224 1223)
4(1215 1223 1224 1216)
4(1142 1217 1225 1150)
4(1149 1150 1225 1224)
4(1216 1224 1225 1217)
4(1143 1218 1226 1151)
4(1150 1151 1226 1225)
4(1217 1225 1226 1218)
4(1144 1219 1227 1152)
4(1151 1152 1227 1226)
4(1218 1226 1227 1219)
4(1145 1220 1228 1153)
4(1152 1153 1228 1227)
4(1219 1227 1228 1220)
4(1146 1221 1229 1154)
4(1153 1154 1229 1228)
4(1220 1228 1229 1221)
4(1154 129 144 1229)
4(1221 1229 144 145)
4(1149 1224 1231 1156)
4(1223 1230 1231 1224)
4(1150 1225 1232 1157)
4(1156 1157 1232 1231)
4(1224 1231 1232 1225)
4(1151 1226 1233 1158)
4(1157 1158 1233 1232)
4(1225 1232 1233 1226)
4(1152 1227 1234 1159)
4(1158 1159 1234 1233)
4(1226 1233 1234 1227)
4(1153 1228 1235 1160)
4(1159 1160 1235 1234)
4(1227 1234 1235 1228)
4(1154 1229 1236 1161)
4(1160 1161 1236 1235)
4(1228 1235 1236 1229)
4(1161 128 143 1236)
4(1229 1236 143 144)
4(1157 1232 1238 1163)
4(1231 1237 1238 1232)
4(1158 1233 1239 1164)
4(1163 1164 1239 1238)
4(1232 1238 1239 1233)
4(1159 1234 1240 1165)
4(1164 1165 1240 1239)
4(1233 1239 1240 1234)
4(1160 1235 1241 1166)
4(1165 1166 1241 1240)
4(1234 1240 1241 1235)
4(1161 1236 1242 1167)
4(1166 1167 1242 1241)
4(1235 1241 1242 1236)
4(1167 127 142 1242)
4(1236 1242 142 143)
4(1164 1239 1244 1169)
4(1238 1243 1244 1239)
4(1165 1240 1245 1170)
4(1239 1244 1245 1240)
4(1166 1241 1246 1171)
4(1170 1171 1246 1245)
4(1240 1245 1246 1241)
4(1167 1242 1247 1172)
4(1171 1172 1247 1246)
4(1241 1246 1247 1242)
4(1172 126 141 1247)
4(1242 1247 141 142)
4(1171 1246 1250 1174)
4(1245 1249 1250 1246)
4(1172 1247 1251 1175)
4(1174 1175 1251 1250)
4(1246 1250 1251 1247)
4(1175 125 140 1251)
4(1247 1251 140 141)
4(1175 1251 1254 1177)
4(1250 1253 1254 1251)
4(1177 124 139 1254)
4(1251 1254 139 140)
4(1254 1255 138 139)
4(1180 152 167 1257)
4(16 1257 167 9)
4(1180 1257 1260 1183)
4(1182 1183 1260 1259)
4(1256 1259 1260 1257)
4(1183 151 166 1260)
4(1257 1260 166 167)
4(1182 1259 1263 1186)
4(1185 1186 1263 1262)
4(1258 1262 1263 1259)
4(1183 1260 1264 1187)
4(1186 1187 1264 1263)
4(1259 1263 1264 1260)
4(1187 150 165 1264)
4(1260 1264 165 166)
4(1185 1262 1267 1190)
4(1189 1190 1267 1266)
4(1261 1266 1267 1262)
4(1186 1263 1268 1191)
4(1190 1191 1268 1267)
4(1262 1267 1268 1263)
4(1187 1264 1269 1192)
4(1191 1192 1269 1268)
4(1263 1268 1269 1264)
4(1192 149 164 1269)
4(1264 1269 164 165)
4(1189 1266 1272 1195)
4(1194 1195 1272 1271)
4(1265 1271 1272 1266)
4(1190 1267 1273 1196)
4(1195 1196 1273 1272)
4(1266 1272 1273 1267)
4(1191 1268 1274 1197)
4(1196 1197 1274 1273)
4(1267 1273 1274 1268)
4(1192 1269 1275 1198)
4(1197 1198 1275 1274)
4(1268 1274 1275 1269)
4(1198 148 163 1275)
4(1269 1275 163 164)
4(1194 1271 1278 1201)
4(1200 1201 1278 1277)
4(1270 1277 1278 1271)
4(1195 1272 1279 1202)
4(1201 1202 1279 1278)
4(1271 1278 1279 1272)
4(1196 1273 1280 1203)
4(1202 1203 1280 1279)
4(1272 1279 1280 1273)
4(1197 1274 1281 1204)
4(1203 1204 1281 1280)
4(1273 1280 1281 1274)
4(1198 1275 1282 1205)
4(1204 1205 1282 1281)
4(1274 1281 1282 1275)
4(1205 147 162 1282)
4(1275 1282 162 163)
4(1200 1277 1285 1208)
4(1207 1208 1285 1284)
4(1276 1284 1285 1277)
4(1201 1278 1286 1209)
4(1208 1209 1286 1285)
4(1277 1285 1286 1278)
4(1202 1279 1287 1210)
4(1209 1210 1287 1286)
4(1278 1286 1287 1279)
4(1203 1280 1288 1211)
4(1210 1211 1288 1287)
4(1279 1287 1288 1280)
4(1204 1281 1289 1212)
4(1211 1212 1289 1288)
4(1280 1288 1289 1281)
4(1205 1282 1290 1213)
4(1212 1213 1290 1289)
4(1281 1289 1290 1282)
4(1213 146 161 1290)
4(1282 1290 161 162)
4(1207 1284 1292 1215)
4(1214 1215 1292 1291)
4(1283 1291 1292 1284)
4(1208 1285 1293 1216)
4(1215 1216 1293 1292)
4(1284 1292 1293 1285)
4(1209 1286 1294 1217)
4(1216 1217 1294 1293)
4(1285 1293 1294 1286)
4(1210 1287 1295 1218)
4(1217 1218 1295 1294)
4(1286 1294 1295 1287)
4(1211 1288 1296 1219)
4(1218 1219 1296 1295)
4(1287 1295 1296 1288)
4(1212 1289 1297 1220)
4(1219 1220 1297 1296)
4(1288 1296 1297 1289)
4(1213 1290 1298 1221)
4(1220 1221 1298 1297)
4(1289 1297 1298 1290)
4(1221 145 160 1298)
4(1290 1298 160 161)
4(1215 1292 1300 1223)
4(1291 1299 1300 1292)
4(1216 1293 1301 1224)
4(1223 1224 1301 1300)
4(1292 1300 1301 1293)
4(1217 1294 1302 1225)
4(1224 1225 1302 1301)
4(1293 1301 1302 1294)
4(1218 1295 1303 1226)
4(1225 1226 1303 1302)
4(1294 1302 1303 1295)
4(1219 1296 1304 1227)
4(1226 1227 1304 1303)
4(1295 1303 1304 1296)
4(1220 1297 1305 1228)
4(1227 1228 1305 1304)
4(1296 1304 1305 1297)
4(1221 1298 1306 1229)
4(1228 1229 1306 1305)
4(1297 1305 1306 1298)
4(1229 144 159 1306)
4(1298 1306 159 160)
4(1224 1301 1308 1231)
4(1300 1307 1308 1301)
4(1225 1302 1309 1232)
4(1231 1232 1309 1308)
4(1301 1308 1309 1302)
4(1226 1303 1310 1233)
4(1232 1233 1310 1309)
4(1302 1309 1310 1303)
4(1227 1304 1311 1234)
4(1233 1234 1311 1310)
4(1303 1310 1311 1304)
4(1228 1305 1312 1235)
4(1234 1235 1312 1311)
4(1304 1311 1312 1305)
4(1229 1306 1313 1236)
4(1235 1236 1313 1312)
4(1305 1312 1313 1306)
4(1236 143 158 1313)
4(1306 1313 158 159)
4(1232 1309 1315 1238)
4(1308 1314 1315 1309)
4(1233 1310 1316 1239)
4(1238 1239 1316 1315)
4(1309 1315 1316 1310)
4(1234 1311 1317 1240)
4(1239 1240 1317 1316)
4(1310 1316 1317 1311)
4(1235 1312 1318 1241)
4(1240 1241 1318 1317)
4(1311 1317 1318 1312)
4(1236 1313 1319 1242)
4(1241 1242 1319 1318)
4(1312 1318 1319 1313)
4(1242 142 157 1319)
4(1313 1319 157 158)
4(1239 1316 1321 1244)
4(1315 1320 1321 1316)
4(1240 1317 1322 1245)
4(1244 1245 1322 1321)
4(1316 1321 1322 1317)
4(1241 1318 1323 1246)
4(1245 1246 1323 1322)
4(1317 1322 1323 1318)
4(1242 1319 1324 1247)
4(1246 1247 1324 1323)
4(1318 1323 1324 1319)
4(1247 141 156 1324)
4(1319 1324 156 157)
4(1245 1322 1326 1249)
4(1321 1325 1326 1322)
4(1246 1323 1327 1250)
4(1249 1250 1327 1326)
4(1322 1326 1327 1323)
4(1247 1324 1328 1251)
4(1250 1251 1328 1327)
4(1323 1327 1328 1324)
4(1251 140 155 1328)
4(1324 1328 155 156)
4(1250 1327 1330 1253)
4(1326 1329 1330 1327)
4(1251 1328 1331 1254)
4(1327 1330 1331 1328)
4(1254 139 154 1331)
4(1328 1331 154 155)
4(1331 1333 153 154)
4(1257 167 182 1335)
4(17 1335 182 8)
4(1257 1335 1338 1260)
4(1259 1260 1338 1337)
4(1334 1337 1338 1335)
4(1260 166 181 1338)
4(1335 1338 181 182)
4(1259 1337 1341 1263)
4(1262 1263 1341 1340)
4(1336 1340 1341 1337)
4(1260 1338 1342 1264)
4(1263 1264 1342 1341)
4(1337 1341 1342 1338)
4(1264 165 180 1342)
4(1338 1342 180 181)
4(1262 1340 1345 1267)
4(1266 1267 1345 1344)
4(1339 1344 1345 1340)
4(1263 1341 1346 1268)
4(1267 1268 1346 1345)
4(1340 1345 1346 1341)
4(1264 1342 1347 1269)
4(1268 1269 1347 1346)
4(1341 1346 1347 1342)
4(1269 164 179 1347)
4(1342 1347 179 180)
4(1266 1344 1350 1272)
4(1271 1272 1350 1349)
4(1343 1349 1350 1344)
4(1267 1345 1351 1273)
4(1272 1273 1351 1350)
4(1344 1350 1351 1345)
4(1268 1346 1352 1274)
4(1273 1274 1352 1351)
4(1345 1351 1352 1346)
4(1269 1347 1353 1275)
4(1274 1275 1353 1352)
4(1346 1352 1353 1347)
4(1275 163 178 1353)
4(1347 1353 178 179)
4(1271 1349 1356 1278)
4(1277 1278 1356 1355)
4(1348 1355 1356 1349)
4(1272 1350 1357 1279)
4(1278 1279 1357 1356)
4(1349 1356 1357 1350)
4(1273 1351 1358 1280)
4(1279 1280 1358 1357)
4(1350 1357 1358 1351)
4(1274 1352 1359 1281)
4(1280 1281 1359 1358)
4(1351 1358 1359 1352)
4(1275 1353 1360 1282)
4(1281 1282 1360 1359)
4(1352 1359 1360 1353)
4(1282 162 177 1360)
4(1353 1360 177 178)
4(1277 1355 1363 1285)
4(1284 1285 1363 1362)
4(1354 1362 1363 1355)
4(1278 1356 1364 1286)
4(1285 1286 1364 1363)
4(1355 1363 1364 1356)
4(1279 1357 1365 1287)
4(1286 1287 1365 1364)
4(1356 1364 1365 1357)
4(1280 1358 1366 1288)
4(1287 1288 1366 1365)
4(1357 1365 1366 1358)
4(1281 1359 1367 1289)
4(1288 1289 1367 1366)
4(1358 1366 1367 1359)
4(1282 1360 1368 1290)
4(1289 1290 1368 1367)
4(1359 1367 1368 1360)
4(1290 161 176 1368)
4(1360 1368 176 177)
4(1284 1362 1370 1292)
4(1291 1292 1370 1369)
4(1361 1369 1370 1362)
4(1285 1363 1371 1293)
4(1292 1293 1371 1370)
4(1362 1370 1371 1363)
4(1286 1364 1372 1294)
4(1293 1294 1372 1371)
4(1363 1371 1372 1364)
4(1287 1365 1373 1295)
4(1294 1295 1373 1372)
4(1364 1372 1373 1365)
4(1288 1366 1374 1296)
4(1295 1296 1374 1373)
4(1365 1373 1374 1366)
4(1289 1367 1375 1297)
4(1296 1297 1375 1374)
4(1366 1374 1375 1367)
4(1290 1368 1376 1298)
4(1297 1298 1376 1375)
4(1367 1375 1376 1368)
4(1298 160 175 1376)
4(1368 1376 175 176)
4(1292 1370 1378 1300)
4(1369 1377 1378 1370)
4(1293 1371 1379 1301)
4(1300 1301 1379 1378)
4(1370 1378 1379 1371)
4(1294 1372 1380 1302)
4(1301 1302 1380 1379)
4(1371 1379 1380 1372)
4(1295 1373 1381 1303)
4(1302 1303 1381 1380)
4(1372 1380 1381 1373)
4(1296 1374 1382 1304)
4(1303 1304 1382 1381)
4(1373 1381 1382 1374)
4(1297 1375 1383 1305)
4(1304 1305 1383 1382)
4(1374 1382 1383 1375)
4(1298 1376 1384 1306)
4(1305 1306 1384 1383)
4(1375 1383 1384 1376)
4(1306 159 174 1384)
4(1376 1384 174 175)
4(1301 1379 1386 1308)
4(1378 1385 1386 1379)
4(1302 1380 1387 1309)
4(1308 1309 1387 1386)
4(1379 1386 1387 1380)
4(1303 1381 1388 1310)
4(1309 1310 1388 1387)
4(1380 1387 1388 1381)
4(1304 1382 1389 1311)
4(1310 1311 1389 1388)
4(1381 1388 1389 1382)
4(1305 1383 1390 1312)
4(1311 1312 1390 1389)
4(1382 1389 1390 1383)
4(1306 1384 1391 1313)
4(1312 1313 1391 1390)
4(1383 1390 1391 1384)
4(1313 158 173 1391)
4(1384 1391 173 174)
4(1309 1387 1393 1315)
4(1386 1392 1393 1387)
4(1310 1388 1394 1316)
4(1315 1316 1394 1393)
4(1387 1393 1394 1388)
4(1311 1389 1395 1317)
4(1316 1317 1395 1394)
4(1388 1394 1395 1389)
4(1312 1390 1396 1318)
4(1317 1318 1396 1395)
4(1389 1395 1396 1390)
4(1313 1391 1397 1319)
4(1318 1319 1397 1396)
4(1390 1396 1397 1391)
4(1319 157 172 1397)
4(1391 1397 172 173)
4(1316 1394 1399 1321)
4(1393 1398 1399 1394)
4(1317 1395 1400 1322)
4(1321 1322 1400 1399)
4(1394 1399 1400 1395)
4(1318 1396 1401 1323)
4(1322 1323 1401 1400)
4(1395 1400 1401 1396)
4(1319 1397 1402 1324)
4(1323 1324 1402 1401)
4(1396 1401 1402 1397)
4(1324 156 171 1402)
4(1397 1402 171 172)
4(1322 1400 1404 1326)
4(1399 1403 1404 1400)
4(1323 1401 1405 1327)
4(1326 1327 1405 1404)
4(1400 1404 1405 1401)
4(1324 1402 1406 1328)
4(1327 1328 1406 1405)
4(1401 1405 1406 1402)
4(1328 155 170 1406)
4(1402 1406 170 171)
4(1327 1405 1408 1330)
4(1404 1407 1408 1405)
4(1328 1406 1409 1331)
4(1330 1331 1409 1408)
4(1405 1408 1409 1406)
4(1331 154 169 1409)
4(1406 1409 169 170)
4(1331 1409 1411 1333)
4(1408 1410 1411 1409)
4(1333 153 168 1411)
4(1409 1411 168 169)
4(1411 948 103 168)
4(1335 182 197 1413)
4(18 1413 197 7)
4(1335 1413 1416 1338)
4(1337 1338 1416 1415)
4(1412 1415 1416 1413)
4(1338 181 196 1416)
4(1413 1416 196 197)
4(1337 1415 1419 1341)
4(1340 1341 1419 1418)
4(1414 1418 1419 1415)
4(1338 1416 1420 1342)
4(1341 1342 1420 1419)
4(1415 1419 1420 1416)
4(1342 180 195 1420)
4(1416 1420 195 196)
4(1340 1418 1423 1345)
4(1344 1345 1423 1422)
4(1417 1422 1423 1418)
4(1341 1419 1424 1346)
4(1345 1346 1424 1423)
4(1418 1423 1424 1419)
4(1342 1420 1425 1347)
4(1346 1347 1425 1424)
4(1419 1424 1425 1420)
4(1347 179 194 1425)
4(1420 1425 194 195)
4(1344 1422 1428 1350)
4(1349 1350 1428 1427)
4(1421 1427 1428 1422)
4(1345 1423 1429 1351)
4(1350 1351 1429 1428)
4(1422 1428 1429 1423)
4(1346 1424 1430 1352)
4(1351 1352 1430 1429)
4(1423 1429 1430 1424)
4(1347 1425 1431 1353)
4(1352 1353 1431 1430)
4(1424 1430 1431 1425)
4(1353 178 193 1431)
4(1425 1431 193 194)
4(1349 1427 1434 1356)
4(1355 1356 1434 1433)
4(1426 1433 1434 1427)
4(1350 1428 1435 1357)
4(1356 1357 1435 1434)
4(1427 1434 1435 1428)
4(1351 1429 1436 1358)
4(1357 1358 1436 1435)
4(1428 1435 1436 1429)
4(1352 1430 1437 1359)
4(1358 1359 1437 1436)
4(1429 1436 1437 1430)
4(1353 1431 1438 1360)
4(1359 1360 1438 1437)
4(1430 1437 1438 1431)
4(1360 177 192 1438)
4(1431 1438 192 193)
4(1355 1433 1441 1363)
4(1362 1363 1441 1440)
4(1432 1440 1441 1433)
4(1356 1434 1442 1364)
4(1363 1364 1442 1441)
4(1433 1441 1442 1434)
4(1357 1435 1443 1365)
4(1364 1365 1443 1442)
4(1434 1442 1443 1435)
4(1358 1436 1444 1366)
4(1365 1366 1444 1443)
4(1435 1443 1444 1436)
4(1359 1437 1445 1367)
4(1366 1367 1445 1444)
4(1436 1444 1445 1437)
4(1360 1438 1446 1368)
4(1367 1368 1446 1445)
4(1437 1445 1446 1438)
4(1368 176 191 1446)
4(1438 1446 191 192)
4(1362 1440 1448 1370)
4(1369 1370 1448 1447)
4(1439 1447 1448 1440)
4(1363 1441 1449 1371)
4(1370 1371 1449 1448)
4(1440 1448 1449 1441)
4(1364 1442 1450 1372)
4(1371 1372 1450 1449)
4(1441 1449 1450 1442)
4(1365 1443 1451 1373)
4(1372 1373 1451 1450)
4(1442 1450 1451 1443)
4(1366 1444 1452 1374)
4(1373 1374 1452 1451)
4(1443 1451 1452 1444)
4(1367 1445 1453 1375)
4(1374 1375 1453 1452)
4(1444 1452 1453 1445)
4(1368 1446 1454 1376)
4(1375 1376 1454 1453)
4(1445 1453 1454 1446)
4(1376 175 190 1454)
4(1446 1454 190 191)
4(1370 1448 1456 1378)
4(1447 1455 1456 1448)
4(1371 1449 1457 1379)
4(1378 1379 1457 1456)
4(1448 1456 1457 1449)
4(1372 1450 1458 1380)
4(1379 1380 1458 1457)
4(1449 1457 1458 1450)
4(1373 1451 1459 1381)
4(1380 1381 1459 1458)
4(1450 1458 1459 1451)
4(1374 1452 1460 1382)
4(1381 1382 1460 1459)
4(1451 1459 1460 1452)
4(1375 1453 1461 1383)
4(1382 1383 1461 1460)
4(1452 1460 1461 1453)
4(1376 1454 1462 1384)
4(1383 1384 1462 1461)
4(1453 1461 1462 1454)
4(1384 174 189 1462)
4(1454 1462 189 190)
4(1379 1457 1464 1386)
4(1456 1463 1464 1457)
4(1380 1458 1465 1387)
4(1386 1387 1465 1464)
4(1457 1464 1465 1458)
4(1381 1459 1466 1388)
4(1387 1388 1466 1465)
4(1458 1465 1466 1459)
4(1382 1460 1467 1389)
4(1388 1389 1467 1466)
4(1459 1466 1467 1460)
4(1383 1461 1468 1390)
4(1389 1390 1468 1467)
4(1460 1467 1468 1461)
4(1384 1462 1469 1391)
4(1390 1391 1469 1468)
4(1461 1468 1469 1462)
4(1391 173 188 1469)
4(1462 1469 188 189)
4(1387 1465 1471 1393)
4(1464 1470 1471 1465)
4(1388 1466 1472 1394)
4(1393 1394 1472 1471)
4(1465 1471 1472 1466)
4(1389 1467 1473 1395)
4(1394 1395 1473 1472)
4(1466 1472 1473 1467)
4(1390 1468 1474 1396)
4(1395 1396 1474 1473)
4(1467 1473 1474 1468)
4(1391 1469 1475 1397)
4(1396 1397 1475 1474)
4(1468 1474 1475 1469)
4(1397 172 187 1475)
4(1469 1475 187 188)
4(1394 1472 1477 1399)
4(1471 1476 1477 1472)
4(1395 1473 1478 1400)
4(1399 1400 1478 1477)
4(1472 1477 1478 1473)
4(1396 1474 1479 1401)
4(1400 1401 1479 1478)
4(1473 1478 1479 1474)
4(1397 1475 1480 1402)
4(1401 1402 1480 1479)
4(1474 1479 1480 1475)
4(1402 171 186 1480)
4(1475 1480 186 187)
4(1400 1478 1482 1404)
4(1477 1481 1482 1478)
4(1401 1479 1483 1405)
4(1404 1405 1483 1482)
4(1478 1482 1483 1479)
4(1402 1480 1484 1406)
4(1405 1406 1484 1483)
4(1479 1483 1484 1480)
4(1406 170 185 1484)
4(1480 1484 185 186)
4(1405 1483 1486 1408)
4(1482 1485 1486 1483)
4(1406 1484 1487 1409)
4(1408 1409 1487 1486)
4(1483 1486 1487 1484)
4(1409 169 184 1487)
4(1484 1487 184 185)
4(1409 1487 1489 1411)
4(1486 1488 1489 1487)
4(1411 168 183 1489)
4(1487 1489 183 184)
4(1489 949 102 183)
4(1413 197 212 1491)
4(19 1491 212 6)
4(1413 1491 1494 1416)
4(1415 1416 1494 1493)
4(1490 1493 1494 1491)
4(1416 196 211 1494)
4(1491 1494 211 212)
4(1415 1493 1497 1419)
4(1418 1419 1497 1496)
4(1492 1496 1497 1493)
4(1416 1494 1498 1420)
4(1419 1420 1498 1497)
4(1493 1497 1498 1494)
4(1420 195 210 1498)
4(1494 1498 210 211)
4(1418 1496 1501 1423)
4(1422 1423 1501 1500)
4(1495 1500 1501 1496)
4(1419 1497 1502 1424)
4(1423 1424 1502 1501)
4(1496 1501 1502 1497)
4(1420 1498 1503 1425)
4(1424 1425 1503 1502)
4(1497 1502 1503 1498)
4(1425 194 209 1503)
4(1498 1503 209 210)
4(1422 1500 1506 1428)
4(1427 1428 1506 1505)
4(1499 1505 1506 1500)
4(1423 1501 1507 1429)
4(1428 1429 1507 1506)
4(1500 1506 1507 1501)
4(1424 1502 1508 1430)
4(1429 1430 1508 1507)
4(1501 1507 1508 1502)
4(1425 1503 1509 1431)
4(1430 1431 1509 1508)
4(1502 1508 1509 1503)
4(1431 193 208 1509)
4(1503 1509 208 209)
4(1427 1505 1512 1434)
4(1433 1434 1512 1511)
4(1504 1511 1512 1505)
4(1428 1506 1513 1435)
4(1434 1435 1513 1512)
4(1505 1512 1513 1506)
4(1429 1507 1514 1436)
4(1435 1436 1514 1513)
4(1506 1513 1514 1507)
4(1430 1508 1515 1437)
4(1436 1437 1515 1514)
4(1507 1514 1515 1508)
4(1431 1509 1516 1438)
4(1437 1438 1516 1515)
4(1508 1515 1516 1509)
4(1438 192 207 1516)
4(1509 1516 207 208)
4(1433 1511 1519 1441)
4(1440 1441 1519 1518)
4(1510 1518 1519 1511)
4(1434 1512 1520 1442)
4(1441 1442 1520 1519)
4(1511 1519 1520 1512)
4(1435 1513 1521 1443)
4(1442 1443 1521 1520)
4(1512 1520 1521 1513)
4(1436 1514 1522 1444)
4(1443 1444 1522 1521)
4(1513 1521 1522 1514)
4(1437 1515 1523 1445)
4(1444 1445 1523 1522)
4(1514 1522 1523 1515)
4(1438 1516 1524 1446)
4(1445 1446 1524 1523)
4(1515 1523 1524 1516)
4(1446 191 206 1524)
4(1516 1524 206 207)
4(1440 1518 1526 1448)
4(1447 1448 1526 1525)
4(1517 1525 1526 1518)
4(1441 1519 1527 1449)
4(1448 1449 1527 1526)
4(1518 1526 1527 1519)
4(1442 1520 1528 1450)
4(1449 1450 1528 1527)
4(1519 1527 1528 1520)
4(1443 1521 1529 1451)
4(1450 1451 1529 1528)
4(1520 1528 1529 1521)
4(1444 1522 1530 1452)
4(1451 1452 1530 1529)
4(1521 1529 1530 1522)
4(1445 1523 1531 1453)
4(1452 1453 1531 1530)
4(1522 1530 1531 1523)
4(1446 1524 1532 1454)
4(1453 1454 1532 1531)
4(1523 1531 1532 1524)
4(1454 190 205 1532)
4(1524 1532 205 206)
4(1448 1526 1534 1456)
4(1525 1533 1534 1526)
4(1449 1527 1535 1457)
4(1456 1457 1535 1534)
4(1526 1534 1535 1527)
4(1450 1528 1536 1458)
4(1457 1458 1536 1535)
4(1527 1535 1536 1528)
4(1451 1529 1537 1459)
4(1458 1459 1537 1536)
4(1528 1536 1537 1529)
4(1452 1530 1538 1460)
4(1459 1460 1538 1537)
4(1529 1537 1538 1530)
4(1453 1531 1539 1461)
4(1460 1461 1539 1538)
4(1530 1538 1539 1531)
4(1454 1532 1540 1462)
4(1461 1462 1540 1539)
4(1531 1539 1540 1532)
4(1462 189 204 1540)
4(1532 1540 204 205)
4(1457 1535 1542 1464)
4(1534 1541 1542 1535)
4(1458 1536 1543 1465)
4(1464 1465 1543 1542)
4(1535 1542 1543 1536)
4(1459 1537 1544 1466)
4(1465 1466 1544 1543)
4(1536 1543 1544 1537)
4(1460 1538 1545 1467)
4(1466 1467 1545 1544)
4(1537 1544 1545 1538)
4(1461 1539 1546 1468)
4(1467 1468 1546 1545)
4(1538 1545 1546 1539)
4(1462 1540 1547 1469)
4(1468 1469 1547 1546)
4(1539 1546 1547 1540)
4(1469 188 203 1547)
4(1540 1547 203 204)
4(1465 1543 1549 1471)
4(1542 1548 1549 1543)
4(1466 1544 1550 1472)
4(1471 1472 1550 1549)
4(1543 1549 1550 1544)
4(1467 1545 1551 1473)
4(1472 1473 1551 1550)
4(1544 1550 1551 1545)
4(1468 1546 1552 1474)
4(1473 1474 1552 1551)
4(1545 1551 1552 1546)
4(1469 1547 1553 1475)
4(1474 1475 1553 1552)
4(1546 1552 1553 1547)
4(1475 187 202 1553)
4(1547 1553 202 203)
4(1472 1550 1555 1477)
4(1549 1554 1555 1550)
4(1473 1551 1556 1478)
4(1477 1478 1556 1555)
4(1550 1555 1556 1551)
4(1474 1552 1557 1479)
4(1478 1479 1557 1556)
4(1551 1556 1557 1552)
4(1475 1553 1558 1480)
4(1479 1480 1558 1557)
4(1552 1557 1558 1553)
4(1480 186 201 1558)
4(1553 1558 201 202)
4(1478 1556 1560 1482)
4(1555 1559 1560 1556)
4(1479 1557 1561 1483)
4(1482 1483 1561 1560)
4(1556 1560 1561 1557)
4(1480 1558 1562 1484)
4(1483 1484 1562 1561)
4(1557 1561 1562 1558)
4(1484 185 200 1562)
4(1558 1562 200 201)
4(1483 1561 1564 1486)
4(1560 1563 1564 1561)
4(1484 1562 1565 1487)
4(1486 1487 1565 1564)
4(1561 1564 1565 1562)
4(1487 184 199 1565)
4(1562 1565 199 200)
4(1487 1565 1567 1489)
4(1564 1566 1567 1565)
4(1489 183 198 1567)
4(1565 1567 198 199)
4(1567 950 101 198)
4(1491 212 227 1569)
4(20 1569 227 5)
4(1491 1569 1572 1494)
4(1493 1494 1572 1571)
4(1568 1571 1572 1569)
4(1494 211 226 1572)
4(1569 1572 226 227)
4(1493 1571 1575 1497)
4(1496 1497 1575 1574)
4(1570 1574 1575 1571)
4(1494 1572 1576 1498)
4(1497 1498 1576 1575)
4(1571 1575 1576 1572)
4(1498 210 225 1576)
4(1572 1576 225 226)
4(1496 1574 1579 1501)
4(1500 1501 1579 1578)
4(1573 1578 1579 1574)
4(1497 1575 1580 1502)
4(1501 1502 1580 1579)
4(1574 1579 1580 1575)
4(1498 1576 1581 1503)
4(1502 1503 1581 1580)
4(1575 1580 1581 1576)
4(1503 209 224 1581)
4(1576 1581 224 225)
4(1500 1578 1584 1506)
4(1505 1506 1584 1583)
4(1577 1583 1584 1578)
4(1501 1579 1585 1507)
4(1506 1507 1585 1584)
4(1578 1584 1585 1579)
4(1502 1580 1586 1508)
4(1507 1508 1586 1585)
4(1579 1585 1586 1580)
4(1503 1581 1587 1509)
4(1508 1509 1587 1586)
4(1580 1586 1587 1581)
4(1509 208 223 1587)
4(1581 1587 223 224)
4(1505 1583 1590 1512)
4(1511 1512 1590 1589)
4(1582 1589 1590 1583)
4(1506 1584 1591 1513)
4(1512 1513 1591 1590)
4(1583 1590 1591 1584)
4(1507 1585 1592 1514)
4(1513 1514 1592 1591)
4(1584 1591 1592 1585)
4(1508 1586 1593 1515)
4(1514 1515 1593 1592)
4(1585 1592 1593 1586)
4(1509 1587 1594 1516)
4(1515 1516 1594 1593)
4(1586 1593 1594 1587)
4(1516 207 222 1594)
4(1587 1594 222 223)
4(1511 1589 1597 1519)
4(1518 1519 1597 1596)
4(1588 1596 1597 1589)
4(1512 1590 1598 1520)
4(1519 1520 1598 1597)
4(1589 1597 1598 1590)
4(1513 1591 1599 1521)
4(1520 1521 1599 1598)
4(1590 1598 1599 1591)
4(1514 1592 1600 1522)
4(1521 1522 1600 1599)
4(1591 1599 1600 1592)
4(1515 1593 1601 1523)
4(1522 1523 1601 1600)
4(1592 1600 1601 1593)
4(1516 1594 1602 1524)
4(1523 1524 1602 1601)
4(1593 1601 1602 1594)
4(1524 206 221 1602)
4(1594 1602 221 222)
4(1518 1596 1604 1526)
4(1525 1526 1604 1603)
4(1595 1603 1604 1596)
4(1519 1597 1605 1527)
4(1526 1527 1605 1604)
4(1596 1604 1605 1597)
4(1520 1598 1606 1528)
4(1527 1528 1606 1605)
4(1597 1605 1606 1598)
4(1521 1599 1607 1529)
4(1528 1529 1607 1606)
4(1598 1606 1607 1599)
4(1522 1600 1608 1530)
4(1529 1530 1608 1607)
4(1599 1607 1608 1600)
4(1523 1601 1609 1531)
4(1530 1531 1609 1608)
4(1600 1608 1609 1601)
4(1524 1602 1610 1532)
4(1531 1532 1610 1609)
4(1601 1609 1610 1602)
4(1532 205 220 1610)
4(1602 1610 220 221)
4(1526 1604 1612 1534)
4(1603 1611 1612 1604)
4(1527 1605 1613 1535)
4(1534 1535 1613 1612)
4(1604 1612 1613 1605)
4(1528 1606 1614 1536)
4(1535 1536 1614 1613)
4(1605 1613 1614 1606)
4(1529 1607 1615 1537)
4(1536 1537 1615 1614)
4(1606 1614 1615 1607)
4(1530 1608 1616 1538)
4(1537 1538 1616 1615)
4(1607 1615 1616 1608)
4(1531 1609 1617 1539)
4(1538 1539 1617 1616)
4(1608 1616 1617 1609)
4(1532 1610 1618 1540)
4(1539 1540 1618 1617)
4(1609 1617 1618 1610)
4(1540 204 219 1618)
4(1610 1618 219 220)
4(1535 1613 1620 1542)
4(1612 1619 1620 1613)
4(1536 1614 1621 1543)
4(1542 1543 1621 1620)
4(1613 1620 1621 1614)
4(1537 1615 1622 1544)
4(1543 1544 1622 1621)
4(1614 1621 1622 1615)
4(1538 1616 1623 1545)
4(1544 1545 1623 1622)
4(1615 1622 1623 1616)
4(1539 1617 1624 1546)
4(1545 1546 1624 1623)
4(1616 1623 1624 1617)
4(1540 1618 1625 1547)
4(1546 1547 1625 1624)
4(1617 1624 1625 1618)
4(1547 203 218 1625)
4(1618 1625 218 219)
4(1543 1621 1627 1549)
4(1620 1626 1627 1621)
4(1544 1622 1628 1550)
4(1549 1550 1628 1627)
4(1621 1627 1628 1622)
4(1545 1623 1629 1551)
4(1550 1551 1629 1628)
4(1622 1628 1629 1623)
4(1546 1624 1630 1552)
4(1551 1552 1630 1629)
4(1623 1629 1630 1624)
4(1547 1625 1631 1553)
4(1552 1553 1631 1630)
4(1624 1630 1631 1625)
4(1553 202 217 1631)
4(1625 1631 217 218)
4(1550 1628 1633 1555)
4(1627 1632 1633 1628)
4(1551 1629 1634 1556)
4(1555 1556 1634 1633)
4(1628 1633 1634 1629)
4(1552 1630 1635 1557)
4(1556 1557 1635 1634)
4(1629 1634 1635 1630)
4(1553 1631 1636 1558)
4(1557 1558 1636 1635)
4(1630 1635 1636 1631)
4(1558 201 216 1636)
4(1631 1636 216 217)
4(1556 1634 1638 1560)
4(1633 1637 1638 1634)
4(1557 1635 1639 1561)
4(1560 1561 1639 1638)
4(1634 1638 1639 1635)
4(1558 1636 1640 1562)
4(1561 1562 1640 1639)
4(1635 1639 1640 1636)
4(1562 200 215 1640)
4(1636 1640 215 216)
4(1561 1639 1642 1564)
4(1638 1641 1642 1639)
4(1562 1640 1643 1565)
4(1564 1565 1643 1642)
4(1639 1642 1643 1640)
4(1565 199 214 1643)
4(1640 1643 214 215)
4(1565 1643 1645 1567)
4(1642 1644 1645 1643)
4(1567 198 213 1645)
4(1643 1645 213 214)
4(1645 951 100 213)
4(1569 227 242 1647)
4(21 1647 242 4)
4(1569 1647 1650 1572)
4(1571 1572 1650 1649)
4(1646 1649 1650 1647)
4(1572 226 241 1650)
4(1647 1650 241 242)
4(1571 1649 1653 1575)
4(1574 1575 1653 1652)
4(1648 1652 1653 1649)
4(1572 1650 1654 1576)
4(1575 1576 1654 1653)
4(1649 1653 1654 1650)
4(1576 225 240 1654)
4(1650 1654 240 241)
4(1574 1652 1657 1579)
4(1578 1579 1657 1656)
4(1651 1656 1657 1652)
4(1575 1653 1658 1580)
4(1579 1580 1658 1657)
4(1652 1657 1658 1653)
4(1576 1654 1659 1581)
4(1580 1581 1659 1658)
4(1653 1658 1659 1654)
4(1581 224 239 1659)
4(1654 1659 239 240)
4(1578 1656 1662 1584)
4(1583 1584 1662 1661)
4(1655 1661 1662 1656)
4(1579 1657 1663 1585)
4(1584 1585 1663 1662)
4(1656 1662 1663 1657)
4(1580 1658 1664 1586)
4(1585 1586 1664 1663)
4(1657 1663 1664 1658)
4(1581 1659 1665 1587)
4(1586 1587 1665 1664)
4(1658 1664 1665 1659)
4(1587 223 238 1665)
4(1659 1665 238 239)
4(1583 1661 1668 1590)
4(1589 1590 1668 1667)
4(1660 1667 1668 1661)
4(1584 1662 1669 1591)
4(1590 1591 1669 1668)
4(1661 1668 1669 1662)
4(1585 1663 1670 1592)
4(1591 1592 1670 1669)
4(1662 1669 1670 1663)
4(1586 1664 1671 1593)
4(1592 1593 1671 1670)
4(1663 1670 1671 1664)
4(1587 1665 1672 1594)
4(1593 1594 1672 1671)
4(1664 1671 1672 1665)
4(1594 222 237 1672)
4(1665 1672 237 238)
4(1589 1667 1675 1597)
4(1596 1597 1675 1674)
4(1666 1674 1675 1667)
4(1590 1668 1676 1598)
4(1597 1598 1676 1675)
4(1667 1675 1676 1668)
4(1591 1669 1677 1599)
4(1598 1599 1677 1676)
4(1668 1676 1677 1669)
4(1592 1670 1678 1600)
4(1599 1600 1678 1677)
4(1669 1677 1678 1670)
4(1593 1671 1679 1601)
4(1600 1601 1679 1678)
4(1670 1678 1679 1671)
4(1594 1672 1680 1602)
4(1601 1602 1680 1679)
4(1671 1679 1680 1672)
4(1602 221 236 1680)
4(1672 1680 236 237)
4(1596 1674 1682 1604)
4(1603 1604 1682 1681)
4(1673 1681 1682 1674)
4(1597 1675 1683 1605)
4(1604 1605 1683 1682)
4(1674 1682 1683 1675)
4(1598 1676 1684 1606)
4(1605 1606 1684 1683)
4(1675 1683 1684 1676)
4(1599 1677 1685 1607)
4(1606 1607 1685 1684)
4(1676 1684 1685 1677)
4(1600 1678 1686 1608)
4(1607 1608 1686 1685)
4(1677 1685 1686 1678)
4(1601 1679 1687 1609)
4(1608 1609 1687 1686)
4(1678 1686 1687 1679)
4(1602 1680 1688 1610)
4(1609 1610 1688 1687)
4(1679 1687 1688 1680)
4(1610 220 235 1688)
4(1680 1688 235 236)
4(1604 1682 1690 1612)
4(1681 1689 1690 1682)
4(1605 1683 1691 1613)
4(1612 1613 1691 1690)
4(1682 1690 1691 1683)
4(1606 1684 1692 1614)
4(1613 1614 1692 1691)
4(1683 1691 1692 1684)
4(1607 1685 1693 1615)
4(1614 1615 1693 1692)
4(1684 1692 1693 1685)
4(1608 1686 1694 1616)
4(1615 1616 1694 1693)
4(1685 1693 1694 1686)
4(1609 1687 1695 1617)
4(1616 1617 1695 1694)
4(1686 1694 1695 1687)
4(1610 1688 1696 1618)
4(1617 1618 1696 1695)
4(1687 1695 1696 1688)
4(1618 219 234 1696)
4(1688 1696 234 235)
4(1613 1691 1698 1620)
4(1690 1697 1698 1691)
4(1614 1692 1699 1621)
4(1620 1621 1699 1698)
4(1691 1698 1699 1692)
4(1615 1693 1700 1622)
4(1621 1622 1700 1699)
4(1692 1699 1700 1693)
4(1616 1694 1701 1623)
4(1622 1623 1701 1700)
4(1693 1700 1701 1694)
4(1617 1695 1702 1624)
4(1623 1624 1702 1701)
4(1694 1701 1702 1695)
4(1618 1696 1703 1625)
4(1624 1625 1703 1702)
4(1695 1702 1703 1696)
4(1625 218 233 1703)
4(1696 1703 233 234)
4(1621 1699 1705 1627)
4(1698 1704 1705 1699)
4(1622 1700 1706 1628)
4(1627 1628 1706 1705)
4(1699 1705 1706 1700)
4(1623 1701 1707 1629)
4(1628 1629 1707 1706)
4(1700 1706 1707 1701)
4(1624 1702 1708 1630)
4(1629 1630 1708 1707)
4(1701 1707 1708 1702)
4(1625 1703 1709 1631)
4(1630 1631 1709 1708)
4(1702 1708 1709 1703)
4(1631 217 232 1709)
4(1703 1709 232 233)
4(1628 1706 1711 1633)
4(1705 1710 1711 1706)
4(1629 1707 1712 1634)
4(1633 1634 1712 1711)
4(1706 1711 1712 1707)
4(1630 1708 1713 1635)
4(1634 1635 1713 1712)
4(1707 1712 1713 1708)
4(1631 1709 1714 1636)
4(1635 1636 1714 1713)
4(1708 1713 1714 1709)
4(1636 216 231 1714)
4(1709 1714 231 232)
4(1634 1712 1716 1638)
4(1711 1715 1716 1712)
4(1635 1713 1717 1639)
4(1638 1639 1717 1716)
4(1712 1716 1717 1713)
4(1636 1714 1718 1640)
4(1639 1640 1718 1717)
4(1713 1717 1718 1714)
4(1640 215 230 1718)
4(1714 1718 230 231)
4(1639 1717 1720 1642)
4(1716 1719 1720 1717)
4(1640 1718 1721 1643)
4(1642 1643 1721 1720)
4(1717 1720 1721 1718)
4(1643 214 229 1721)
4(1718 1721 229 230)
4(1643 1721 1723 1645)
4(1720 1722 1723 1721)
4(1645 213 228 1723)
4(1721 1723 228 229)
4(1723 952 99 228)
4(1647 242 257 1725)
4(22 1725 257 3)
4(1647 1725 1728 1650)
4(1649 1650 1728 1727)
4(1724 1727 1728 1725)
4(1650 241 256 1728)
4(1725 1728 256 257)
4(1649 1727 1731 1653)
4(1652 1653 1731 1730)
4(1726 1730 1731 1727)
4(1650 1728 1732 1654)
4(1653 1654 1732 1731)
4(1727 1731 1732 1728)
4(1654 240 255 1732)
4(1728 1732 255 256)
4(1652 1730 1735 1657)
4(1656 1657 1735 1734)
4(1729 1734 1735 1730)
4(1653 1731 1736 1658)
4(1657 1658 1736 1735)
4(1730 1735 1736 1731)
4(1654 1732 1737 1659)
4(1658 1659 1737 1736)
4(1731 1736 1737 1732)
4(1659 239 254 1737)
4(1732 1737 254 255)
4(1656 1734 1740 1662)
4(1661 1662 1740 1739)
4(1733 1739 1740 1734)
4(1657 1735 1741 1663)
4(1662 1663 1741 1740)
4(1734 1740 1741 1735)
4(1658 1736 1742 1664)
4(1663 1664 1742 1741)
4(1735 1741 1742 1736)
4(1659 1737 1743 1665)
4(1664 1665 1743 1742)
4(1736 1742 1743 1737)
4(1665 238 253 1743)
4(1737 1743 253 254)
4(1661 1739 1746 1668)
4(1667 1668 1746 1745)
4(1738 1745 1746 1739)
4(1662 1740 1747 1669)
4(1668 1669 1747 1746)
4(1739 1746 1747 1740)
4(1663 1741 1748 1670)
4(1669 1670 1748 1747)
4(1740 1747 1748 1741)
4(1664 1742 1749 1671)
4(1670 1671 1749 1748)
4(1741 1748 1749 1742)
4(1665 1743 1750 1672)
4(1671 1672 1750 1749)
4(1742 1749 1750 1743)
4(1672 237 252 1750)
4(1743 1750 252 253)
4(1667 1745 1753 1675)
4(1674 1675 1753 1752)
4(1744 1752 1753 1745)
4(1668 1746 1754 1676)
4(1675 1676 1754 1753)
4(1745 1753 1754 1746)
4(1669 1747 1755 1677)
4(1676 1677 1755 1754)
4(1746 1754 1755 1747)
4(1670 1748 1756 1678)
4(1677 1678 1756 1755)
4(1747 1755 1756 1748)
4(1671 1749 1757 1679)
4(1678 1679 1757 1756)
4(1748 1756 1757 1749)
4(1672 1750 1758 1680)
4(1679 1680 1758 1757)
4(1749 1757 1758 1750)
4(1680 236 251 1758)
4(1750 1758 251 252)
4(1674 1752 1760 1682)
4(1681 1682 1760 1759)
4(1751 1759 1760 1752)
4(1675 1753 1761 1683)
4(1682 1683 1761 1760)
4(1752 1760 1761 1753)
4(1676 1754 1762 1684)
4(1683 1684 1762 1761)
4(1753 1761 1762 1754)
4(1677 1755 1763 1685)
4(1684 1685 1763 1762)
4(1754 1762 1763 1755)
4(1678 1756 1764 1686)
4(1685 1686 1764 1763)
4(1755 1763 1764 1756)
4(1679 1757 1765 1687)
4(1686 1687 1765 1764)
4(1756 1764 1765 1757)
4(1680 1758 1766 1688)
4(1687 1688 1766 1765)
4(1757 1765 1766 1758)
4(1688 235 250 1766)
4(1758 1766 250 251)
4(1682 1760 1768 1690)
4(1759 1767 1768 1760)
4(1683 1761 1769 1691)
4(1690 1691 1769 1768)
4(1760 1768 1769 1761)
4(1684 1762 1770 1692)
4(1691 1692 1770 1769)
4(1761 1769 1770 1762)
4(1685 1763 1771 1693)
4(1692 1693 1771 1770)
4(1762 1770 1771 1763)
4(1686 1764 1772 1694)
4(1693 1694 1772 1771)
4(1763 1771 1772 1764)
4(1687 1765 1773 1695)
4(1694 1695 1773 1772)
4(1764 1772 1773 1765)
4(1688 1766 1774 1696)
4(1695 1696 1774 1773)
4(1765 1773 1774 1766)
4(1696 234 249 1774)
4(1766 1774 249 250)
4(1691 1769 1776 1698)
4(1768 1775 1776 1769)
4(1692 1770 1777 1699)
4(1698 1699 1777 1776)
4(1769 1776 1777 1770)
4(1693 1771 1778 1700)
4(1699 1700 1778 1777)
4(1770 1777 1778 1771)
4(1694 1772 1779 1701)
4(1700 1701 1779 1778)
4(1771 1778 1779 1772)
4(1695 1773 1780 1702)
4(1701 1702 1780 1779)
4(1772 1779 1780 1773)
4(1696 1774 1781 1703)
4(1702 1703 1781 1780)
4(1773 1780 1781 1774)
4(1703 233 248 1781)
4(1774 1781 248 249)
4(1699 1777 1783 1705)
4(1776 1782 1783 1777)
4(1700 1778 1784 1706)
4(1705 1706 1784 1783)
4(1777 1783 1784 1778)
4(1701 1779 1785 1707)
4(1706 1707 1785 1784)
4(1778 1784 1785 1779)
4(1702 1780 1786 1708)
4(1707 1708 1786 1785)
4(1779 1785 1786 1780)
4(1703 1781 1787 1709)
4(1708 1709 1787 1786)
4(1780 1786 1787 1781)
4(1709 232 247 1787)
4(1781 1787 247 248)
4(1706 1784 1789 1711)
4(1783 1788 1789 1784)
4(1707 1785 1790 1712)
4(1711 1712 1790 1789)
4(1784 1789 1790 1785)
4(1708 1786 1791 1713)
4(1712 1713 1791 1790)
4(1785 1790 1791 1786)
4(1709 1787 1792 1714)
4(1713 1714 1792 1791)
4(1786 1791 1792 1787)
4(1714 231 246 1792)
4(1787 1792 246 247)
4(1712 1790 1794 1716)
4(1789 1793 1794 1790)
4(1713 1791 1795 1717)
4(1716 1717 1795 1794)
4(1790 1794 1795 1791)
4(1714 1792 1796 1718)
4(1717 1718 1796 1795)
4(1791 1795 1796 1792)
4(1718 230 245 1796)
4(1792 1796 245 246)
4(1717 1795 1798 1720)
4(1794 1797 1798 1795)
4(1718 1796 1799 1721)
4(1720 1721 1799 1798)
4(1795 1798 1799 1796)
4(1721 229 244 1799)
4(1796 1799 244 245)
4(1721 1799 1801 1723)
4(1798 1800 1801 1799)
4(1723 228 243 1801)
4(1799 1801 243 244)
4(1801 953 98 243)
4(1725 257 83 954)
4(1725 954 955 1728)
4(1727 1728 955 970)
4(1728 256 84 955)
4(1727 970 971 1731)
4(1730 1731 971 985)
4(1728 955 956 1732)
4(1731 1732 956 971)
4(1732 255 85 956)
4(1730 985 986 1735)
4(1734 1735 986 998)
4(1731 971 972 1736)
4(1735 1736 972 986)
4(1732 956 957 1737)
4(1736 1737 957 972)
4(1737 254 86 957)
4(1734 998 999 1740)
4(1739 1740 999 1009)
4(1735 986 987 1741)
4(1740 1741 987 999)
4(1736 972 973 1742)
4(1741 1742 973 987)
4(1737 957 958 1743)
4(1742 1743 958 973)
4(1743 253 87 958)
4(1739 1009 1010 1746)
4(1745 1746 1010 1018)
4(1740 999 1000 1747)
4(1746 1747 1000 1010)
4(1741 987 988 1748)
4(1747 1748 988 1000)
4(1742 973 974 1749)
4(1748 1749 974 988)
4(1743 958 959 1750)
4(1749 1750 959 974)
4(1750 252 88 959)
4(1745 1018 1019 1753)
4(1752 1753 1019 1025)
4(1746 1010 1011 1754)
4(1753 1754 1011 1019)
4(1747 1000 1001 1755)
4(1754 1755 1001 1011)
4(1748 988 989 1756)
4(1755 1756 989 1001)
4(1749 974 975 1757)
4(1756 1757 975 989)
4(1750 959 960 1758)
4(1757 1758 960 975)
4(1758 251 89 960)
4(1752 1025 1026 1760)
4(1759 1760 1026 1030)
4(1753 1019 1020 1761)
4(1760 1761 1020 1026)
4(1754 1011 1012 1762)
4(1761 1762 1012 1020)
4(1755 1001 1002 1763)
4(1762 1763 1002 1012)
4(1756 989 990 1764)
4(1763 1764 990 1002)
4(1757 975 976 1765)
4(1764 1765 976 990)
4(1758 960 961 1766)
4(1765 1766 961 976)
4(1766 250 90 961)
4(1760 1026 1027 1768)
4(1761 1020 1021 1769)
4(1768 1769 1021 1027)
4(1762 1012 1013 1770)
4(1769 1770 1013 1021)
4(1763 1002 1003 1771)
4(1770 1771 1003 1013)
4(1764 990 991 1772)
4(1771 1772 991 1003)
4(1765 976 977 1773)
4(1772 1773 977 991)
4(1766 961 962 1774)
4(1773 1774 962 977)
4(1774 249 91 962)
4(1769 1021 1022 1776)
4(1770 1013 1014 1777)
4(1776 1777 1014 1022)
4(1771 1003 1004 1778)
4(1777 1778 1004 1014)
4(1772 991 992 1779)
4(1778 1779 992 1004)
4(1773 977 978 1780)
4(1779 1780 978 992)
4(1774 962 963 1781)
4(1780 1781 963 978)
4(1781 248 92 963)
4(1777 1014 1015 1783)
4(1778 1004 1005 1784)
4(1783 1784 1005 1015)
4(1779 992 993 1785)
4(1784 1785 993 1005)
4(1780 978 979 1786)
4(1785 1786 979 993)
4(1781 963 964 1787)
4(1786 1787 964 979)
4(1787 247 93 964)
4(1784 1005 1006 1789)
4(1785 993 994 1790)
4(1789 1790 994 1006)
4(1786 979 980 1791)
4(1790 1791 980 994)
4(1787 964 965 1792)
4(1791 1792 965 980)
4(1792 246 94 965)
4(1790 994 995 1794)
4(1791 980 981 1795)
4(1794 1795 981 995)
4(1792 965 966 1796)
4(1795 1796 966 981)
4(1796 245 95 966)
4(1795 981 982 1798)
4(1796 966 967 1799)
4(1798 1799 967 982)
4(1799 244 96 967)
4(1799 967 968 1801)
4(1801 243 97 968)
4(32 31 283 268)
4(268 283 284 269)
4(269 284 285 270)
4(270 285 286 271)
4(271 286 287 272)
4(272 287 288 273)
4(273 288 289 274)
4(274 289 290 275)
4(275 290 291 276)
4(276 291 292 277)
4(277 292 293 278)
4(278 293 294 279)
4(279 294 295 280)
4(280 295 296 281)
4(281 296 297 282)
4(282 297 266 267)
4(31 30 298 283)
4(283 298 299 284)
4(284 299 300 285)
4(285 300 301 286)
4(286 301 302 287)
4(287 302 303 288)
4(288 303 304 289)
4(289 304 305 290)
4(290 305 306 291)
4(291 306 307 292)
4(292 307 308 293)
4(293 308 309 294)
4(294 309 310 295)
4(295 310 311 296)
4(296 311 312 297)
4(297 312 265 266)
4(30 29 313 298)
4(298 313 314 299)
4(299 314 315 300)
4(300 315 316 301)
4(301 316 317 302)
4(302 317 318 303)
4(303 318 319 304)
4(304 319 320 305)
4(305 320 321 306)
4(306 321 322 307)
4(307 322 323 308)
4(308 323 324 309)
4(309 324 325 310)
4(310 325 326 311)
4(311 326 327 312)
4(312 327 264 265)
4(29 28 328 313)
4(313 328 329 314)
4(314 329 330 315)
4(315 330 331 316)
4(316 331 332 317)
4(317 332 333 318)
4(318 333 334 319)
4(319 334 335 320)
4(320 335 336 321)
4(321 336 337 322)
4(322 337 338 323)
4(323 338 339 324)
4(324 339 340 325)
4(325 340 341 326)
4(326 341 342 327)
4(327 342 263 264)
4(28 27 343 328)
4(328 343 344 329)
4(329 344 345 330)
4(330 345 346 331)
4(331 346 347 332)
4(332 347 348 333)
4(333 348 349 334)
4(334 349 350 335)
4(335 350 351 336)
4(336 351 352 337)
4(337 352 353 338)
4(338 353 354 339)
4(339 354 355 340)
4(340 355 356 341)
4(341 356 357 342)
4(342 357 262 263)
4(27 26 358 343)
4(343 358 359 344)
4(344 359 360 345)
4(345 360 361 346)
4(346 361 362 347)
4(347 362 363 348)
4(348 363 364 349)
4(349 364 365 350)
4(350 365 366 351)
4(351 366 367 352)
4(352 367 368 353)
4(353 368 369 354)
4(354 369 370 355)
4(355 370 371 356)
4(356 371 372 357)
4(357 372 261 262)
4(26 25 373 358)
4(358 373 374 359)
4(359 374 375 360)
4(360 375 376 361)
4(361 376 377 362)
4(362 377 378 363)
4(363 378 379 364)
4(364 379 380 365)
4(365 380 381 366)
4(366 381 382 367)
4(367 382 383 368)
4(368 383 384 369)
4(369 384 385 370)
4(370 385 386 371)
4(371 386 387 372)
4(372 387 260 261)
4(25 24 388 373)
4(373 388 389 374)
4(374 389 390 375)
4(375 390 391 376)
4(376 391 392 377)
4(377 392 393 378)
4(378 393 394 379)
4(379 394 395 380)
4(380 395 396 381)
4(381 396 397 382)
4(382 397 398 383)
4(383 398 399 384)
4(384 399 400 385)
4(385 400 401 386)
4(386 401 402 387)
4(387 402 259 260)
4(24 23 403 388)
4(388 403 404 389)
4(389 404 405 390)
4(390 405 406 391)
4(391 406 407 392)
4(392 407 408 393)
4(393 408 409 394)
4(394 409 410 395)
4(395 410 411 396)
4(396 411 412 397)
4(397 412 413 398)
4(398 413 414 399)
4(399 414 415 400)
4(400 415 416 401)
4(401 416 417 402)
4(402 417 258 259)
4(23 0 67 403)
4(403 67 68 404)
4(404 68 69 405)
4(405 69 70 406)
4(406 70 71 407)
4(407 71 72 408)
4(408 72 73 409)
4(409 73 74 410)
4(410 74 75 411)
4(411 75 76 412)
4(412 76 77 413)
4(413 77 78 414)
4(414 78 79 415)
4(415 79 80 416)
4(416 80 81 417)
4(417 81 66 258)
4(33 421 67 0)
4(421 422 68 67)
4(422 423 69 68)
4(423 424 70 69)
4(424 425 71 70)
4(425 426 72 71)
4(426 427 73 72)
4(427 428 74 73)
4(428 429 75 74)
4(429 430 76 75)
4(430 431 77 76)
4(431 432 78 77)
4(432 433 79 78)
4(433 434 80 79)
4(434 435 81 80)
4(435 418 66 81)
4(34 436 421 33)
4(436 437 422 421)
4(437 438 423 422)
4(438 439 424 423)
4(439 440 425 424)
4(440 441 426 425)
4(441 442 427 426)
4(442 443 428 427)
4(443 444 429 428)
4(444 445 430 429)
4(445 446 431 430)
4(446 447 432 431)
4(447 448 433 432)
4(448 449 434 433)
4(449 450 435 434)
4(450 419 418 435)
4(35 451 436 34)
4(451 452 437 436)
4(452 453 438 437)
4(453 454 439 438)
4(454 455 440 439)
4(455 456 441 440)
4(456 457 442 441)
4(457 458 443 442)
4(458 459 444 443)
4(459 460 445 444)
4(460 461 446 445)
4(461 462 447 446)
4(462 463 448 447)
4(463 464 449 448)
4(464 465 450 449)
4(465 420 419 450)
4(1 83 451 35)
4(83 84 452 451)
4(84 85 453 452)
4(85 86 454 453)
4(86 87 455 454)
4(87 88 456 455)
4(88 89 457 456)
4(89 90 458 457)
4(90 91 459 458)
4(91 92 460 459)
4(92 93 461 460)
4(93 94 462 461)
4(94 95 463 462)
4(95 96 464 463)
4(96 97 465 464)
4(97 82 420 465)
4(2 954 83 1)
4(954 955 84 83)
4(955 956 85 84)
4(956 957 86 85)
4(957 958 87 86)
4(958 959 88 87)
4(959 960 89 88)
4(960 961 90 89)
4(961 962 91 90)
4(962 963 92 91)
4(963 964 93 92)
4(964 965 94 93)
4(965 966 95 94)
4(966 967 96 95)
4(967 968 97 96)
4(968 946 82 97)
4(969 970 955 954)
4(970 971 956 955)
4(971 972 957 956)
4(972 973 958 957)
4(973 974 959 958)
4(974 975 960 959)
4(975 976 961 960)
4(976 977 962 961)
4(977 978 963 962)
4(978 979 964 963)
4(979 980 965 964)
4(980 981 966 965)
4(981 982 967 966)
4(982 983 968 967)
4(984 985 971 970)
4(985 986 972 971)
4(986 987 973 972)
4(987 988 974 973)
4(988 989 975 974)
4(989 990 976 975)
4(990 991 977 976)
4(991 992 978 977)
4(992 993 979 978)
4(993 994 980 979)
4(994 995 981 980)
4(995 996 982 981)
4(997 998 986 985)
4(998 999 987 986)
4(999 1000 988 987)
4(1000 1001 989 988)
4(1001 1002 990 989)
4(1002 1003 991 990)
4(1003 1004 992 991)
4(1004 1005 993 992)
4(1005 1006 994 993)
4(1006 1007 995 994)
4(1008 1009 999 998)
4(1009 1010 1000 999)
4(1010 1011 1001 1000)
4(1011 1012 1002 1001)
4(1012 1013 1003 1002)
4(1013 1014 1004 1003)
4(1014 1015 1005 1004)
4(1015 1016 1006 1005)
4(1017 1018 1010 1009)
4(1018 1019 1011 1010)
4(1019 1020 1012 1011)
4(1020 1021 1013 1012)
4(1021 1022 1014 1013)
4(1022 1023 1015 1014)
4(1024 1025 1019 1018)
4(1025 1026 1020 1019)
4(1026 1027 1021 1020)
4(1027 1028 1022 1021)
4(1029 1030 1026 1025)
4(1030 1031 1027 1026)
4(107 466 469 106)
4(108 107 106 123)
4(466 467 470 469)
4(467 468 471 470)
4(468 267 266 471)
4(106 469 472 105)
4(123 106 105 138)
4(469 470 473 472)
4(470 471 474 473)
4(471 266 265 474)
4(105 472 475 104)
4(138 105 104 153)
4(472 473 476 475)
4(473 474 477 476)
4(474 265 264 477)
4(104 475 478 103)
4(475 476 479 478)
4(476 477 480 479)
4(477 264 263 480)
4(103 478 481 102)
4(478 479 482 481)
4(479 480 483 482)
4(480 263 262 483)
4(102 481 484 101)
4(481 482 485 484)
4(482 483 486 485)
4(483 262 261 486)
4(101 484 487 100)
4(484 485 488 487)
4(485 486 489 488)
4(486 261 260 489)
4(100 487 490 99)
4(487 488 491 490)
4(488 489 492 491)
4(489 260 259 492)
4(99 490 493 98)
4(490 491 494 493)
4(491 492 495 494)
4(492 259 258 495)
4(98 493 420 82)
4(493 494 419 420)
4(494 495 418 419)
4(495 258 66 418)
4(104 103 948 947)
4(103 102 949 948)
4(102 101 950 949)
4(101 100 951 950)
4(100 99 952 951)
4(99 98 953 952)
4(98 82 946 953)
4(1075 1076 1148 1147)
4(1076 1077 1149 1148)
4(1077 1083 1156 1149)
4(1148 1149 1156 1155)
4(1083 1084 1157 1156)
4(1084 1089 1163 1157)
4(1156 1157 1163 1162)
4(1089 1090 1164 1163)
4(1090 1094 1169 1164)
4(1163 1164 1169 1168)
4(1094 1095 1170 1169)
4(1095 1098 1173 1170)
4(1098 1099 1174 1173)
4(1099 1101 1176 1174)
4(1101 1102 1177 1176)
4(1102 1103 1178 1177)
4(1103 108 123 1178)
4(1139 1147 1222 1214)
4(1147 1148 1223 1222)
4(1148 1155 1230 1223)
4(1155 1156 1231 1230)
4(1156 1162 1237 1231)
4(1162 1163 1238 1237)
4(1163 1168 1243 1238)
4(1168 1169 1244 1243)
4(1169 1170 1245 1244)
4(1170 1173 1249 1245)
4(1244 1245 1249 1248)
4(1173 1174 1250 1249)
4(1174 1176 1253 1250)
4(1249 1250 1253 1252)
4(1176 1177 1254 1253)
4(1177 1178 1255 1254)
4(1178 123 138 1255)
4(1214 1222 1299 1291)
4(1222 1223 1300 1299)
4(1223 1230 1307 1300)
4(1230 1231 1308 1307)
4(1231 1237 1314 1308)
4(1237 1238 1315 1314)
4(1238 1243 1320 1315)
4(1243 1244 1321 1320)
4(1244 1248 1325 1321)
4(1248 1249 1326 1325)
4(1249 1252 1329 1326)
4(1252 1253 1330 1329)
4(1253 1254 1331 1330)
4(1254 1255 1333 1331)
4(1330 1331 1333 1332)
4(1255 138 153 1333)
4(1333 153 104 947)
4(1291 1299 1377 1369)
4(1299 1300 1378 1377)
4(1300 1307 1385 1378)
4(1307 1308 1386 1385)
4(1308 1314 1392 1386)
4(1314 1315 1393 1392)
4(1315 1320 1398 1393)
4(1320 1321 1399 1398)
4(1321 1325 1403 1399)
4(1325 1326 1404 1403)
4(1326 1329 1407 1404)
4(1329 1330 1408 1407)
4(1330 1332 1410 1408)
4(1332 1333 1411 1410)
4(1333 947 948 1411)
4(1369 1377 1455 1447)
4(1377 1378 1456 1455)
4(1378 1385 1463 1456)
4(1385 1386 1464 1463)
4(1386 1392 1470 1464)
4(1392 1393 1471 1470)
4(1393 1398 1476 1471)
4(1398 1399 1477 1476)
4(1399 1403 1481 1477)
4(1403 1404 1482 1481)
4(1404 1407 1485 1482)
4(1407 1408 1486 1485)
4(1408 1410 1488 1486)
4(1410 1411 1489 1488)
4(1411 948 949 1489)
4(1447 1455 1533 1525)
4(1455 1456 1534 1533)
4(1456 1463 1541 1534)
4(1463 1464 1542 1541)
4(1464 1470 1548 1542)
4(1470 1471 1549 1548)
4(1471 1476 1554 1549)
4(1476 1477 1555 1554)
4(1477 1481 1559 1555)
4(1481 1482 1560 1559)
4(1482 1485 1563 1560)
4(1485 1486 1564 1563)
4(1486 1488 1566 1564)
4(1488 1489 1567 1566)
4(1489 949 950 1567)
4(1525 1533 1611 1603)
4(1533 1534 1612 1611)
4(1534 1541 1619 1612)
4(1541 1542 1620 1619)
4(1542 1548 1626 1620)
4(1548 1549 1627 1626)
4(1549 1554 1632 1627)
4(1554 1555 1633 1632)
4(1555 1559 1637 1633)
4(1559 1560 1638 1637)
4(1560 1563 1641 1638)
4(1563 1564 1642 1641)
4(1564 1566 1644 1642)
4(1566 1567 1645 1644)
4(1567 950 951 1645)
4(1603 1611 1689 1681)
4(1611 1612 1690 1689)
4(1612 1619 1697 1690)
4(1619 1620 1698 1697)
4(1620 1626 1704 1698)
4(1626 1627 1705 1704)
4(1627 1632 1710 1705)
4(1632 1633 1711 1710)
4(1633 1637 1715 1711)
4(1637 1638 1716 1715)
4(1638 1641 1719 1716)
4(1641 1642 1720 1719)
4(1642 1644 1722 1720)
4(1644 1645 1723 1722)
4(1645 951 952 1723)
4(1681 1689 1767 1759)
4(1689 1690 1768 1767)
4(1690 1697 1775 1768)
4(1697 1698 1776 1775)
4(1698 1704 1782 1776)
4(1704 1705 1783 1782)
4(1705 1710 1788 1783)
4(1710 1711 1789 1788)
4(1711 1715 1793 1789)
4(1715 1716 1794 1793)
4(1716 1719 1797 1794)
4(1719 1720 1798 1797)
4(1720 1722 1800 1798)
4(1722 1723 1801 1800)
4(1723 952 953 1801)
4(1759 1767 1031 1030)
4(1767 1768 1027 1031)
4(1768 1775 1028 1027)
4(1775 1776 1022 1028)
4(1776 1782 1023 1022)
4(1782 1783 1015 1023)
4(1783 1788 1016 1015)
4(1788 1789 1006 1016)
4(1789 1793 1007 1006)
4(1793 1794 995 1007)
4(1794 1797 996 995)
4(1797 1798 982 996)
4(1798 1800 983 982)
4(1800 1801 968 983)
4(1801 953 946 968)
4(1067 1075 1147 1139)
4(12 11 39 36)
4(13 14 11 12)
4(36 39 40 37)
4(37 40 41 38)
4(38 41 31 32)
4(11 10 42 39)
4(14 15 10 11)
4(39 42 43 40)
4(40 43 44 41)
4(41 44 30 31)
4(10 9 45 42)
4(15 16 9 10)
4(42 45 46 43)
4(43 46 47 44)
4(44 47 29 30)
4(9 8 48 45)
4(16 17 8 9)
4(45 48 49 46)
4(46 49 50 47)
4(47 50 28 29)
4(8 7 51 48)
4(17 18 7 8)
4(48 51 52 49)
4(49 52 53 50)
4(50 53 27 28)
4(7 6 54 51)
4(18 19 6 7)
4(51 54 55 52)
4(52 55 56 53)
4(53 56 26 27)
4(6 5 57 54)
4(19 20 5 6)
4(54 57 58 55)
4(55 58 59 56)
4(56 59 25 26)
4(5 4 60 57)
4(20 21 4 5)
4(57 60 61 58)
4(58 61 62 59)
4(59 62 24 25)
4(4 3 63 60)
4(21 22 3 4)
4(60 63 64 61)
4(61 64 65 62)
4(62 65 23 24)
4(3 1 35 63)
4(22 2 1 3)
4(63 35 34 64)
4(64 34 33 65)
4(65 33 0 23)
4(13 1033 1105 14)
4(1032 1104 1105 1033)
4(1032 1035 1107 1104)
4(1034 1106 1107 1035)
4(1034 1038 1110 1106)
4(1037 1109 1110 1038)
4(1037 1042 1114 1109)
4(1041 1113 1114 1042)
4(1041 1047 1119 1113)
4(1046 1118 1119 1047)
4(1046 1053 1125 1118)
4(1052 1124 1125 1053)
4(1052 1060 1132 1124)
4(1059 1131 1132 1060)
4(1059 1067 1139 1131)
4(14 1105 1180 15)
4(1104 1179 1180 1105)
4(1104 1107 1182 1179)
4(1106 1181 1182 1107)
4(1106 1110 1185 1181)
4(1109 1184 1185 1110)
4(1109 1114 1189 1184)
4(1113 1188 1189 1114)
4(1113 1119 1194 1188)
4(1118 1193 1194 1119)
4(1118 1125 1200 1193)
4(1124 1199 1200 1125)
4(1124 1132 1207 1199)
4(1131 1206 1207 1132)
4(1131 1139 1214 1206)
4(15 1180 1257 16)
4(1179 1256 1257 1180)
4(1179 1182 1259 1256)
4(1181 1258 1259 1182)
4(1181 1185 1262 1258)
4(1184 1261 1262 1185)
4(1184 1189 1266 1261)
4(1188 1265 1266 1189)
4(1188 1194 1271 1265)
4(1193 1270 1271 1194)
4(1193 1200 1277 1270)
4(1199 1276 1277 1200)
4(1199 1207 1284 1276)
4(1206 1283 1284 1207)
4(1206 1214 1291 1283)
4(16 1257 1335 17)
4(1256 1334 1335 1257)
4(1256 1259 1337 1334)
4(1258 1336 1337 1259)
4(1258 1262 1340 1336)
4(1261 1339 1340 1262)
4(1261 1266 1344 1339)
4(1265 1343 1344 1266)
4(1265 1271 1349 1343)
4(1270 1348 1349 1271)
4(1270 1277 1355 1348)
4(1276 1354 1355 1277)
4(1276 1284 1362 1354)
4(1283 1361 1362 1284)
4(1283 1291 1369 1361)
4(17 1335 1413 18)
4(1334 1412 1413 1335)
4(1334 1337 1415 1412)
4(1336 1414 1415 1337)
4(1336 1340 1418 1414)
4(1339 1417 1418 1340)
4(1339 1344 1422 1417)
4(1343 1421 1422 1344)
4(1343 1349 1427 1421)
4(1348 1426 1427 1349)
4(1348 1355 1433 1426)
4(1354 1432 1433 1355)
4(1354 1362 1440 1432)
4(1361 1439 1440 1362)
4(1361 1369 1447 1439)
4(18 1413 1491 19)
4(1412 1490 1491 1413)
4(1412 1415 1493 1490)
4(1414 1492 1493 1415)
4(1414 1418 1496 1492)
4(1417 1495 1496 1418)
4(1417 1422 1500 1495)
4(1421 1499 1500 1422)
4(1421 1427 1505 1499)
4(1426 1504 1505 1427)
4(1426 1433 1511 1504)
4(1432 1510 1511 1433)
4(1432 1440 1518 1510)
4(1439 1517 1518 1440)
4(1439 1447 1525 1517)
4(19 1491 1569 20)
4(1490 1568 1569 1491)
4(1490 1493 1571 1568)
4(1492 1570 1571 1493)
4(1492 1496 1574 1570)
4(1495 1573 1574 1496)
4(1495 1500 1578 1573)
4(1499 1577 1578 1500)
4(1499 1505 1583 1577)
4(1504 1582 1583 1505)
4(1504 1511 1589 1582)
4(1510 1588 1589 1511)
4(1510 1518 1596 1588)
4(1517 1595 1596 1518)
4(1517 1525 1603 1595)
4(20 1569 1647 21)
4(1568 1646 1647 1569)
4(1568 1571 1649 1646)
4(1570 1648 1649 1571)
4(1570 1574 1652 1648)
4(1573 1651 1652 1574)
4(1573 1578 1656 1651)
4(1577 1655 1656 1578)
4(1577 1583 1661 1655)
4(1582 1660 1661 1583)
4(1582 1589 1667 1660)
4(1588 1666 1667 1589)
4(1588 1596 1674 1666)
4(1595 1673 1674 1596)
4(1595 1603 1681 1673)
4(21 1647 1725 22)
4(1646 1724 1725 1647)
4(1646 1649 1727 1724)
4(1648 1726 1727 1649)
4(1648 1652 1730 1726)
4(1651 1729 1730 1652)
4(1651 1656 1734 1729)
4(1655 1733 1734 1656)
4(1655 1661 1739 1733)
4(1660 1738 1739 1661)
4(1660 1667 1745 1738)
4(1666 1744 1745 1667)
4(1666 1674 1752 1744)
4(1673 1751 1752 1674)
4(1673 1681 1759 1751)
4(22 1725 954 2)
4(1724 969 954 1725)
4(1724 1727 970 969)
4(1726 984 970 1727)
4(1726 1730 985 984)
4(1729 997 985 1730)
4(1729 1734 998 997)
4(1733 1008 998 1734)
4(1733 1739 1009 1008)
4(1738 1017 1009 1739)
4(1738 1745 1018 1017)
4(1744 1024 1018 1745)
4(1744 1752 1025 1024)
4(1751 1029 1025 1752)
4(1751 1759 1030 1029)
4(1067 1068 1076 1075)
4(12 36 496 122)
4(122 496 497 121)
4(121 497 498 120)
4(120 498 499 119)
4(119 499 500 118)
4(118 500 501 117)
4(117 501 502 116)
4(116 502 503 115)
4(115 503 504 114)
4(114 504 505 113)
4(113 505 506 112)
4(112 506 507 111)
4(111 507 508 110)
4(110 508 509 109)
4(109 509 510 108)
4(108 510 466 107)
4(36 37 511 496)
4(496 511 512 497)
4(497 512 513 498)
4(498 513 514 499)
4(499 514 515 500)
4(500 515 516 501)
4(501 516 517 502)
4(502 517 518 503)
4(503 518 519 504)
4(504 519 520 505)
4(505 520 521 506)
4(506 521 522 507)
4(507 522 523 508)
4(508 523 524 509)
4(509 524 525 510)
4(510 525 467 466)
4(37 38 526 511)
4(511 526 527 512)
4(512 527 528 513)
4(513 528 529 514)
4(514 529 530 515)
4(515 530 531 516)
4(516 531 532 517)
4(517 532 533 518)
4(518 533 534 519)
4(519 534 535 520)
4(520 535 536 521)
4(521 536 537 522)
4(522 537 538 523)
4(523 538 539 524)
4(524 539 540 525)
4(525 540 468 467)
4(38 32 268 526)
4(526 268 269 527)
4(527 269 270 528)
4(528 270 271 529)
4(529 271 272 530)
4(530 272 273 531)
4(531 273 274 532)
4(532 274 275 533)
4(533 275 276 534)
4(534 276 277 535)
4(535 277 278 536)
4(536 278 279 537)
4(537 279 280 538)
4(538 280 281 539)
4(539 281 282 540)
4(540 282 267 468)
4(13 12 122 1033)
4(1032 1033 1036 1035)
4(1033 122 121 1036)
4(1034 1035 1039 1038)
4(1035 1036 1040 1039)
4(1036 121 120 1040)
4(1037 1038 1043 1042)
4(1038 1039 1044 1043)
4(1039 1040 1045 1044)
4(1040 120 119 1045)
4(1041 1042 1048 1047)
4(1042 1043 1049 1048)
4(1043 1044 1050 1049)
4(1044 1045 1051 1050)
4(1045 119 118 1051)
4(1046 1047 1054 1053)
4(1047 1048 1055 1054)
4(1048 1049 1056 1055)
4(1049 1050 1057 1056)
4(1050 1051 1058 1057)
4(1051 118 117 1058)
4(1052 1053 1061 1060)
4(1053 1054 1062 1061)
4(1054 1055 1063 1062)
4(1055 1056 1064 1063)
4(1056 1057 1065 1064)
4(1057 1058 1066 1065)
4(1058 117 116 1066)
4(1060 1061 1069 1068)
4(1061 1062 1070 1069)
4(1062 1063 1071 1070)
4(1063 1064 1072 1071)
4(1064 1065 1073 1072)
4(1065 1066 1074 1073)
4(1066 116 115 1074)
4(1068 1069 1077 1076)
4(1069 1070 1078 1077)
4(1070 1071 1079 1078)
4(1071 1072 1080 1079)
4(1072 1073 1081 1080)
4(1073 1074 1082 1081)
4(1074 115 114 1082)
4(1077 1078 1084 1083)
4(1078 1079 1085 1084)
4(1079 1080 1086 1085)
4(1080 1081 1087 1086)
4(1081 1082 1088 1087)
4(1082 114 113 1088)
4(1084 1085 1090 1089)
4(1085 1086 1091 1090)
4(1086 1087 1092 1091)
4(1087 1088 1093 1092)
4(1088 113 112 1093)
4(1090 1091 1095 1094)
4(1091 1092 1096 1095)
4(1092 1093 1097 1096)
4(1093 112 111 1097)
4(1095 1096 1099 1098)
4(1096 1097 1100 1099)
4(1097 111 110 1100)
4(1099 1100 1102 1101)
4(1100 110 109 1102)
4(1102 109 108 1103)
4(1059 1060 1068 1067)
)


// ************************************************************************* //
