/*--------------------------------*- C++ -*----------------------------------*\
| =========                 |                                                 |
| \\      /  F ield         | OpenFOAM: The Open Source CFD Toolbox           |
|  \\    /   O peration     | Version:  4.x                                   |
|   \\  /    A nd           | Web:      www.OpenFOAM.org                      |
|    \\/     M anipulation  |                                                 |
\*---------------------------------------------------------------------------*/
FoamFile
{
    version     2.0;
    format      ascii;
    class       labelList;
    note        "nPoints: 1802 nCells: 1347 nFaces: 4457 nInternalFaces: 3625";
    location    "constant/polyMesh";
    object      neighbour;
}
// * * * * * * * * * * * * * * * * * * * * * * * * * * * * * * * * * * * * * //


3625
(
1
16
64
640
2
17
65
642
3
18
66
645
4
19
67
649
5
20
68
654
6
21
69
660
7
22
70
667
8
23
71
675
9
24
72
683
10
25
73
689
11
26
74
694
12
27
75
698
13
28
76
701
14
29
77
703
15
30
78
704
31
79
17
32
80
18
33
81
19
34
82
20
35
83
21
36
84
22
37
85
23
38
86
24
39
87
25
40
88
26
41
89
27
42
90
28
43
91
29
44
92
30
45
93
31
46
94
47
95
33
48
96
34
49
97
35
50
98
36
51
99
37
52
100
38
53
101
39
54
102
40
55
103
41
56
104
42
57
105
43
58
106
44
59
107
45
60
108
46
61
109
47
62
110
63
111
49
112
50
113
51
114
52
115
53
116
54
117
55
118
56
119
57
120
58
121
59
122
60
123
61
124
62
125
63
126
127
65
80
128
705
66
81
129
707
67
82
130
710
68
83
131
714
69
84
132
719
70
85
133
725
71
86
134
732
72
87
135
740
73
88
136
748
74
89
137
755
75
90
138
761
76
91
139
766
77
92
140
769
78
93
141
771
79
94
142
772
95
143
81
96
144
82
97
145
83
98
146
84
99
147
85
100
148
86
101
149
87
102
150
88
103
151
89
104
152
90
105
153
91
106
154
92
107
155
93
108
156
94
109
157
95
110
158
111
159
97
112
160
98
113
161
99
114
162
100
115
163
101
116
164
102
117
165
103
118
166
104
119
167
105
120
168
106
121
169
107
122
170
108
123
171
109
124
172
110
125
173
111
126
174
127
175
113
176
114
177
115
178
116
179
117
180
118
181
119
182
120
183
121
184
122
185
123
186
124
187
125
188
126
189
127
190
191
129
144
192
773
130
145
193
775
131
146
194
778
132
147
195
782
133
148
196
787
134
149
197
793
135
150
198
800
136
151
199
808
137
152
200
816
138
153
201
823
139
154
202
829
140
155
203
834
141
156
204
838
142
157
205
841
143
158
206
842
159
207
145
160
208
146
161
209
147
162
210
148
163
211
149
164
212
150
165
213
151
166
214
152
167
215
153
168
216
154
169
217
155
170
218
156
171
219
157
172
220
158
173
221
159
174
222
175
223
161
176
224
162
177
225
163
178
226
164
179
227
165
180
228
166
181
229
167
182
230
168
183
231
169
184
232
170
185
233
171
186
234
172
187
235
173
188
236
174
189
237
175
190
238
191
239
177
240
178
241
179
242
180
243
181
244
182
245
183
246
184
247
185
248
186
249
187
250
188
251
189
252
190
253
191
254
255
193
208
256
843
194
209
257
845
195
210
258
848
196
211
259
852
197
212
260
857
198
213
261
863
199
214
262
870
200
215
263
878
201
216
264
886
202
217
265
893
203
218
266
899
204
219
267
904
205
220
268
908
206
221
269
911
207
222
270
913
223
271
914
209
224
272
210
225
273
211
226
274
212
227
275
213
228
276
214
229
277
215
230
278
216
231
279
217
232
280
218
233
281
219
234
282
220
235
283
221
236
284
222
237
285
223
238
286
239
287
225
240
288
226
241
289
227
242
290
228
243
291
229
244
292
230
245
293
231
246
294
232
247
295
233
248
296
234
249
297
235
250
298
236
251
299
237
252
300
238
253
301
239
254
302
255
303
241
304
242
305
243
306
244
307
245
308
246
309
247
310
248
311
249
312
250
313
251
314
252
315
253
316
254
317
255
318
319
257
272
320
915
258
273
321
917
259
274
322
920
260
275
323
924
261
276
324
929
262
277
325
935
263
278
326
942
264
279
327
950
265
280
328
958
266
281
329
965
267
282
330
971
268
283
331
976
269
284
332
980
270
285
333
983
271
286
334
985
287
335
986
273
288
336
274
289
337
275
290
338
276
291
339
277
292
340
278
293
341
279
294
342
280
295
343
281
296
344
282
297
345
283
298
346
284
299
347
285
300
348
286
301
349
287
302
350
303
351
289
304
352
290
305
353
291
306
354
292
307
355
293
308
356
294
309
357
295
310
358
296
311
359
297
312
360
298
313
361
299
314
362
300
315
363
301
316
364
302
317
365
303
318
366
319
367
305
368
306
369
307
370
308
371
309
372
310
373
311
374
312
375
313
376
314
377
315
378
316
379
317
380
318
381
319
382
383
321
336
384
987
322
337
385
989
323
338
386
992
324
339
387
996
325
340
388
1001
326
341
389
1007
327
342
390
1014
328
343
391
1022
329
344
392
1030
330
345
393
1037
331
346
394
1043
332
347
395
1048
333
348
396
1052
334
349
397
1055
335
350
398
1057
351
399
1058
337
352
400
338
353
401
339
354
402
340
355
403
341
356
404
342
357
405
343
358
406
344
359
407
345
360
408
346
361
409
347
362
410
348
363
411
349
364
412
350
365
413
351
366
414
367
415
353
368
416
354
369
417
355
370
418
356
371
419
357
372
420
358
373
421
359
374
422
360
375
423
361
376
424
362
377
425
363
378
426
364
379
427
365
380
428
366
381
429
367
382
430
383
431
369
432
370
433
371
434
372
435
373
436
374
437
375
438
376
439
377
440
378
441
379
442
380
443
381
444
382
445
383
446
447
385
400
448
1059
386
401
449
1061
387
402
450
1064
388
403
451
1068
389
404
452
1073
390
405
453
1079
391
406
454
1086
392
407
455
1094
393
408
456
1102
394
409
457
1109
395
410
458
1115
396
411
459
1120
397
412
460
1124
398
413
461
1127
399
414
462
1129
415
463
1130
401
416
464
402
417
465
403
418
466
404
419
467
405
420
468
406
421
469
407
422
470
408
423
471
409
424
472
410
425
473
411
426
474
412
427
475
413
428
476
414
429
477
415
430
478
431
479
417
432
480
418
433
481
419
434
482
420
435
483
421
436
484
422
437
485
423
438
486
424
439
487
425
440
488
426
441
489
427
442
490
428
443
491
429
444
492
430
445
493
431
446
494
447
495
433
496
434
497
435
498
436
499
437
500
438
501
439
502
440
503
441
504
442
505
443
506
444
507
445
508
446
509
447
510
511
449
464
512
1131
450
465
513
1133
451
466
514
1136
452
467
515
1140
453
468
516
1145
454
469
517
1151
455
470
518
1158
456
471
519
1166
457
472
520
1174
458
473
521
1181
459
474
522
1187
460
475
523
1192
461
476
524
1196
462
477
525
1199
463
478
526
1201
479
527
1202
465
480
528
466
481
529
467
482
530
468
483
531
469
484
532
470
485
533
471
486
534
472
487
535
473
488
536
474
489
537
475
490
538
476
491
539
477
492
540
478
493
541
479
494
542
495
543
481
496
544
482
497
545
483
498
546
484
499
547
485
500
548
486
501
549
487
502
550
488
503
551
489
504
552
490
505
553
491
506
554
492
507
555
493
508
556
494
509
557
495
510
558
511
559
497
560
498
561
499
562
500
563
501
564
502
565
503
566
504
567
505
568
506
569
507
570
508
571
509
572
510
573
511
574
575
513
528
576
1203
514
529
577
1205
515
530
578
1208
516
531
579
1212
517
532
580
1217
518
533
581
1223
519
534
582
1230
520
535
583
1238
521
536
584
1246
522
537
585
1253
523
538
586
1259
524
539
587
1264
525
540
588
1268
526
541
589
1271
527
542
590
1273
543
591
1274
529
544
592
530
545
593
531
546
594
532
547
595
533
548
596
534
549
597
535
550
598
536
551
599
537
552
600
538
553
601
539
554
602
540
555
603
541
556
604
542
557
605
543
558
606
559
607
545
560
608
546
561
609
547
562
610
548
563
611
549
564
612
550
565
613
551
566
614
552
567
615
553
568
616
554
569
617
555
570
618
556
571
619
557
572
620
558
573
621
559
574
622
575
623
561
624
562
625
563
626
564
627
565
628
566
629
567
630
568
631
569
632
570
633
571
634
572
635
573
636
574
637
575
638
639
577
592
1275
578
593
1277
579
594
1280
580
595
1284
581
596
1289
582
597
1295
583
598
1302
584
599
1310
585
600
1318
586
601
1325
587
602
1331
588
603
1336
589
604
1340
590
605
1343
591
606
1345
607
1346
593
608
594
609
595
610
596
611
597
612
598
613
599
614
600
615
601
616
602
617
603
618
604
619
605
620
606
621
607
622
623
609
624
610
625
611
626
612
627
613
628
614
629
615
630
616
631
617
632
618
633
619
634
620
635
621
636
622
637
623
638
639
625
626
627
628
629
630
631
632
633
634
635
636
637
638
639
642
705
642
644
706
645
707
644
647
708
645
648
709
649
710
647
651
711
648
652
712
649
653
713
654
714
651
656
715
652
657
716
653
658
717
654
659
718
660
719
656
662
720
657
663
721
658
664
722
659
665
723
660
666
724
667
725
662
669
726
663
670
727
664
671
728
665
672
729
666
673
730
667
674
731
675
732
669
676
733
670
677
734
671
678
735
672
679
736
673
680
737
674
681
738
675
682
739
683
740
677
741
678
742
679
684
743
680
685
744
681
686
745
682
687
746
683
688
747
689
748
685
750
686
690
751
687
691
752
688
692
753
689
693
754
694
755
691
757
692
695
758
693
696
759
694
697
760
698
761
696
763
697
699
764
698
700
765
701
766
700
767
701
702
768
703
769
703
770
704
771
772
707
773
707
709
774
710
775
709
712
776
710
713
777
714
778
712
716
779
713
717
780
714
718
781
719
782
716
721
783
717
722
784
718
723
785
719
724
786
725
787
721
727
788
722
728
789
723
729
790
724
730
791
725
731
792
732
793
727
734
794
728
735
795
729
736
796
730
737
797
731
738
798
732
739
799
740
800
734
741
801
735
742
802
736
743
803
737
744
804
738
745
805
739
746
806
740
747
807
748
808
742
809
743
749
810
744
750
811
745
751
812
746
752
813
747
753
814
748
754
815
755
816
750
817
751
756
818
752
757
819
753
758
820
754
759
821
755
760
822
761
823
757
824
758
762
825
759
763
826
760
764
827
761
765
828
766
829
763
830
764
831
765
767
832
766
768
833
769
834
768
836
769
770
837
771
838
771
840
772
841
842
775
843
775
777
844
778
845
777
780
846
778
781
847
782
848
780
784
849
781
785
850
782
786
851
787
852
784
789
853
785
790
854
786
791
855
787
792
856
793
857
789
795
858
790
796
859
791
797
860
792
798
861
793
799
862
800
863
795
802
864
796
803
865
797
804
866
798
805
867
799
806
868
800
807
869
808
870
802
809
871
803
810
872
804
811
873
805
812
874
806
813
875
807
814
876
808
815
877
816
878
810
879
811
817
880
812
818
881
813
819
882
814
820
883
815
821
884
816
822
885
823
886
818
887
819
824
888
820
825
889
821
826
890
822
827
891
823
828
892
829
893
825
894
826
830
895
827
831
896
828
832
897
829
833
898
834
899
831
900
832
835
901
833
836
902
834
837
903
838
904
836
905
837
839
906
838
840
907
841
908
840
909
841
910
842
911
913
845
915
845
847
916
848
917
847
850
918
848
851
919
852
920
850
854
921
851
855
922
852
856
923
857
924
854
859
925
855
860
926
856
861
927
857
862
928
863
929
859
865
930
860
866
931
861
867
932
862
868
933
863
869
934
870
935
865
872
936
866
873
937
867
874
938
868
875
939
869
876
940
870
877
941
878
942
872
879
943
873
880
944
874
881
945
875
882
946
876
883
947
877
884
948
878
885
949
886
950
880
951
881
887
952
882
888
953
883
889
954
884
890
955
885
891
956
886
892
957
893
958
888
959
889
894
960
890
895
961
891
896
962
892
897
963
893
898
964
899
965
895
966
896
900
967
897
901
968
898
902
969
899
903
970
904
971
901
972
902
905
973
903
906
974
904
907
975
908
976
906
977
907
909
978
908
910
979
911
980
910
981
911
912
982
913
983
913
984
914
985
986
917
987
917
919
988
920
989
919
922
990
920
923
991
924
992
922
926
993
923
927
994
924
928
995
929
996
926
931
997
927
932
998
928
933
999
929
934
1000
935
1001
931
937
1002
932
938
1003
933
939
1004
934
940
1005
935
941
1006
942
1007
937
944
1008
938
945
1009
939
946
1010
940
947
1011
941
948
1012
942
949
1013
950
1014
944
951
1015
945
952
1016
946
953
1017
947
954
1018
948
955
1019
949
956
1020
950
957
1021
958
1022
952
1023
953
959
1024
954
960
1025
955
961
1026
956
962
1027
957
963
1028
958
964
1029
965
1030
960
1031
961
966
1032
962
967
1033
963
968
1034
964
969
1035
965
970
1036
971
1037
967
1038
968
972
1039
969
973
1040
970
974
1041
971
975
1042
976
1043
973
1044
974
977
1045
975
978
1046
976
979
1047
980
1048
978
1049
979
981
1050
980
982
1051
983
1052
982
1053
983
984
1054
985
1055
985
1056
986
1057
1058
989
1059
989
991
1060
992
1061
991
994
1062
992
995
1063
996
1064
994
998
1065
995
999
1066
996
1000
1067
1001
1068
998
1003
1069
999
1004
1070
1000
1005
1071
1001
1006
1072
1007
1073
1003
1009
1074
1004
1010
1075
1005
1011
1076
1006
1012
1077
1007
1013
1078
1014
1079
1009
1016
1080
1010
1017
1081
1011
1018
1082
1012
1019
1083
1013
1020
1084
1014
1021
1085
1022
1086
1016
1023
1087
1017
1024
1088
1018
1025
1089
1019
1026
1090
1020
1027
1091
1021
1028
1092
1022
1029
1093
1030
1094
1024
1095
1025
1031
1096
1026
1032
1097
1027
1033
1098
1028
1034
1099
1029
1035
1100
1030
1036
1101
1037
1102
1032
1103
1033
1038
1104
1034
1039
1105
1035
1040
1106
1036
1041
1107
1037
1042
1108
1043
1109
1039
1110
1040
1044
1111
1041
1045
1112
1042
1046
1113
1043
1047
1114
1048
1115
1045
1116
1046
1049
1117
1047
1050
1118
1048
1051
1119
1052
1120
1050
1121
1051
1053
1122
1052
1054
1123
1055
1124
1054
1125
1055
1056
1126
1057
1127
1057
1128
1058
1129
1130
1061
1131
1061
1063
1132
1064
1133
1063
1066
1134
1064
1067
1135
1068
1136
1066
1070
1137
1067
1071
1138
1068
1072
1139
1073
1140
1070
1075
1141
1071
1076
1142
1072
1077
1143
1073
1078
1144
1079
1145
1075
1081
1146
1076
1082
1147
1077
1083
1148
1078
1084
1149
1079
1085
1150
1086
1151
1081
1088
1152
1082
1089
1153
1083
1090
1154
1084
1091
1155
1085
1092
1156
1086
1093
1157
1094
1158
1088
1095
1159
1089
1096
1160
1090
1097
1161
1091
1098
1162
1092
1099
1163
1093
1100
1164
1094
1101
1165
1102
1166
1096
1167
1097
1103
1168
1098
1104
1169
1099
1105
1170
1100
1106
1171
1101
1107
1172
1102
1108
1173
1109
1174
1104
1175
1105
1110
1176
1106
1111
1177
1107
1112
1178
1108
1113
1179
1109
1114
1180
1115
1181
1111
1182
1112
1116
1183
1113
1117
1184
1114
1118
1185
1115
1119
1186
1120
1187
1117
1188
1118
1121
1189
1119
1122
1190
1120
1123
1191
1124
1192
1122
1193
1123
1125
1194
1124
1126
1195
1127
1196
1126
1197
1127
1128
1198
1129
1199
1129
1200
1130
1201
1202
1133
1203
1133
1135
1204
1136
1205
1135
1138
1206
1136
1139
1207
1140
1208
1138
1142
1209
1139
1143
1210
1140
1144
1211
1145
1212
1142
1147
1213
1143
1148
1214
1144
1149
1215
1145
1150
1216
1151
1217
1147
1153
1218
1148
1154
1219
1149
1155
1220
1150
1156
1221
1151
1157
1222
1158
1223
1153
1160
1224
1154
1161
1225
1155
1162
1226
1156
1163
1227
1157
1164
1228
1158
1165
1229
1166
1230
1160
1167
1231
1161
1168
1232
1162
1169
1233
1163
1170
1234
1164
1171
1235
1165
1172
1236
1166
1173
1237
1174
1238
1168
1239
1169
1175
1240
1170
1176
1241
1171
1177
1242
1172
1178
1243
1173
1179
1244
1174
1180
1245
1181
1246
1176
1247
1177
1182
1248
1178
1183
1249
1179
1184
1250
1180
1185
1251
1181
1186
1252
1187
1253
1183
1254
1184
1188
1255
1185
1189
1256
1186
1190
1257
1187
1191
1258
1192
1259
1189
1260
1190
1193
1261
1191
1194
1262
1192
1195
1263
1196
1264
1194
1265
1195
1197
1266
1196
1198
1267
1199
1268
1198
1269
1199
1200
1270
1201
1271
1201
1272
1202
1273
1274
1205
1275
1205
1207
1276
1208
1277
1207
1210
1278
1208
1211
1279
1212
1280
1210
1214
1281
1211
1215
1282
1212
1216
1283
1217
1284
1214
1219
1285
1215
1220
1286
1216
1221
1287
1217
1222
1288
1223
1289
1219
1225
1290
1220
1226
1291
1221
1227
1292
1222
1228
1293
1223
1229
1294
1230
1295
1225
1232
1296
1226
1233
1297
1227
1234
1298
1228
1235
1299
1229
1236
1300
1230
1237
1301
1238
1302
1232
1239
1303
1233
1240
1304
1234
1241
1305
1235
1242
1306
1236
1243
1307
1237
1244
1308
1238
1245
1309
1246
1310
1240
1311
1241
1247
1312
1242
1248
1313
1243
1249
1314
1244
1250
1315
1245
1251
1316
1246
1252
1317
1253
1318
1248
1319
1249
1254
1320
1250
1255
1321
1251
1256
1322
1252
1257
1323
1253
1258
1324
1259
1325
1255
1326
1256
1260
1327
1257
1261
1328
1258
1262
1329
1259
1263
1330
1264
1331
1261
1332
1262
1265
1333
1263
1266
1334
1264
1267
1335
1268
1336
1266
1337
1267
1269
1338
1268
1270
1339
1271
1340
1270
1341
1271
1272
1342
1273
1343
1273
1344
1274
1345
1346
1277
1277
1279
1280
1279
1282
1280
1283
1284
1282
1286
1283
1287
1284
1288
1289
1286
1291
1287
1292
1288
1293
1289
1294
1295
1291
1297
1292
1298
1293
1299
1294
1300
1295
1301
1302
1297
1304
1298
1305
1299
1306
1300
1307
1301
1308
1302
1309
1310
1304
1311
1305
1312
1306
1313
1307
1314
1308
1315
1309
1316
1310
1317
1318
1312
1313
1319
1314
1320
1315
1321
1316
1322
1317
1323
1318
1324
1325
1320
1321
1326
1322
1327
1323
1328
1324
1329
1325
1330
1331
1327
1328
1332
1329
1333
1330
1334
1331
1335
1336
1333
1334
1337
1335
1338
1336
1339
1340
1338
1339
1341
1340
1342
1343
1342
1343
1344
1345
1345
1346
)


// ************************************************************************* //
