/*--------------------------------*- C++ -*----------------------------------*\
| =========                 |                                                 |
| \\      /  F ield         | OpenFOAM: The Open Source CFD Toolbox           |
|  \\    /   O peration     | Version:  4.x                                   |
|   \\  /    A nd           | Web:      www.OpenFOAM.org                      |
|    \\/     M anipulation  |                                                 |
\*---------------------------------------------------------------------------*/
FoamFile
{
    version     2.0;
    format      ascii;
    class       vectorField;
    location    "constant/polyMesh";
    object      points;
}
// * * * * * * * * * * * * * * * * * * * * * * * * * * * * * * * * * * * * * //


1802
(
(5.55112e-17 0.5 0)
(3.71925e-17 0.335 0)
(0.0209375 0.314063 0)
(3.71925e-17 0.335 0.05)
(3.71925e-17 0.335 0.1)
(3.71925e-17 0.335 0.15)
(3.71925e-17 0.335 0.2)
(3.71925e-17 0.335 0.25)
(3.71925e-17 0.335 0.3)
(3.71925e-17 0.335 0.35)
(3.71925e-17 0.335 0.4)
(3.71925e-17 0.335 0.45)
(3.71925e-17 0.335 0.5)
(0.0209375 0.314063 0.5)
(0.0209375 0.314063 0.45)
(0.0209375 0.314063 0.4)
(0.0209375 0.314063 0.35)
(0.0209375 0.314063 0.3)
(0.0209375 0.314063 0.25)
(0.0209375 0.314063 0.2)
(0.0209375 0.314063 0.15)
(0.0209375 0.314063 0.1)
(0.0209375 0.314063 0.05)
(5.55112e-17 0.5 0.05)
(5.55112e-17 0.5 0.1)
(5.55112e-17 0.5 0.15)
(5.55112e-17 0.5 0.2)
(5.55112e-17 0.5 0.25)
(5.55112e-17 0.5 0.3)
(5.55112e-17 0.5 0.35)
(5.55112e-17 0.5 0.4)
(5.55112e-17 0.5 0.45)
(5.55112e-17 0.5 0.5)
(5.09315e-17 0.45875 0)
(4.63518e-17 0.4175 0)
(4.17721e-17 0.37625 0)
(0 0.37625 0.5)
(0 0.4175 0.5)
(0 0.45875 0.5)
(0 0.37625 0.45)
(0 0.4175 0.45)
(0 0.45875 0.45)
(0 0.37625 0.4)
(0 0.4175 0.4)
(0 0.45875 0.4)
(0 0.37625 0.35)
(0 0.4175 0.35)
(0 0.45875 0.35)
(0 0.37625 0.3)
(0 0.4175 0.3)
(0 0.45875 0.3)
(0 0.37625 0.25)
(0 0.4175 0.25)
(0 0.45875 0.25)
(0 0.37625 0.2)
(0 0.4175 0.2)
(0 0.45875 0.2)
(0 0.37625 0.15)
(0 0.4175 0.15)
(0 0.45875 0.15)
(5.55112e-17 0.37625 0.1)
(5.55112e-17 0.4175 0.1)
(5.55112e-17 0.45875 0.1)
(5.55112e-17 0.37625 0.05)
(5.55112e-17 0.4175 0.05)
(5.55112e-17 0.45875 0.05)
(-0.5 1.11022e-16 0)
(-0.0490086 0.497592 0)
(-0.0975452 0.490393 0)
(-0.145142 0.47847 0)
(-0.191342 0.46194 0)
(-0.235698 0.440961 0)
(-0.277785 0.415735 0)
(-0.317197 0.386505 0)
(-0.353553 0.353553 0)
(-0.386505 0.317197 0)
(-0.415735 0.277785 0)
(-0.440961 0.235698 0)
(-0.46194 0.191342 0)
(-0.47847 0.145142 0)
(-0.490393 0.0975452 0)
(-0.497592 0.0490086 0)
(-0.335 7.43849e-17 0)
(-0.0209375 0.314063 0)
(-0.041875 0.293125 0)
(-0.0628125 0.272187 0)
(-0.08375 0.25125 0)
(-0.104688 0.230312 0)
(-0.125625 0.209375 0)
(-0.146563 0.188437 0)
(-0.1675 0.1675 0)
(-0.188438 0.146562 0)
(-0.209375 0.125625 0)
(-0.230313 0.104687 0)
(-0.25125 0.08375 0)
(-0.272188 0.0628125 0)
(-0.293125 0.041875 0)
(-0.314063 0.0209375 0)
(-0.335 7.43849e-17 0.05)
(-0.335 7.43849e-17 0.1)
(-0.335 7.43849e-17 0.15)
(-0.335 7.43849e-17 0.2)
(-0.335 7.43849e-17 0.25)
(-0.335 7.43849e-17 0.3)
(-0.335 7.43849e-17 0.35)
(-0.335 7.43849e-17 0.4)
(-0.335 7.43849e-17 0.45)
(-0.335 7.43849e-17 0.5)
(-0.314063 0.0209375 0.5)
(-0.293125 0.041875 0.5)
(-0.272188 0.0628125 0.5)
(-0.25125 0.08375 0.5)
(-0.230313 0.104687 0.5)
(-0.209375 0.125625 0.5)
(-0.188438 0.146562 0.5)
(-0.1675 0.1675 0.5)
(-0.146563 0.188437 0.5)
(-0.125625 0.209375 0.5)
(-0.104688 0.230312 0.5)
(-0.08375 0.25125 0.5)
(-0.0628125 0.272187 0.5)
(-0.041875 0.293125 0.5)
(-0.0209375 0.314063 0.5)
(-0.314063 0.0209375 0.45)
(-0.293125 0.041875 0.45)
(-0.272188 0.0628125 0.45)
(-0.25125 0.08375 0.45)
(-0.230313 0.104687 0.45)
(-0.209375 0.125625 0.45)
(-0.188438 0.146562 0.45)
(-0.1675 0.1675 0.45)
(-0.146563 0.188437 0.45)
(-0.125625 0.209375 0.45)
(-0.104688 0.230312 0.45)
(-0.08375 0.25125 0.45)
(-0.0628125 0.272187 0.45)
(-0.041875 0.293125 0.45)
(-0.0209375 0.314063 0.45)
(-0.314063 0.0209375 0.4)
(-0.293125 0.041875 0.4)
(-0.272188 0.0628125 0.4)
(-0.25125 0.08375 0.4)
(-0.230313 0.104687 0.4)
(-0.209375 0.125625 0.4)
(-0.188438 0.146562 0.4)
(-0.1675 0.1675 0.4)
(-0.146563 0.188437 0.4)
(-0.125625 0.209375 0.4)
(-0.104688 0.230312 0.4)
(-0.08375 0.25125 0.4)
(-0.0628125 0.272187 0.4)
(-0.041875 0.293125 0.4)
(-0.0209375 0.314063 0.4)
(-0.314063 0.0209375 0.35)
(-0.293125 0.041875 0.35)
(-0.272188 0.0628125 0.35)
(-0.25125 0.08375 0.35)
(-0.230313 0.104687 0.35)
(-0.209375 0.125625 0.35)
(-0.188438 0.146562 0.35)
(-0.1675 0.1675 0.35)
(-0.146563 0.188437 0.35)
(-0.125625 0.209375 0.35)
(-0.104688 0.230312 0.35)
(-0.08375 0.25125 0.35)
(-0.0628125 0.272187 0.35)
(-0.041875 0.293125 0.35)
(-0.0209375 0.314063 0.35)
(-0.314063 0.0209375 0.3)
(-0.293125 0.041875 0.3)
(-0.272188 0.0628125 0.3)
(-0.25125 0.08375 0.3)
(-0.230313 0.104687 0.3)
(-0.209375 0.125625 0.3)
(-0.188438 0.146562 0.3)
(-0.1675 0.1675 0.3)
(-0.146563 0.188437 0.3)
(-0.125625 0.209375 0.3)
(-0.104688 0.230312 0.3)
(-0.08375 0.25125 0.3)
(-0.0628125 0.272187 0.3)
(-0.041875 0.293125 0.3)
(-0.0209375 0.314063 0.3)
(-0.314063 0.0209375 0.25)
(-0.293125 0.041875 0.25)
(-0.272188 0.0628125 0.25)
(-0.25125 0.08375 0.25)
(-0.230313 0.104687 0.25)
(-0.209375 0.125625 0.25)
(-0.188438 0.146562 0.25)
(-0.1675 0.1675 0.25)
(-0.146563 0.188437 0.25)
(-0.125625 0.209375 0.25)
(-0.104688 0.230312 0.25)
(-0.08375 0.25125 0.25)
(-0.0628125 0.272187 0.25)
(-0.041875 0.293125 0.25)
(-0.0209375 0.314063 0.25)
(-0.314063 0.0209375 0.2)
(-0.293125 0.041875 0.2)
(-0.272188 0.0628125 0.2)
(-0.25125 0.08375 0.2)
(-0.230313 0.104687 0.2)
(-0.209375 0.125625 0.2)
(-0.188438 0.146562 0.2)
(-0.1675 0.1675 0.2)
(-0.146563 0.188437 0.2)
(-0.125625 0.209375 0.2)
(-0.104688 0.230313 0.2)
(-0.08375 0.25125 0.2)
(-0.0628125 0.272187 0.2)
(-0.041875 0.293125 0.2)
(-0.0209375 0.314063 0.2)
(-0.314063 0.0209375 0.15)
(-0.293125 0.041875 0.15)
(-0.272188 0.0628125 0.15)
(-0.25125 0.08375 0.15)
(-0.230313 0.104687 0.15)
(-0.209375 0.125625 0.15)
(-0.188438 0.146562 0.15)
(-0.1675 0.1675 0.15)
(-0.146563 0.188437 0.15)
(-0.125625 0.209375 0.15)
(-0.104688 0.230312 0.15)
(-0.08375 0.25125 0.15)
(-0.0628125 0.272188 0.15)
(-0.041875 0.293125 0.15)
(-0.0209375 0.314063 0.15)
(-0.314063 0.0209375 0.1)
(-0.293125 0.041875 0.1)
(-0.272188 0.0628125 0.1)
(-0.25125 0.08375 0.1)
(-0.230313 0.104687 0.1)
(-0.209375 0.125625 0.1)
(-0.188438 0.146562 0.1)
(-0.1675 0.1675 0.1)
(-0.146563 0.188437 0.1)
(-0.125625 0.209375 0.1)
(-0.104688 0.230313 0.1)
(-0.08375 0.25125 0.1)
(-0.0628125 0.272187 0.1)
(-0.041875 0.293125 0.1)
(-0.0209375 0.314063 0.1)
(-0.314063 0.0209375 0.05)
(-0.293125 0.041875 0.05)
(-0.272188 0.0628125 0.05)
(-0.25125 0.08375 0.05)
(-0.230313 0.104687 0.05)
(-0.209375 0.125625 0.05)
(-0.188438 0.146562 0.05)
(-0.1675 0.1675 0.05)
(-0.146563 0.188437 0.05)
(-0.125625 0.209375 0.05)
(-0.104688 0.230312 0.05)
(-0.08375 0.25125 0.05)
(-0.0628125 0.272187 0.05)
(-0.041875 0.293125 0.05)
(-0.0209375 0.314063 0.05)
(-0.5 1.11022e-16 0.05)
(-0.5 1.11022e-16 0.1)
(-0.5 1.11022e-16 0.15)
(-0.5 1.11022e-16 0.2)
(-0.5 1.11022e-16 0.25)
(-0.5 1.11022e-16 0.3)
(-0.5 1.11022e-16 0.35)
(-0.5 1.11022e-16 0.4)
(-0.5 1.11022e-16 0.45)
(-0.5 1.11022e-16 0.5)
(-0.0490086 0.497592 0.5)
(-0.0975452 0.490393 0.5)
(-0.145142 0.47847 0.5)
(-0.191342 0.46194 0.5)
(-0.235698 0.440961 0.5)
(-0.277785 0.415735 0.5)
(-0.317197 0.386505 0.5)
(-0.353553 0.353553 0.5)
(-0.386505 0.317197 0.5)
(-0.415735 0.277785 0.5)
(-0.440961 0.235698 0.5)
(-0.46194 0.191342 0.5)
(-0.47847 0.145142 0.5)
(-0.490393 0.0975452 0.5)
(-0.497592 0.0490086 0.5)
(-0.0490086 0.497592 0.45)
(-0.0975452 0.490393 0.45)
(-0.145142 0.47847 0.45)
(-0.191342 0.46194 0.45)
(-0.235698 0.440961 0.45)
(-0.277785 0.415735 0.45)
(-0.317197 0.386505 0.45)
(-0.353553 0.353553 0.45)
(-0.386505 0.317197 0.45)
(-0.415735 0.277785 0.45)
(-0.440961 0.235698 0.45)
(-0.46194 0.191342 0.45)
(-0.47847 0.145142 0.45)
(-0.490393 0.0975452 0.45)
(-0.497592 0.0490086 0.45)
(-0.0490086 0.497592 0.4)
(-0.0975452 0.490393 0.4)
(-0.145142 0.47847 0.4)
(-0.191342 0.46194 0.4)
(-0.235698 0.440961 0.4)
(-0.277785 0.415735 0.4)
(-0.317197 0.386505 0.4)
(-0.353553 0.353553 0.4)
(-0.386505 0.317197 0.4)
(-0.415735 0.277785 0.4)
(-0.440961 0.235698 0.4)
(-0.46194 0.191342 0.4)
(-0.47847 0.145142 0.4)
(-0.490393 0.0975452 0.4)
(-0.497592 0.0490086 0.4)
(-0.0490086 0.497592 0.35)
(-0.0975452 0.490393 0.35)
(-0.145142 0.47847 0.35)
(-0.191342 0.46194 0.35)
(-0.235698 0.440961 0.35)
(-0.277785 0.415735 0.35)
(-0.317197 0.386505 0.35)
(-0.353553 0.353553 0.35)
(-0.386505 0.317197 0.35)
(-0.415735 0.277785 0.35)
(-0.440961 0.235698 0.35)
(-0.46194 0.191342 0.35)
(-0.47847 0.145142 0.35)
(-0.490393 0.0975452 0.35)
(-0.497592 0.0490086 0.35)
(-0.0490086 0.497592 0.3)
(-0.0975452 0.490393 0.3)
(-0.145142 0.47847 0.3)
(-0.191342 0.46194 0.3)
(-0.235698 0.440961 0.3)
(-0.277785 0.415735 0.3)
(-0.317197 0.386505 0.3)
(-0.353553 0.353553 0.3)
(-0.386505 0.317197 0.3)
(-0.415735 0.277785 0.3)
(-0.440961 0.235698 0.3)
(-0.46194 0.191342 0.3)
(-0.47847 0.145142 0.3)
(-0.490393 0.0975452 0.3)
(-0.497592 0.0490086 0.3)
(-0.0490086 0.497592 0.25)
(-0.0975452 0.490393 0.25)
(-0.145142 0.47847 0.25)
(-0.191342 0.46194 0.25)
(-0.235698 0.440961 0.25)
(-0.277785 0.415735 0.25)
(-0.317197 0.386505 0.25)
(-0.353553 0.353553 0.25)
(-0.386505 0.317197 0.25)
(-0.415735 0.277785 0.25)
(-0.440961 0.235698 0.25)
(-0.46194 0.191342 0.25)
(-0.47847 0.145142 0.25)
(-0.490393 0.0975452 0.25)
(-0.497592 0.0490086 0.25)
(-0.0490086 0.497592 0.2)
(-0.0975452 0.490393 0.2)
(-0.145142 0.47847 0.2)
(-0.191342 0.46194 0.2)
(-0.235698 0.440961 0.2)
(-0.277785 0.415735 0.2)
(-0.317197 0.386505 0.2)
(-0.353553 0.353553 0.2)
(-0.386505 0.317197 0.2)
(-0.415735 0.277785 0.2)
(-0.440961 0.235698 0.2)
(-0.46194 0.191342 0.2)
(-0.47847 0.145142 0.2)
(-0.490393 0.0975452 0.2)
(-0.497592 0.0490086 0.2)
(-0.0490086 0.497592 0.15)
(-0.0975452 0.490393 0.15)
(-0.145142 0.47847 0.15)
(-0.191342 0.46194 0.15)
(-0.235698 0.440961 0.15)
(-0.277785 0.415735 0.15)
(-0.317197 0.386505 0.15)
(-0.353553 0.353553 0.15)
(-0.386505 0.317197 0.15)
(-0.415735 0.277785 0.15)
(-0.440961 0.235698 0.15)
(-0.46194 0.191342 0.15)
(-0.47847 0.145142 0.15)
(-0.490393 0.0975452 0.15)
(-0.497592 0.0490086 0.15)
(-0.0490086 0.497592 0.1)
(-0.0975452 0.490393 0.1)
(-0.145142 0.47847 0.1)
(-0.191342 0.46194 0.1)
(-0.235698 0.440961 0.1)
(-0.277785 0.415735 0.1)
(-0.317197 0.386505 0.1)
(-0.353553 0.353553 0.1)
(-0.386505 0.317197 0.1)
(-0.415735 0.277785 0.1)
(-0.440961 0.235698 0.1)
(-0.46194 0.191342 0.1)
(-0.47847 0.145142 0.1)
(-0.490393 0.0975452 0.1)
(-0.497592 0.0490086 0.1)
(-0.0490086 0.497592 0.05)
(-0.0975452 0.490393 0.05)
(-0.145142 0.47847 0.05)
(-0.191342 0.46194 0.05)
(-0.235698 0.440961 0.05)
(-0.277785 0.415735 0.05)
(-0.317197 0.386505 0.05)
(-0.353553 0.353553 0.05)
(-0.386505 0.317197 0.05)
(-0.415735 0.277785 0.05)
(-0.440961 0.235698 0.05)
(-0.46194 0.191342 0.05)
(-0.47847 0.145142 0.05)
(-0.490393 0.0975452 0.05)
(-0.497592 0.0490086 0.05)
(-0.45875 1.01863e-16 0)
(-0.4175 9.27036e-17 0)
(-0.37625 8.35443e-17 0)
(-0.0419908 0.45171 0)
(-0.0836276 0.441076 0)
(-0.12456 0.4269 0)
(-0.164444 0.409267 0)
(-0.202946 0.388299 0)
(-0.239745 0.364145 0)
(-0.274538 0.336988 0)
(-0.30704 0.30704 0)
(-0.336988 0.274538 0)
(-0.364145 0.239745 0)
(-0.388299 0.202946 0)
(-0.409267 0.164444 0)
(-0.4269 0.12456 0)
(-0.441076 0.0836276 0)
(-0.45171 0.0419908 0)
(-0.034973 0.405827 0)
(-0.0697101 0.391759 0)
(-0.103977 0.375329 0)
(-0.137546 0.356595 0)
(-0.170193 0.335637 0)
(-0.201705 0.312555 0)
(-0.23188 0.287471 0)
(-0.260527 0.260527 0)
(-0.287471 0.23188 0)
(-0.312555 0.201705 0)
(-0.335637 0.170193 0)
(-0.356595 0.137546 0)
(-0.375329 0.103977 0)
(-0.391759 0.0697101 0)
(-0.405827 0.034973 0)
(-0.0279553 0.359945 0)
(-0.0557925 0.342442 0)
(-0.083395 0.323758 0)
(-0.110648 0.303922 0)
(-0.13744 0.282975 0)
(-0.163665 0.260965 0)
(-0.189221 0.237954 0)
(-0.214013 0.214013 0)
(-0.237954 0.189221 0)
(-0.260965 0.163665 0)
(-0.282975 0.13744 0)
(-0.303922 0.110648 0)
(-0.323758 0.083395 0)
(-0.342442 0.0557925 0)
(-0.359945 0.0279553 0)
(-0.37625 1.11022e-16 0.5)
(-0.4175 -1.66533e-16 0.5)
(-0.45875 -3.88578e-16 0.5)
(-0.37625 1.11022e-16 0.45)
(-0.4175 -1.66533e-16 0.45)
(-0.45875 -3.88578e-16 0.45)
(-0.37625 1.11022e-16 0.4)
(-0.4175 -1.66533e-16 0.4)
(-0.45875 -3.88578e-16 0.4)
(-0.37625 1.11022e-16 0.35)
(-0.4175 -1.66533e-16 0.35)
(-0.45875 -3.88578e-16 0.35)
(-0.37625 1.11022e-16 0.3)
(-0.4175 -1.66533e-16 0.3)
(-0.45875 -3.88578e-16 0.3)
(-0.37625 1.11022e-16 0.25)
(-0.4175 -1.66533e-16 0.25)
(-0.45875 -3.88578e-16 0.25)
(-0.37625 1.11022e-16 0.2)
(-0.4175 -1.66533e-16 0.2)
(-0.45875 -3.88578e-16 0.2)
(-0.37625 1.11022e-16 0.15)
(-0.4175 -1.66533e-16 0.15)
(-0.45875 -3.88578e-16 0.15)
(-0.37625 1.66533e-16 0.1)
(-0.4175 -1.11022e-16 0.1)
(-0.45875 -3.33067e-16 0.1)
(-0.37625 1.66533e-16 0.05)
(-0.4175 -1.11022e-16 0.05)
(-0.45875 -3.33067e-16 0.05)
(-0.0279553 0.359945 0.5)
(-0.0557925 0.342442 0.5)
(-0.083395 0.323758 0.5)
(-0.110648 0.303922 0.5)
(-0.13744 0.282975 0.5)
(-0.163665 0.260965 0.5)
(-0.189221 0.237954 0.5)
(-0.214013 0.214013 0.5)
(-0.237954 0.189221 0.5)
(-0.260965 0.163665 0.5)
(-0.282975 0.13744 0.5)
(-0.303922 0.110648 0.5)
(-0.323758 0.083395 0.5)
(-0.342442 0.0557925 0.5)
(-0.359945 0.0279553 0.5)
(-0.034973 0.405827 0.5)
(-0.0697101 0.391759 0.5)
(-0.103977 0.375329 0.5)
(-0.137546 0.356595 0.5)
(-0.170193 0.335637 0.5)
(-0.201705 0.312555 0.5)
(-0.23188 0.287471 0.5)
(-0.260527 0.260527 0.5)
(-0.287471 0.23188 0.5)
(-0.312555 0.201705 0.5)
(-0.335637 0.170193 0.5)
(-0.356595 0.137546 0.5)
(-0.375329 0.103977 0.5)
(-0.391759 0.0697101 0.5)
(-0.405827 0.034973 0.5)
(-0.0419908 0.45171 0.5)
(-0.0836276 0.441076 0.5)
(-0.12456 0.4269 0.5)
(-0.164444 0.409267 0.5)
(-0.202946 0.388299 0.5)
(-0.239745 0.364145 0.5)
(-0.274538 0.336988 0.5)
(-0.30704 0.30704 0.5)
(-0.336988 0.274538 0.5)
(-0.364145 0.239745 0.5)
(-0.388299 0.202946 0.5)
(-0.409267 0.164444 0.5)
(-0.4269 0.12456 0.5)
(-0.441076 0.0836276 0.5)
(-0.45171 0.0419908 0.5)
(-0.0279553 0.359945 0.45)
(-0.0557925 0.342442 0.45)
(-0.083395 0.323758 0.45)
(-0.110648 0.303922 0.45)
(-0.13744 0.282975 0.45)
(-0.163665 0.260965 0.45)
(-0.189221 0.237954 0.45)
(-0.214013 0.214013 0.45)
(-0.237954 0.189221 0.45)
(-0.260965 0.163665 0.45)
(-0.282975 0.13744 0.45)
(-0.303922 0.110648 0.45)
(-0.323758 0.083395 0.45)
(-0.342442 0.0557925 0.45)
(-0.359945 0.0279553 0.45)
(-0.034973 0.405827 0.45)
(-0.0697101 0.391759 0.45)
(-0.103977 0.375329 0.45)
(-0.137546 0.356595 0.45)
(-0.170193 0.335637 0.45)
(-0.201705 0.312555 0.45)
(-0.23188 0.287471 0.45)
(-0.260527 0.260527 0.45)
(-0.287471 0.23188 0.45)
(-0.312555 0.201705 0.45)
(-0.335637 0.170193 0.45)
(-0.356595 0.137546 0.45)
(-0.375329 0.103977 0.45)
(-0.391759 0.0697101 0.45)
(-0.405827 0.034973 0.45)
(-0.0419908 0.45171 0.45)
(-0.0836276 0.441076 0.45)
(-0.12456 0.4269 0.45)
(-0.164444 0.409267 0.45)
(-0.202946 0.388299 0.45)
(-0.239745 0.364145 0.45)
(-0.274538 0.336988 0.45)
(-0.30704 0.30704 0.45)
(-0.336988 0.274538 0.45)
(-0.364145 0.239745 0.45)
(-0.388299 0.202946 0.45)
(-0.409267 0.164444 0.45)
(-0.4269 0.12456 0.45)
(-0.441076 0.0836276 0.45)
(-0.45171 0.0419908 0.45)
(-0.0279553 0.359945 0.4)
(-0.0557925 0.342442 0.4)
(-0.083395 0.323758 0.4)
(-0.110648 0.303922 0.4)
(-0.13744 0.282975 0.4)
(-0.163665 0.260965 0.4)
(-0.189221 0.237954 0.4)
(-0.214013 0.214013 0.4)
(-0.237954 0.189221 0.4)
(-0.260965 0.163665 0.4)
(-0.282975 0.13744 0.4)
(-0.303922 0.110648 0.4)
(-0.323758 0.083395 0.4)
(-0.342442 0.0557925 0.4)
(-0.359945 0.0279553 0.4)
(-0.034973 0.405827 0.4)
(-0.0697101 0.391759 0.4)
(-0.103977 0.375329 0.4)
(-0.137546 0.356595 0.4)
(-0.170193 0.335637 0.4)
(-0.201705 0.312555 0.4)
(-0.23188 0.287471 0.4)
(-0.260527 0.260527 0.4)
(-0.287471 0.23188 0.4)
(-0.312555 0.201705 0.4)
(-0.335637 0.170193 0.4)
(-0.356595 0.137546 0.4)
(-0.375329 0.103977 0.4)
(-0.391759 0.0697101 0.4)
(-0.405827 0.034973 0.4)
(-0.0419908 0.45171 0.4)
(-0.0836276 0.441076 0.4)
(-0.12456 0.4269 0.4)
(-0.164444 0.409267 0.4)
(-0.202946 0.388299 0.4)
(-0.239745 0.364145 0.4)
(-0.274538 0.336988 0.4)
(-0.30704 0.30704 0.4)
(-0.336988 0.274538 0.4)
(-0.364145 0.239745 0.4)
(-0.388299 0.202946 0.4)
(-0.409267 0.164444 0.4)
(-0.4269 0.12456 0.4)
(-0.441076 0.0836276 0.4)
(-0.45171 0.0419908 0.4)
(-0.0279553 0.359945 0.35)
(-0.0557925 0.342442 0.35)
(-0.083395 0.323758 0.35)
(-0.110648 0.303922 0.35)
(-0.13744 0.282975 0.35)
(-0.163665 0.260965 0.35)
(-0.189221 0.237954 0.35)
(-0.214013 0.214013 0.35)
(-0.237954 0.189221 0.35)
(-0.260965 0.163665 0.35)
(-0.282975 0.13744 0.35)
(-0.303922 0.110648 0.35)
(-0.323758 0.083395 0.35)
(-0.342442 0.0557925 0.35)
(-0.359945 0.0279553 0.35)
(-0.034973 0.405827 0.35)
(-0.0697101 0.391759 0.35)
(-0.103977 0.375329 0.35)
(-0.137546 0.356595 0.35)
(-0.170193 0.335637 0.35)
(-0.201705 0.312555 0.35)
(-0.23188 0.287471 0.35)
(-0.260527 0.260527 0.35)
(-0.287471 0.23188 0.35)
(-0.312555 0.201705 0.35)
(-0.335637 0.170193 0.35)
(-0.356595 0.137546 0.35)
(-0.375329 0.103977 0.35)
(-0.391759 0.0697101 0.35)
(-0.405827 0.034973 0.35)
(-0.0419908 0.45171 0.35)
(-0.0836276 0.441076 0.35)
(-0.12456 0.4269 0.35)
(-0.164444 0.409267 0.35)
(-0.202946 0.388299 0.35)
(-0.239745 0.364145 0.35)
(-0.274538 0.336988 0.35)
(-0.30704 0.30704 0.35)
(-0.336988 0.274538 0.35)
(-0.364145 0.239745 0.35)
(-0.388299 0.202946 0.35)
(-0.409267 0.164444 0.35)
(-0.4269 0.12456 0.35)
(-0.441076 0.0836276 0.35)
(-0.45171 0.0419908 0.35)
(-0.0279553 0.359945 0.3)
(-0.0557925 0.342442 0.3)
(-0.083395 0.323758 0.3)
(-0.110648 0.303922 0.3)
(-0.13744 0.282975 0.3)
(-0.163665 0.260965 0.3)
(-0.189221 0.237954 0.3)
(-0.214013 0.214013 0.3)
(-0.237954 0.189221 0.3)
(-0.260965 0.163665 0.3)
(-0.282975 0.13744 0.3)
(-0.303922 0.110648 0.3)
(-0.323758 0.083395 0.3)
(-0.342442 0.0557925 0.3)
(-0.359945 0.0279553 0.3)
(-0.034973 0.405827 0.3)
(-0.0697101 0.391759 0.3)
(-0.103977 0.375329 0.3)
(-0.137546 0.356595 0.3)
(-0.170193 0.335637 0.3)
(-0.201705 0.312555 0.3)
(-0.23188 0.287471 0.3)
(-0.260527 0.260527 0.3)
(-0.287471 0.23188 0.3)
(-0.312555 0.201705 0.3)
(-0.335637 0.170193 0.3)
(-0.356595 0.137546 0.3)
(-0.375329 0.103977 0.3)
(-0.391759 0.0697101 0.3)
(-0.405827 0.034973 0.3)
(-0.0419908 0.45171 0.3)
(-0.0836276 0.441076 0.3)
(-0.12456 0.4269 0.3)
(-0.164444 0.409267 0.3)
(-0.202946 0.388299 0.3)
(-0.239745 0.364145 0.3)
(-0.274538 0.336988 0.3)
(-0.30704 0.30704 0.3)
(-0.336988 0.274538 0.3)
(-0.364145 0.239745 0.3)
(-0.388299 0.202946 0.3)
(-0.409267 0.164444 0.3)
(-0.4269 0.12456 0.3)
(-0.441076 0.0836276 0.3)
(-0.45171 0.0419908 0.3)
(-0.0279553 0.359945 0.25)
(-0.0557925 0.342442 0.25)
(-0.083395 0.323758 0.25)
(-0.110648 0.303922 0.25)
(-0.13744 0.282975 0.25)
(-0.163665 0.260965 0.25)
(-0.189221 0.237954 0.25)
(-0.214013 0.214013 0.25)
(-0.237954 0.189221 0.25)
(-0.260965 0.163665 0.25)
(-0.282975 0.13744 0.25)
(-0.303922 0.110648 0.25)
(-0.323758 0.083395 0.25)
(-0.342442 0.0557925 0.25)
(-0.359945 0.0279553 0.25)
(-0.034973 0.405827 0.25)
(-0.0697101 0.391759 0.25)
(-0.103977 0.375329 0.25)
(-0.137546 0.356595 0.25)
(-0.170193 0.335637 0.25)
(-0.201705 0.312555 0.25)
(-0.23188 0.287471 0.25)
(-0.260527 0.260527 0.25)
(-0.287471 0.23188 0.25)
(-0.312555 0.201705 0.25)
(-0.335637 0.170193 0.25)
(-0.356595 0.137546 0.25)
(-0.375329 0.103977 0.25)
(-0.391759 0.0697101 0.25)
(-0.405827 0.034973 0.25)
(-0.0419908 0.45171 0.25)
(-0.0836276 0.441076 0.25)
(-0.12456 0.4269 0.25)
(-0.164444 0.409267 0.25)
(-0.202946 0.388299 0.25)
(-0.239745 0.364145 0.25)
(-0.274538 0.336988 0.25)
(-0.30704 0.30704 0.25)
(-0.336988 0.274538 0.25)
(-0.364145 0.239745 0.25)
(-0.388299 0.202946 0.25)
(-0.409267 0.164444 0.25)
(-0.4269 0.12456 0.25)
(-0.441076 0.0836276 0.25)
(-0.45171 0.0419908 0.25)
(-0.0279553 0.359945 0.2)
(-0.0557925 0.342442 0.2)
(-0.083395 0.323758 0.2)
(-0.110648 0.303922 0.2)
(-0.13744 0.282975 0.2)
(-0.163665 0.260965 0.2)
(-0.189221 0.237954 0.2)
(-0.214013 0.214013 0.2)
(-0.237954 0.189221 0.2)
(-0.260965 0.163665 0.2)
(-0.282975 0.13744 0.2)
(-0.303922 0.110648 0.2)
(-0.323758 0.083395 0.2)
(-0.342442 0.0557925 0.2)
(-0.359945 0.0279553 0.2)
(-0.034973 0.405827 0.2)
(-0.0697101 0.391759 0.2)
(-0.103977 0.375329 0.2)
(-0.137546 0.356595 0.2)
(-0.170193 0.335637 0.2)
(-0.201705 0.312555 0.2)
(-0.23188 0.287471 0.2)
(-0.260527 0.260527 0.2)
(-0.287471 0.23188 0.2)
(-0.312555 0.201705 0.2)
(-0.335637 0.170193 0.2)
(-0.356595 0.137546 0.2)
(-0.375329 0.103977 0.2)
(-0.391759 0.0697101 0.2)
(-0.405827 0.034973 0.2)
(-0.0419908 0.45171 0.2)
(-0.0836276 0.441076 0.2)
(-0.12456 0.4269 0.2)
(-0.164444 0.409267 0.2)
(-0.202946 0.388299 0.2)
(-0.239745 0.364145 0.2)
(-0.274538 0.336988 0.2)
(-0.30704 0.30704 0.2)
(-0.336988 0.274538 0.2)
(-0.364145 0.239745 0.2)
(-0.388299 0.202946 0.2)
(-0.409267 0.164444 0.2)
(-0.4269 0.12456 0.2)
(-0.441076 0.0836276 0.2)
(-0.45171 0.0419908 0.2)
(-0.0279553 0.359945 0.15)
(-0.0557925 0.342442 0.15)
(-0.083395 0.323758 0.15)
(-0.110648 0.303922 0.15)
(-0.13744 0.282975 0.15)
(-0.163665 0.260965 0.15)
(-0.189221 0.237954 0.15)
(-0.214013 0.214013 0.15)
(-0.237954 0.189221 0.15)
(-0.260965 0.163665 0.15)
(-0.282975 0.13744 0.15)
(-0.303922 0.110648 0.15)
(-0.323758 0.083395 0.15)
(-0.342442 0.0557925 0.15)
(-0.359945 0.0279553 0.15)
(-0.034973 0.405827 0.15)
(-0.0697101 0.391759 0.15)
(-0.103977 0.375329 0.15)
(-0.137546 0.356595 0.15)
(-0.170193 0.335637 0.15)
(-0.201705 0.312555 0.15)
(-0.23188 0.287471 0.15)
(-0.260527 0.260527 0.15)
(-0.287471 0.23188 0.15)
(-0.312555 0.201705 0.15)
(-0.335637 0.170193 0.15)
(-0.356595 0.137546 0.15)
(-0.375329 0.103977 0.15)
(-0.391759 0.0697101 0.15)
(-0.405827 0.034973 0.15)
(-0.0419908 0.45171 0.15)
(-0.0836276 0.441076 0.15)
(-0.12456 0.4269 0.15)
(-0.164444 0.409267 0.15)
(-0.202946 0.388299 0.15)
(-0.239745 0.364145 0.15)
(-0.274538 0.336988 0.15)
(-0.30704 0.30704 0.15)
(-0.336988 0.274538 0.15)
(-0.364145 0.239745 0.15)
(-0.388299 0.202946 0.15)
(-0.409267 0.164444 0.15)
(-0.4269 0.12456 0.15)
(-0.441076 0.0836276 0.15)
(-0.45171 0.0419908 0.15)
(-0.0279553 0.359945 0.1)
(-0.0557925 0.342442 0.1)
(-0.083395 0.323758 0.1)
(-0.110648 0.303922 0.1)
(-0.13744 0.282975 0.1)
(-0.163665 0.260965 0.1)
(-0.189221 0.237954 0.1)
(-0.214013 0.214013 0.1)
(-0.237954 0.189221 0.1)
(-0.260965 0.163665 0.1)
(-0.282975 0.13744 0.1)
(-0.303922 0.110648 0.1)
(-0.323758 0.083395 0.1)
(-0.342442 0.0557925 0.1)
(-0.359945 0.0279553 0.1)
(-0.034973 0.405827 0.1)
(-0.0697101 0.391759 0.1)
(-0.103977 0.375329 0.1)
(-0.137546 0.356595 0.1)
(-0.170193 0.335637 0.1)
(-0.201705 0.312555 0.1)
(-0.23188 0.287471 0.1)
(-0.260527 0.260527 0.1)
(-0.287471 0.23188 0.1)
(-0.312555 0.201705 0.1)
(-0.335637 0.170193 0.1)
(-0.356595 0.137546 0.1)
(-0.375329 0.103977 0.1)
(-0.391759 0.0697101 0.1)
(-0.405827 0.034973 0.1)
(-0.0419908 0.45171 0.1)
(-0.0836276 0.441076 0.1)
(-0.12456 0.4269 0.1)
(-0.164444 0.409267 0.1)
(-0.202946 0.388299 0.1)
(-0.239745 0.364145 0.1)
(-0.274538 0.336988 0.1)
(-0.30704 0.30704 0.1)
(-0.336988 0.274538 0.1)
(-0.364145 0.239745 0.1)
(-0.388299 0.202946 0.1)
(-0.409267 0.164444 0.1)
(-0.4269 0.12456 0.1)
(-0.441076 0.0836276 0.1)
(-0.45171 0.0419908 0.1)
(-0.0279553 0.359945 0.05)
(-0.0557925 0.342442 0.05)
(-0.083395 0.323758 0.05)
(-0.110648 0.303922 0.05)
(-0.13744 0.282975 0.05)
(-0.163665 0.260965 0.05)
(-0.189221 0.237954 0.05)
(-0.214013 0.214013 0.05)
(-0.237954 0.189221 0.05)
(-0.260965 0.163665 0.05)
(-0.282975 0.13744 0.05)
(-0.303922 0.110648 0.05)
(-0.323758 0.083395 0.05)
(-0.342442 0.0557925 0.05)
(-0.359945 0.0279553 0.05)
(-0.034973 0.405827 0.05)
(-0.0697101 0.391759 0.05)
(-0.103977 0.375329 0.05)
(-0.137546 0.356595 0.05)
(-0.170193 0.335637 0.05)
(-0.201705 0.312555 0.05)
(-0.23188 0.287471 0.05)
(-0.260527 0.260527 0.05)
(-0.287471 0.23188 0.05)
(-0.312555 0.201705 0.05)
(-0.335637 0.170193 0.05)
(-0.356595 0.137546 0.05)
(-0.375329 0.103977 0.05)
(-0.391759 0.0697101 0.05)
(-0.405827 0.034973 0.05)
(-0.0419908 0.45171 0.05)
(-0.0836276 0.441076 0.05)
(-0.12456 0.4269 0.05)
(-0.164444 0.409267 0.05)
(-0.202946 0.388299 0.05)
(-0.239745 0.364145 0.05)
(-0.274538 0.336988 0.05)
(-0.30704 0.30704 0.05)
(-0.336988 0.274538 0.05)
(-0.364145 0.239745 0.05)
(-0.388299 0.202946 0.05)
(-0.409267 0.164444 0.05)
(-0.4269 0.12456 0.05)
(-0.441076 0.0836276 0.05)
(-0.45171 0.0419908 0.05)
(-0.314063 -0.0209375 0)
(-0.314063 -0.0209375 0.35)
(-0.314063 -0.0209375 0.3)
(-0.314063 -0.0209375 0.25)
(-0.314063 -0.0209375 0.2)
(-0.314063 -0.0209375 0.15)
(-0.314063 -0.0209375 0.1)
(-0.314063 -0.0209375 0.05)
(-8.32667e-17 0.293125 0)
(-0.0209375 0.272188 0)
(-0.041875 0.25125 0)
(-0.0628125 0.230312 0)
(-0.08375 0.209375 0)
(-0.104688 0.188437 0)
(-0.125625 0.1675 0)
(-0.146563 0.146562 0)
(-0.1675 0.125625 0)
(-0.188438 0.104687 0)
(-0.209375 0.08375 0)
(-0.230313 0.0628125 0)
(-0.25125 0.041875 0)
(-0.272188 0.0209375 0)
(-0.293125 -3.26345e-16 0)
(0.0209375 0.272187 0)
(-1.17961e-16 0.25125 0)
(-0.0209375 0.230312 0)
(-0.041875 0.209375 0)
(-0.0628125 0.188437 0)
(-0.08375 0.1675 0)
(-0.104688 0.146562 0)
(-0.125625 0.125625 0)
(-0.146563 0.104687 0)
(-0.1675 0.08375 0)
(-0.188438 0.0628125 0)
(-0.209375 0.041875 0)
(-0.230313 0.0209375 0)
(-0.25125 -2.78423e-16 0)
(-0.272188 -0.0209375 0)
(0.0209375 0.230312 0)
(-1.8735e-16 0.209375 0)
(-0.0209375 0.188437 0)
(-0.041875 0.1675 0)
(-0.0628125 0.146562 0)
(-0.08375 0.125625 0)
(-0.104688 0.104687 0)
(-0.125625 0.08375 0)
(-0.146563 0.0628125 0)
(-0.1675 0.041875 0)
(-0.188438 0.0209375 0)
(-0.209375 -3.07263e-16 0)
(-0.230313 -0.0209375 0)
(0.0209375 0.188437 0)
(-2.22045e-16 0.1675 0)
(-0.0209375 0.146562 0)
(-0.041875 0.125625 0)
(-0.0628125 0.104687 0)
(-0.08375 0.08375 0)
(-0.104688 0.0628125 0)
(-0.125625 0.041875 0)
(-0.146563 0.0209375 0)
(-0.1675 -2.94903e-16 0)
(-0.188438 -0.0209375 0)
(0.0209375 0.146562 0)
(-1.94289e-16 0.125625 0)
(-0.0209375 0.104687 0)
(-0.041875 0.08375 0)
(-0.0628125 0.0628125 0)
(-0.08375 0.041875 0)
(-0.104688 0.0209375 0)
(-0.125625 -3.45427e-16 0)
(-0.146563 -0.0209375 0)
(0.0209375 0.104687 0)
(-3.05311e-16 0.08375 0)
(-0.0209375 0.0628125 0)
(-0.041875 0.041875 0)
(-0.0628125 0.0209375 0)
(-0.08375 -3.40873e-16 0)
(-0.104688 -0.0209375 0)
(0.0209375 0.0628125 0)
(-2.91434e-16 0.041875 0)
(-0.0209375 0.0209375 0)
(-0.041875 -4.2002e-16 0)
(-0.0628125 -0.0209375 0)
(0.0209375 0.0209375 0)
(-3.19189e-16 -4.57967e-16 0)
(-0.0209375 -0.0209375 0)
(0.0209375 0.272187 0.5)
(-1.38778e-17 0.293125 0.5)
(0.0209375 0.230312 0.5)
(-3.46945e-17 0.25125 0.5)
(-0.0209375 0.272187 0.5)
(0.0209375 0.188437 0.5)
(-9.71445e-17 0.209375 0.5)
(-0.0209375 0.230312 0.5)
(-0.041875 0.25125 0.5)
(0.0209375 0.146562 0.5)
(-1.80411e-16 0.1675 0.5)
(-0.0209375 0.188437 0.5)
(-0.041875 0.209375 0.5)
(-0.0628125 0.230312 0.5)
(0.0209375 0.104687 0.5)
(-1.52656e-16 0.125625 0.5)
(-0.0209375 0.146562 0.5)
(-0.041875 0.1675 0.5)
(-0.0628125 0.188437 0.5)
(-0.08375 0.209375 0.5)
(0.0209375 0.0628125 0.5)
(-2.35922e-16 0.08375 0.5)
(-0.0209375 0.104687 0.5)
(-0.041875 0.125625 0.5)
(-0.0628125 0.146562 0.5)
(-0.08375 0.1675 0.5)
(-0.104688 0.188437 0.5)
(0.0209375 0.0209375 0.5)
(-2.08167e-16 0.041875 0.5)
(-0.0209375 0.0628125 0.5)
(-0.041875 0.08375 0.5)
(-0.0628125 0.104687 0.5)
(-0.08375 0.125625 0.5)
(-0.104688 0.146562 0.5)
(-0.125625 0.1675 0.5)
(-2.498e-16 -5.13478e-16 0.5)
(-0.0209375 0.0209375 0.5)
(-0.041875 0.041875 0.5)
(-0.0628125 0.0628125 0.5)
(-0.08375 0.08375 0.5)
(-0.104688 0.104687 0.5)
(-0.125625 0.125625 0.5)
(-0.146563 0.146562 0.5)
(-0.0209375 -0.0209375 0.5)
(-0.041875 -4.71845e-16 0.5)
(-0.0628125 0.0209375 0.5)
(-0.08375 0.041875 0.5)
(-0.104688 0.0628125 0.5)
(-0.125625 0.08375 0.5)
(-0.146563 0.104687 0.5)
(-0.1675 0.125625 0.5)
(-0.08375 -3.747e-16 0.5)
(-0.104688 0.0209375 0.5)
(-0.125625 0.041875 0.5)
(-0.146563 0.0628125 0.5)
(-0.1675 0.08375 0.5)
(-0.188438 0.104687 0.5)
(-0.125625 -3.747e-16 0.5)
(-0.146563 0.0209375 0.5)
(-0.1675 0.041875 0.5)
(-0.188438 0.0628125 0.5)
(-0.209375 0.08375 0.5)
(-0.1675 -3.19189e-16 0.5)
(-0.188438 0.0209375 0.5)
(-0.209375 0.041875 0.5)
(-0.230313 0.0628125 0.5)
(-0.209375 -3.1225e-16 0.5)
(-0.230313 0.0209375 0.5)
(-0.25125 0.041875 0.5)
(-0.25125 -2.84495e-16 0.5)
(-0.272188 0.0209375 0.5)
(-0.293125 -2.87964e-16 0.5)
(0.0209375 0.272187 0.45)
(-1.38778e-17 0.293125 0.45)
(0.0209375 0.230312 0.45)
(-3.46945e-17 0.25125 0.45)
(-0.0209375 0.272187 0.45)
(0.0209375 0.188437 0.45)
(-9.71445e-17 0.209375 0.45)
(-0.0209375 0.230312 0.45)
(-0.041875 0.25125 0.45)
(0.0209375 0.146562 0.45)
(-1.80411e-16 0.1675 0.45)
(-0.0209375 0.188437 0.45)
(-0.041875 0.209375 0.45)
(-0.0628125 0.230312 0.45)
(0.0209375 0.104687 0.45)
(-1.66533e-16 0.125625 0.45)
(-0.0209375 0.146562 0.45)
(-0.041875 0.1675 0.45)
(-0.0628125 0.188437 0.45)
(-0.08375 0.209375 0.45)
(0.0209375 0.0628125 0.45)
(-2.63678e-16 0.08375 0.45)
(-0.0209375 0.104687 0.45)
(-0.041875 0.125625 0.45)
(-0.0628125 0.146562 0.45)
(-0.08375 0.1675 0.45)
(-0.104688 0.188437 0.45)
(0.0209375 0.0209375 0.45)
(-2.22045e-16 0.041875 0.45)
(-0.0209375 0.0628125 0.45)
(-0.041875 0.08375 0.45)
(-0.0628125 0.104687 0.45)
(-0.08375 0.125625 0.45)
(-0.104688 0.146562 0.45)
(-0.125625 0.1675 0.45)
(-2.63678e-16 -5.27356e-16 0.45)
(-0.0209375 0.0209375 0.45)
(-0.041875 0.041875 0.45)
(-0.0628125 0.0628125 0.45)
(-0.08375 0.08375 0.45)
(-0.104688 0.104687 0.45)
(-0.125625 0.125625 0.45)
(-0.146563 0.146562 0.45)
(-0.0209375 -0.0209375 0.45)
(-0.041875 -4.71845e-16 0.45)
(-0.0628125 0.0209375 0.45)
(-0.08375 0.041875 0.45)
(-0.104688 0.0628125 0.45)
(-0.125625 0.08375 0.45)
(-0.146563 0.104687 0.45)
(-0.1675 0.125625 0.45)
(-0.0628125 -0.0209375 0.45)
(-0.08375 -4.02456e-16 0.45)
(-0.104688 0.0209375 0.45)
(-0.125625 0.041875 0.45)
(-0.146563 0.0628125 0.45)
(-0.1675 0.08375 0.45)
(-0.188438 0.104687 0.45)
(-0.104688 -0.0209375 0.45)
(-0.125625 -3.747e-16 0.45)
(-0.146563 0.0209375 0.45)
(-0.1675 0.041875 0.45)
(-0.188438 0.0628125 0.45)
(-0.209375 0.08375 0.45)
(-0.146563 -0.0209375 0.45)
(-0.1675 -3.19189e-16 0.45)
(-0.188438 0.0209375 0.45)
(-0.209375 0.041875 0.45)
(-0.230313 0.0628125 0.45)
(-0.209375 -3.1225e-16 0.45)
(-0.230313 0.0209375 0.45)
(-0.25125 0.041875 0.45)
(-0.25125 -2.84495e-16 0.45)
(-0.272188 0.0209375 0.45)
(-0.293125 -2.91434e-16 0.45)
(0.0209375 0.272187 0.4)
(-1.38778e-17 0.293125 0.4)
(0.0209375 0.230312 0.4)
(-3.46945e-17 0.25125 0.4)
(-0.0209375 0.272187 0.4)
(0.0209375 0.188437 0.4)
(-9.71445e-17 0.209375 0.4)
(-0.0209375 0.230312 0.4)
(-0.041875 0.25125 0.4)
(0.0209375 0.146562 0.4)
(-1.80411e-16 0.1675 0.4)
(-0.0209375 0.188437 0.4)
(-0.041875 0.209375 0.4)
(-0.0628125 0.230312 0.4)
(0.0209375 0.104687 0.4)
(-1.66533e-16 0.125625 0.4)
(-0.0209375 0.146562 0.4)
(-0.041875 0.1675 0.4)
(-0.0628125 0.188437 0.4)
(-0.08375 0.209375 0.4)
(0.0209375 0.0628125 0.4)
(-2.35922e-16 0.08375 0.4)
(-0.0209375 0.104687 0.4)
(-0.041875 0.125625 0.4)
(-0.0628125 0.146562 0.4)
(-0.08375 0.1675 0.4)
(-0.104688 0.188437 0.4)
(0.0209375 0.0209375 0.4)
(-2.08167e-16 0.041875 0.4)
(-0.0209375 0.0628125 0.4)
(-0.041875 0.08375 0.4)
(-0.0628125 0.104687 0.4)
(-0.08375 0.125625 0.4)
(-0.104688 0.146562 0.4)
(-0.125625 0.1675 0.4)
(-2.498e-16 -4.996e-16 0.4)
(-0.0209375 0.0209375 0.4)
(-0.041875 0.041875 0.4)
(-0.0628125 0.0628125 0.4)
(-0.08375 0.08375 0.4)
(-0.104688 0.104687 0.4)
(-0.125625 0.125625 0.4)
(-0.146563 0.146562 0.4)
(-0.0209375 -0.0209375 0.4)
(-0.041875 -4.85723e-16 0.4)
(-0.0628125 0.0209375 0.4)
(-0.08375 0.041875 0.4)
(-0.104688 0.0628125 0.4)
(-0.125625 0.08375 0.4)
(-0.146563 0.104687 0.4)
(-0.1675 0.125625 0.4)
(-0.0628125 -0.0209375 0.4)
(-0.08375 -3.747e-16 0.4)
(-0.104688 0.0209375 0.4)
(-0.125625 0.041875 0.4)
(-0.146563 0.0628125 0.4)
(-0.1675 0.08375 0.4)
(-0.188438 0.104687 0.4)
(-0.104688 -0.0209375 0.4)
(-0.125625 -4.02456e-16 0.4)
(-0.146563 0.0209375 0.4)
(-0.1675 0.041875 0.4)
(-0.188438 0.0628125 0.4)
(-0.209375 0.08375 0.4)
(-0.146563 -0.0209375 0.4)
(-0.1675 -3.46945e-16 0.4)
(-0.188438 0.0209375 0.4)
(-0.209375 0.041875 0.4)
(-0.230313 0.0628125 0.4)
(-0.188438 -0.0209375 0.4)
(-0.209375 -3.1225e-16 0.4)
(-0.230313 0.0209375 0.4)
(-0.25125 0.041875 0.4)
(-0.230313 -0.0209375 0.4)
(-0.25125 -2.84495e-16 0.4)
(-0.272188 0.0209375 0.4)
(-0.293125 -2.91434e-16 0.4)
(0.0209375 0.272187 0.35)
(-1.38778e-17 0.293125 0.35)
(0.0209375 0.230312 0.35)
(-8.32667e-17 0.25125 0.35)
(-0.0209375 0.272187 0.35)
(0.0209375 0.188437 0.35)
(-9.71445e-17 0.209375 0.35)
(-0.0209375 0.230312 0.35)
(-0.041875 0.25125 0.35)
(0.0209375 0.146562 0.35)
(-1.94289e-16 0.1675 0.35)
(-0.0209375 0.188437 0.35)
(-0.041875 0.209375 0.35)
(-0.0628125 0.230312 0.35)
(0.0209375 0.104687 0.35)
(-1.66533e-16 0.125625 0.35)
(-0.0209375 0.146562 0.35)
(-0.041875 0.1675 0.35)
(-0.0628125 0.188437 0.35)
(-0.08375 0.209375 0.35)
(0.0209375 0.0628125 0.35)
(-2.35922e-16 0.08375 0.35)
(-0.0209375 0.104687 0.35)
(-0.041875 0.125625 0.35)
(-0.0628125 0.146562 0.35)
(-0.08375 0.1675 0.35)
(-0.104688 0.188437 0.35)
(0.0209375 0.0209375 0.35)
(-2.08167e-16 0.041875 0.35)
(-0.0209375 0.0628125 0.35)
(-0.041875 0.08375 0.35)
(-0.0628125 0.104687 0.35)
(-0.08375 0.125625 0.35)
(-0.104688 0.146562 0.35)
(-0.125625 0.1675 0.35)
(-2.498e-16 -4.996e-16 0.35)
(-0.0209375 0.0209375 0.35)
(-0.041875 0.041875 0.35)
(-0.0628125 0.0628125 0.35)
(-0.08375 0.08375 0.35)
(-0.104688 0.104687 0.35)
(-0.125625 0.125625 0.35)
(-0.146563 0.146562 0.35)
(-0.0209375 -0.0209375 0.35)
(-0.041875 -4.85723e-16 0.35)
(-0.0628125 0.0209375 0.35)
(-0.08375 0.041875 0.35)
(-0.104688 0.0628125 0.35)
(-0.125625 0.08375 0.35)
(-0.146563 0.104687 0.35)
(-0.1675 0.125625 0.35)
(-0.0628125 -0.0209375 0.35)
(-0.08375 -4.02456e-16 0.35)
(-0.104688 0.0209375 0.35)
(-0.125625 0.041875 0.35)
(-0.146563 0.0628125 0.35)
(-0.1675 0.08375 0.35)
(-0.188438 0.104687 0.35)
(-0.104688 -0.0209375 0.35)
(-0.125625 -3.747e-16 0.35)
(-0.146563 0.0209375 0.35)
(-0.1675 0.041875 0.35)
(-0.188438 0.0628125 0.35)
(-0.209375 0.08375 0.35)
(-0.146563 -0.0209375 0.35)
(-0.1675 -3.33067e-16 0.35)
(-0.188438 0.0209375 0.35)
(-0.209375 0.041875 0.35)
(-0.230313 0.0628125 0.35)
(-0.188438 -0.0209375 0.35)
(-0.209375 -3.1225e-16 0.35)
(-0.230313 0.0209375 0.35)
(-0.25125 0.041875 0.35)
(-0.230313 -0.0209375 0.35)
(-0.25125 -2.98372e-16 0.35)
(-0.272188 0.0209375 0.35)
(-0.272188 -0.0209375 0.35)
(-0.293125 -2.87964e-16 0.35)
(0.0209375 0.272187 0.3)
(-1.38778e-17 0.293125 0.3)
(0.0209375 0.230312 0.3)
(-8.32667e-17 0.25125 0.3)
(-0.0209375 0.272187 0.3)
(0.0209375 0.188437 0.3)
(-1.45717e-16 0.209375 0.3)
(-0.0209375 0.230312 0.3)
(-0.041875 0.25125 0.3)
(0.0209375 0.146562 0.3)
(-1.80411e-16 0.1675 0.3)
(-0.0209375 0.188437 0.3)
(-0.041875 0.209375 0.3)
(-0.0628125 0.230312 0.3)
(0.0209375 0.104687 0.3)
(-1.38778e-16 0.125625 0.3)
(-0.0209375 0.146562 0.3)
(-0.041875 0.1675 0.3)
(-0.0628125 0.188437 0.3)
(-0.08375 0.209375 0.3)
(0.0209375 0.0628125 0.3)
(-2.35922e-16 0.08375 0.3)
(-0.0209375 0.104687 0.3)
(-0.041875 0.125625 0.3)
(-0.0628125 0.146562 0.3)
(-0.08375 0.1675 0.3)
(-0.104688 0.188437 0.3)
(0.0209375 0.0209375 0.3)
(-2.08167e-16 0.041875 0.3)
(-0.0209375 0.0628125 0.3)
(-0.041875 0.08375 0.3)
(-0.0628125 0.104687 0.3)
(-0.08375 0.125625 0.3)
(-0.104688 0.146562 0.3)
(-0.125625 0.1675 0.3)
(-2.498e-16 -5.13478e-16 0.3)
(-0.0209375 0.0209375 0.3)
(-0.041875 0.041875 0.3)
(-0.0628125 0.0628125 0.3)
(-0.08375 0.08375 0.3)
(-0.104688 0.104687 0.3)
(-0.125625 0.125625 0.3)
(-0.146563 0.146562 0.3)
(-0.0209375 -0.0209375 0.3)
(-0.041875 -4.30211e-16 0.3)
(-0.0628125 0.0209375 0.3)
(-0.08375 0.041875 0.3)
(-0.104688 0.0628125 0.3)
(-0.125625 0.08375 0.3)
(-0.146563 0.104687 0.3)
(-0.1675 0.125625 0.3)
(-0.0628125 -0.0209375 0.3)
(-0.08375 -3.747e-16 0.3)
(-0.104688 0.0209375 0.3)
(-0.125625 0.041875 0.3)
(-0.146563 0.0628125 0.3)
(-0.1675 0.08375 0.3)
(-0.188438 0.104687 0.3)
(-0.104688 -0.0209375 0.3)
(-0.125625 -3.747e-16 0.3)
(-0.146563 0.0209375 0.3)
(-0.1675 0.041875 0.3)
(-0.188438 0.0628125 0.3)
(-0.209375 0.08375 0.3)
(-0.146563 -0.0209375 0.3)
(-0.1675 -3.33067e-16 0.3)
(-0.188438 0.0209375 0.3)
(-0.209375 0.041875 0.3)
(-0.230313 0.0628125 0.3)
(-0.188438 -0.0209375 0.3)
(-0.209375 -3.1225e-16 0.3)
(-0.230313 0.0209375 0.3)
(-0.25125 0.041875 0.3)
(-0.230313 -0.0209375 0.3)
(-0.25125 -2.84495e-16 0.3)
(-0.272188 0.0209375 0.3)
(-0.272188 -0.0209375 0.3)
(-0.293125 -2.91434e-16 0.3)
(0.0209375 0.272187 0.25)
(-1.38778e-17 0.293125 0.25)
(0.0209375 0.230312 0.25)
(-3.46945e-17 0.25125 0.25)
(-0.0209375 0.272187 0.25)
(0.0209375 0.188437 0.25)
(-9.71445e-17 0.209375 0.25)
(-0.0209375 0.230312 0.25)
(-0.041875 0.25125 0.25)
(0.0209375 0.146562 0.25)
(-1.80411e-16 0.1675 0.25)
(-0.0209375 0.188437 0.25)
(-0.041875 0.209375 0.25)
(-0.0628125 0.230312 0.25)
(0.0209375 0.104687 0.25)
(-1.66533e-16 0.125625 0.25)
(-0.0209375 0.146562 0.25)
(-0.041875 0.1675 0.25)
(-0.0628125 0.188437 0.25)
(-0.08375 0.209375 0.25)
(0.0209375 0.0628125 0.25)
(-2.22045e-16 0.08375 0.25)
(-0.0209375 0.104687 0.25)
(-0.041875 0.125625 0.25)
(-0.0628125 0.146562 0.25)
(-0.08375 0.1675 0.25)
(-0.104688 0.188437 0.25)
(0.0209375 0.0209375 0.25)
(-2.08167e-16 0.041875 0.25)
(-0.0209375 0.0628125 0.25)
(-0.041875 0.08375 0.25)
(-0.0628125 0.104687 0.25)
(-0.08375 0.125625 0.25)
(-0.104688 0.146562 0.25)
(-0.125625 0.1675 0.25)
(-2.35922e-16 -5.13478e-16 0.25)
(-0.0209375 0.0209375 0.25)
(-0.041875 0.041875 0.25)
(-0.0628125 0.0628125 0.25)
(-0.08375 0.08375 0.25)
(-0.104688 0.104687 0.25)
(-0.125625 0.125625 0.25)
(-0.146563 0.146562 0.25)
(-0.0209375 -0.0209375 0.25)
(-0.041875 -4.30211e-16 0.25)
(-0.0628125 0.0209375 0.25)
(-0.08375 0.041875 0.25)
(-0.104688 0.0628125 0.25)
(-0.125625 0.08375 0.25)
(-0.146563 0.104687 0.25)
(-0.1675 0.125625 0.25)
(-0.0628125 -0.0209375 0.25)
(-0.08375 -3.747e-16 0.25)
(-0.104688 0.0209375 0.25)
(-0.125625 0.041875 0.25)
(-0.146563 0.0628125 0.25)
(-0.1675 0.08375 0.25)
(-0.188438 0.104687 0.25)
(-0.104688 -0.0209375 0.25)
(-0.125625 -3.747e-16 0.25)
(-0.146563 0.0209375 0.25)
(-0.1675 0.041875 0.25)
(-0.188438 0.0628125 0.25)
(-0.209375 0.08375 0.25)
(-0.146563 -0.0209375 0.25)
(-0.1675 -3.33067e-16 0.25)
(-0.188438 0.0209375 0.25)
(-0.209375 0.041875 0.25)
(-0.230313 0.0628125 0.25)
(-0.188438 -0.0209375 0.25)
(-0.209375 -3.33067e-16 0.25)
(-0.230313 0.0209375 0.25)
(-0.25125 0.041875 0.25)
(-0.230313 -0.0209375 0.25)
(-0.25125 -2.98372e-16 0.25)
(-0.272188 0.0209375 0.25)
(-0.272188 -0.0209375 0.25)
(-0.293125 -2.87964e-16 0.25)
(0.0209375 0.272187 0.2)
(-1.38778e-17 0.293125 0.2)
(0.0209375 0.230312 0.2)
(1.38778e-17 0.25125 0.2)
(-0.0209375 0.272188 0.2)
(0.0209375 0.188437 0.2)
(-9.71445e-17 0.209375 0.2)
(-0.0209375 0.230312 0.2)
(-0.041875 0.25125 0.2)
(0.0209375 0.146562 0.2)
(-1.80411e-16 0.1675 0.2)
(-0.0209375 0.188437 0.2)
(-0.041875 0.209375 0.2)
(-0.0628125 0.230312 0.2)
(0.0209375 0.104687 0.2)
(-1.249e-16 0.125625 0.2)
(-0.0209375 0.146562 0.2)
(-0.041875 0.1675 0.2)
(-0.0628125 0.188437 0.2)
(-0.08375 0.209375 0.2)
(0.0209375 0.0628125 0.2)
(-2.498e-16 0.08375 0.2)
(-0.0209375 0.104687 0.2)
(-0.041875 0.125625 0.2)
(-0.0628125 0.146562 0.2)
(-0.08375 0.1675 0.2)
(-0.104688 0.188437 0.2)
(0.0209375 0.0209375 0.2)
(-2.08167e-16 0.041875 0.2)
(-0.0209375 0.0628125 0.2)
(-0.041875 0.08375 0.2)
(-0.0628125 0.104687 0.2)
(-0.08375 0.125625 0.2)
(-0.104688 0.146562 0.2)
(-0.125625 0.1675 0.2)
(-2.77556e-16 -5.41234e-16 0.2)
(-0.0209375 0.0209375 0.2)
(-0.041875 0.041875 0.2)
(-0.0628125 0.0628125 0.2)
(-0.08375 0.08375 0.2)
(-0.104688 0.104687 0.2)
(-0.125625 0.125625 0.2)
(-0.146563 0.146562 0.2)
(-0.0209375 -0.0209375 0.2)
(-0.041875 -4.57967e-16 0.2)
(-0.0628125 0.0209375 0.2)
(-0.08375 0.041875 0.2)
(-0.104688 0.0628125 0.2)
(-0.125625 0.08375 0.2)
(-0.146563 0.104687 0.2)
(-0.1675 0.125625 0.2)
(-0.0628125 -0.0209375 0.2)
(-0.08375 -4.02456e-16 0.2)
(-0.104688 0.0209375 0.2)
(-0.125625 0.041875 0.2)
(-0.146563 0.0628125 0.2)
(-0.1675 0.08375 0.2)
(-0.188438 0.104687 0.2)
(-0.104688 -0.0209375 0.2)
(-0.125625 -3.747e-16 0.2)
(-0.146563 0.0209375 0.2)
(-0.1675 0.041875 0.2)
(-0.188438 0.0628125 0.2)
(-0.209375 0.08375 0.2)
(-0.146563 -0.0209375 0.2)
(-0.1675 -3.33067e-16 0.2)
(-0.188438 0.0209375 0.2)
(-0.209375 0.041875 0.2)
(-0.230313 0.0628125 0.2)
(-0.188438 -0.0209375 0.2)
(-0.209375 -3.1225e-16 0.2)
(-0.230313 0.0209375 0.2)
(-0.25125 0.041875 0.2)
(-0.230313 -0.0209375 0.2)
(-0.25125 -2.84495e-16 0.2)
(-0.272188 0.0209375 0.2)
(-0.272188 -0.0209375 0.2)
(-0.293125 -2.87964e-16 0.2)
(0.0209375 0.272187 0.15)
(-1.38778e-17 0.293125 0.15)
(0.0209375 0.230312 0.15)
(-3.46945e-17 0.25125 0.15)
(-0.0209375 0.272187 0.15)
(0.0209375 0.188437 0.15)
(-5.55112e-17 0.209375 0.15)
(-0.0209375 0.230312 0.15)
(-0.041875 0.25125 0.15)
(0.0209375 0.146562 0.15)
(-1.94289e-16 0.1675 0.15)
(-0.0209375 0.188437 0.15)
(-0.041875 0.209375 0.15)
(-0.0628125 0.230312 0.15)
(0.0209375 0.104687 0.15)
(-1.52656e-16 0.125625 0.15)
(-0.0209375 0.146562 0.15)
(-0.041875 0.1675 0.15)
(-0.0628125 0.188437 0.15)
(-0.08375 0.209375 0.15)
(0.0209375 0.0628125 0.15)
(-2.22045e-16 0.08375 0.15)
(-0.0209375 0.104687 0.15)
(-0.041875 0.125625 0.15)
(-0.0628125 0.146562 0.15)
(-0.08375 0.1675 0.15)
(-0.104688 0.188437 0.15)
(0.0209375 0.0209375 0.15)
(-2.08167e-16 0.041875 0.15)
(-0.0209375 0.0628125 0.15)
(-0.041875 0.08375 0.15)
(-0.0628125 0.104687 0.15)
(-0.08375 0.125625 0.15)
(-0.104688 0.146562 0.15)
(-0.125625 0.1675 0.15)
(-2.35922e-16 -4.996e-16 0.15)
(-0.0209375 0.0209375 0.15)
(-0.041875 0.041875 0.15)
(-0.0628125 0.0628125 0.15)
(-0.08375 0.08375 0.15)
(-0.104688 0.104687 0.15)
(-0.125625 0.125625 0.15)
(-0.146563 0.146562 0.15)
(-0.0209375 -0.0209375 0.15)
(-0.041875 -4.71845e-16 0.15)
(-0.0628125 0.0209375 0.15)
(-0.08375 0.041875 0.15)
(-0.104688 0.0628125 0.15)
(-0.125625 0.08375 0.15)
(-0.146563 0.104687 0.15)
(-0.1675 0.125625 0.15)
(-0.0628125 -0.0209375 0.15)
(-0.08375 -4.02456e-16 0.15)
(-0.104688 0.0209375 0.15)
(-0.125625 0.041875 0.15)
(-0.146563 0.0628125 0.15)
(-0.1675 0.08375 0.15)
(-0.188438 0.104687 0.15)
(-0.104688 -0.0209375 0.15)
(-0.125625 -3.33067e-16 0.15)
(-0.146563 0.0209375 0.15)
(-0.1675 0.041875 0.15)
(-0.188438 0.0628125 0.15)
(-0.209375 0.08375 0.15)
(-0.146563 -0.0209375 0.15)
(-0.1675 -3.33067e-16 0.15)
(-0.188438 0.0209375 0.15)
(-0.209375 0.041875 0.15)
(-0.230313 0.0628125 0.15)
(-0.188438 -0.0209375 0.15)
(-0.209375 -3.19189e-16 0.15)
(-0.230313 0.0209375 0.15)
(-0.25125 0.041875 0.15)
(-0.230313 -0.0209375 0.15)
(-0.25125 -2.98372e-16 0.15)
(-0.272188 0.0209375 0.15)
(-0.272188 -0.0209375 0.15)
(-0.293125 -2.94903e-16 0.15)
(0.0209375 0.272187 0.1)
(3.81639e-17 0.293125 0.1)
(0.0209375 0.230312 0.1)
(-1.31839e-16 0.25125 0.1)
(-0.0209375 0.272187 0.1)
(0.0209375 0.188437 0.1)
(-9.71445e-17 0.209375 0.1)
(-0.0209375 0.230312 0.1)
(-0.041875 0.25125 0.1)
(0.0209375 0.146562 0.1)
(-1.94289e-16 0.1675 0.1)
(-0.0209375 0.188437 0.1)
(-0.041875 0.209375 0.1)
(-0.0628125 0.230312 0.1)
(0.0209375 0.104687 0.1)
(-1.52656e-16 0.125625 0.1)
(-0.0209375 0.146562 0.1)
(-0.041875 0.1675 0.1)
(-0.0628125 0.188437 0.1)
(-0.08375 0.209375 0.1)
(0.0209375 0.0628125 0.1)
(-3.19189e-16 0.08375 0.1)
(-0.0209375 0.104687 0.1)
(-0.041875 0.125625 0.1)
(-0.0628125 0.146562 0.1)
(-0.08375 0.1675 0.1)
(-0.104688 0.188437 0.1)
(0.0209375 0.0209375 0.1)
(-2.22045e-16 0.041875 0.1)
(-0.0209375 0.0628125 0.1)
(-0.041875 0.08375 0.1)
(-0.0628125 0.104687 0.1)
(-0.08375 0.125625 0.1)
(-0.104688 0.146562 0.1)
(-0.125625 0.1675 0.1)
(-2.63678e-16 -5.27356e-16 0.1)
(-0.0209375 0.0209375 0.1)
(-0.041875 0.041875 0.1)
(-0.0628125 0.0628125 0.1)
(-0.08375 0.08375 0.1)
(-0.104688 0.104687 0.1)
(-0.125625 0.125625 0.1)
(-0.146563 0.146562 0.1)
(-0.0209375 -0.0209375 0.1)
(-0.041875 -4.85723e-16 0.1)
(-0.0628125 0.0209375 0.1)
(-0.08375 0.041875 0.1)
(-0.104688 0.0628125 0.1)
(-0.125625 0.08375 0.1)
(-0.146563 0.104687 0.1)
(-0.1675 0.125625 0.1)
(-0.0628125 -0.0209375 0.1)
(-0.08375 -3.60822e-16 0.1)
(-0.104688 0.0209375 0.1)
(-0.125625 0.041875 0.1)
(-0.146563 0.0628125 0.1)
(-0.1675 0.08375 0.1)
(-0.188438 0.104687 0.1)
(-0.104688 -0.0209375 0.1)
(-0.125625 -3.747e-16 0.1)
(-0.146563 0.0209375 0.1)
(-0.1675 0.041875 0.1)
(-0.188438 0.0628125 0.1)
(-0.209375 0.08375 0.1)
(-0.146563 -0.0209375 0.1)
(-0.1675 -3.19189e-16 0.1)
(-0.188438 0.0209375 0.1)
(-0.209375 0.041875 0.1)
(-0.230313 0.0628125 0.1)
(-0.188438 -0.0209375 0.1)
(-0.209375 -3.1225e-16 0.1)
(-0.230313 0.0209375 0.1)
(-0.25125 0.041875 0.1)
(-0.230313 -0.0209375 0.1)
(-0.25125 -3.1225e-16 0.1)
(-0.272188 0.0209375 0.1)
(-0.272188 -0.0209375 0.1)
(-0.293125 -2.87964e-16 0.1)
(0.0209375 0.272187 0.05)
(9.02056e-17 0.293125 0.05)
(0.0209375 0.230312 0.05)
(-3.46945e-17 0.25125 0.05)
(-0.0209375 0.272187 0.05)
(0.0209375 0.188437 0.05)
(-9.71445e-17 0.209375 0.05)
(-0.0209375 0.230312 0.05)
(-0.041875 0.25125 0.05)
(0.0209375 0.146562 0.05)
(-1.80411e-16 0.1675 0.05)
(-0.0209375 0.188437 0.05)
(-0.041875 0.209375 0.05)
(-0.0628125 0.230312 0.05)
(0.0209375 0.104687 0.05)
(-2.08167e-16 0.125625 0.05)
(-0.0209375 0.146562 0.05)
(-0.041875 0.1675 0.05)
(-0.0628125 0.188437 0.05)
(-0.08375 0.209375 0.05)
(0.0209375 0.0628125 0.05)
(-2.77556e-16 0.08375 0.05)
(-0.0209375 0.104687 0.05)
(-0.041875 0.125625 0.05)
(-0.0628125 0.146562 0.05)
(-0.08375 0.1675 0.05)
(-0.104688 0.188437 0.05)
(0.0209375 0.0209375 0.05)
(-2.22045e-16 0.041875 0.05)
(-0.0209375 0.0628125 0.05)
(-0.041875 0.08375 0.05)
(-0.0628125 0.104687 0.05)
(-0.08375 0.125625 0.05)
(-0.104688 0.146562 0.05)
(-0.125625 0.1675 0.05)
(-2.35922e-16 -5.13478e-16 0.05)
(-0.0209375 0.0209375 0.05)
(-0.041875 0.041875 0.05)
(-0.0628125 0.0628125 0.05)
(-0.08375 0.08375 0.05)
(-0.104688 0.104687 0.05)
(-0.125625 0.125625 0.05)
(-0.146563 0.146562 0.05)
(-0.0209375 -0.0209375 0.05)
(-0.041875 -4.71845e-16 0.05)
(-0.0628125 0.0209375 0.05)
(-0.08375 0.041875 0.05)
(-0.104688 0.0628125 0.05)
(-0.125625 0.08375 0.05)
(-0.146563 0.104687 0.05)
(-0.1675 0.125625 0.05)
(-0.0628125 -0.0209375 0.05)
(-0.08375 -3.747e-16 0.05)
(-0.104688 0.0209375 0.05)
(-0.125625 0.041875 0.05)
(-0.146563 0.0628125 0.05)
(-0.1675 0.08375 0.05)
(-0.188438 0.104687 0.05)
(-0.104688 -0.0209375 0.05)
(-0.125625 -3.88578e-16 0.05)
(-0.146563 0.0209375 0.05)
(-0.1675 0.041875 0.05)
(-0.188438 0.0628125 0.05)
(-0.209375 0.08375 0.05)
(-0.146563 -0.0209375 0.05)
(-0.1675 -3.19189e-16 0.05)
(-0.188438 0.0209375 0.05)
(-0.209375 0.041875 0.05)
(-0.230313 0.0628125 0.05)
(-0.188438 -0.0209375 0.05)
(-0.209375 -3.40006e-16 0.05)
(-0.230313 0.0209375 0.05)
(-0.25125 0.041875 0.05)
(-0.230313 -0.0209375 0.05)
(-0.25125 -2.84495e-16 0.05)
(-0.272188 0.0209375 0.05)
(-0.272188 -0.0209375 0.05)
(-0.293125 -2.91434e-16 0.05)
)


// ************************************************************************* //
