/*--------------------------------*- C++ -*----------------------------------*\
| =========                 |                                                 |
| \\      /  F ield         | OpenFOAM: The Open Source CFD Toolbox           |
|  \\    /   O peration     | Version:  4.x                                   |
|   \\  /    A nd           | Web:      www.OpenFOAM.org                      |
|    \\/     M anipulation  |                                                 |
\*---------------------------------------------------------------------------*/
FoamFile
{
    version     2.0;
    format      ascii;
    class       labelList;
    location    "constant/polyMesh";
    object      pointProcAddressing;
}
// * * * * * * * * * * * * * * * * * * * * * * * * * * * * * * * * * * * * * //


1802
(
103
119
134
167
168
169
170
171
172
173
174
175
176
321
336
351
366
381
396
411
426
441
456
519
520
521
522
523
524
525
526
527
528
823
824
825
898
899
900
901
902
903
904
905
906
907
908
909
910
911
912
913
914
915
916
917
918
919
920
921
922
923
924
925
926
927
1783
1784
1785
1786
1787
1788
1789
1790
1791
1792
1793
1794
1795
1796
1797
1798
1799
1800
1801
1802
1803
1804
1805
1806
1807
1808
1809
1810
1811
1812
1813
1814
1847
1848
1849
1850
1851
1852
1853
1854
1855
1856
2001
2002
2003
2004
2005
2006
2007
2008
2009
2010
2011
2012
2013
2014
2015
2016
2017
2018
2019
2020
2021
2022
2023
2024
2025
2026
2027
2028
2029
2030
2031
2032
2033
2034
2035
2036
2037
2038
2039
2040
2041
2042
2043
2044
2045
2046
2047
2048
2049
2050
2051
2052
2053
2054
2055
2056
2057
2058
2059
2060
2061
2062
2063
2064
2065
2066
2067
2068
2069
2070
2071
2072
2073
2074
2075
2076
2077
2078
2079
2080
2081
2082
2083
2084
2085
2086
2087
2088
2089
2090
2091
2092
2093
2094
2095
2096
2097
2098
2099
2100
2101
2102
2103
2104
2105
2106
2107
2108
2109
2110
2111
2112
2113
2114
2115
2116
2117
2118
2119
2120
2121
2122
2123
2124
2125
2126
2127
2128
2129
2130
2131
2132
2133
2134
2135
2136
2137
2138
2139
2140
2141
2142
2143
2144
2145
2146
2147
2148
2149
2150
2199
2200
2201
2202
2203
2204
2205
2206
2207
2208
2353
2354
2355
2356
2357
2358
2359
2360
2361
2362
2363
2364
2365
2366
2367
2368
2369
2370
2371
2372
2373
2374
2375
2376
2377
2378
2379
2380
2381
2382
2383
2384
2385
2386
2387
2388
2389
2390
2391
2392
2393
2394
2395
2396
2397
2398
2399
2400
2401
2402
2403
2404
2405
2406
2407
2408
2409
2410
2411
2412
2413
2414
2415
2416
2417
2418
2419
2420
2421
2422
2423
2424
2425
2426
2427
2428
2429
2430
2431
2432
2433
2434
2435
2436
2437
2438
2439
2440
2441
2442
2443
2444
2445
2446
2447
2448
2449
2450
2451
2452
2453
2454
2455
2456
2457
2458
2459
2460
2461
2462
2463
2464
2465
2466
2467
2468
2469
2470
2471
2472
2473
2474
2475
2476
2477
2478
2479
2480
2481
2482
2483
2484
2485
2486
2487
2488
2489
2490
2491
2492
2493
2494
2495
2496
2497
2498
2499
2500
2501
2502
2503
2504
2505
2506
2507
2508
2509
2510
2511
2512
2513
2514
2515
2516
2517
2518
2519
2520
2521
2522
2523
2524
2525
2526
2527
2528
2529
2530
2531
2532
2533
2534
2535
2536
2537
2538
2539
2540
2541
2542
2543
2544
2545
2546
2547
2548
2549
2550
2578
2579
2580
2581
2582
2583
2584
2585
2586
2587
2588
2589
2590
2591
2592
2593
2594
2595
2596
2597
2598
2599
2600
2601
2602
2603
2604
2605
2606
2607
3013
3014
3015
3016
3017
3018
3019
3020
3021
3022
3023
3024
3025
3026
3027
3028
3029
3030
3031
3032
3033
3034
3035
3036
3037
3038
3039
3040
3041
3042
3043
3044
3045
3046
3047
3048
3049
3050
3051
3052
3053
3054
3055
3056
3057
3058
3059
3060
3061
3062
3063
3064
3065
3066
3067
3068
3069
3070
3071
3072
3073
3074
3075
3076
3077
3078
3079
3080
3081
3082
3083
3084
3085
3086
3087
3088
3089
3090
3091
3092
3093
3094
3095
3096
3097
3098
3099
3100
3101
3102
3103
3104
3105
3106
3107
3108
3109
3110
3111
3112
3113
3114
3115
3116
3117
3118
3119
3120
3121
3122
3123
3124
3125
3126
3127
3128
3129
3130
3131
3132
3133
3134
3135
3136
3137
3138
3139
3140
3141
3142
3143
3144
3145
3146
3147
3148
3149
3150
3151
3152
3153
3154
3155
3156
3157
3158
3159
3160
3161
3162
3163
3164
3165
3166
3167
3168
3169
3170
3171
3172
3173
3174
3175
3176
3177
3178
3179
3180
3181
3182
3183
3184
3185
3186
3187
3188
3189
3190
3191
3192
3193
3194
3195
3196
3197
3198
3199
3200
3201
3202
3203
3204
3205
3206
3207
3208
3209
3210
3211
3212
3213
3214
3215
3216
3217
3218
3219
3220
3221
3222
3223
3224
3225
3226
3227
3228
3229
3230
3231
3232
3233
3234
3235
3236
3237
3238
3239
3240
3241
3242
3243
3244
3245
3246
3247
3248
3249
3250
3251
3252
3253
3254
3255
3256
3257
3258
3259
3260
3261
3262
3263
3264
3265
3266
3267
3268
3269
3270
3271
3272
3273
3274
3275
3276
3277
3278
3279
3280
3281
3282
3283
3284
3285
3286
3287
3288
3289
3290
3291
3292
3293
3294
3295
3296
3297
3298
3299
3300
3301
3302
3303
3304
3305
3306
3307
3308
3309
3310
3311
3312
3313
3314
3315
3316
3317
3318
3319
3320
3321
3322
3323
3324
3325
3326
3327
3328
3329
3330
3331
3332
3333
3334
3335
3336
3337
3338
3339
3340
3341
3342
3343
3344
3345
3346
3347
3348
3349
3350
3351
3352
3353
3354
3355
3356
3357
3358
3359
3360
3361
3362
3363
3364
3365
3366
3367
3368
3369
3370
3371
3372
3373
3374
3375
3376
3377
3378
3379
3380
3381
3382
3383
3384
3385
3386
3387
3388
3389
3390
3391
3392
3393
3394
3395
3396
3397
3398
3399
3400
3401
3402
3403
3404
3405
3406
3407
3408
3409
3410
3411
3412
3413
3414
3415
3416
3417
3418
3419
3420
3421
3422
3423
3424
3425
3426
3427
3428
3429
3430
3431
3432
3433
3434
3435
3436
3437
3438
3439
3440
3441
3442
3443
3444
3445
3446
3447
3448
3449
3450
3451
3452
3453
3454
3455
3456
3457
3458
3459
3460
3461
3462
3512
3788
3803
3818
3833
3848
3863
3878
6943
6944
6945
6946
6947
6948
6949
6950
6951
6952
6953
6954
6955
6956
6957
6958
6959
6960
6961
6962
6963
6964
6965
6966
6967
6968
6969
6970
6971
6972
6974
6975
6976
6977
6978
6979
6980
6981
6982
6983
6984
6985
6986
6990
6991
6992
6993
6994
6995
6996
6997
6998
6999
7000
7006
7007
7008
7009
7010
7011
7012
7013
7014
7022
7023
7024
7025
7026
7027
7028
7038
7039
7040
7041
7042
7054
7055
7056
9206
9207
9220
9221
9222
9234
9235
9236
9237
9248
9249
9250
9251
9252
9262
9263
9264
9265
9266
9267
9276
9277
9278
9279
9280
9281
9282
9290
9291
9292
9293
9294
9295
9296
9297
9305
9306
9307
9308
9309
9310
9311
9312
9320
9321
9322
9323
9324
9325
9326
9327
9337
9338
9339
9340
9341
9342
9353
9354
9355
9356
9357
9369
9370
9371
9372
9385
9386
9387
9401
9402
9417
9431
9432
9445
9446
9447
9459
9460
9461
9462
9473
9474
9475
9476
9477
9487
9488
9489
9490
9491
9492
9501
9502
9503
9504
9505
9506
9507
9515
9516
9517
9518
9519
9520
9521
9522
9530
9531
9532
9533
9534
9535
9536
9537
9545
9546
9547
9548
9549
9550
9551
9552
9561
9562
9563
9564
9565
9566
9567
9577
9578
9579
9580
9581
9582
9593
9594
9595
9596
9597
9610
9611
9612
9626
9627
9642
9656
9657
9670
9671
9672
9684
9685
9686
9687
9698
9699
9700
9701
9702
9712
9713
9714
9715
9716
9717
9726
9727
9728
9729
9730
9731
9732
9740
9741
9742
9743
9744
9745
9746
9747
9755
9756
9757
9758
9759
9760
9761
9762
9770
9771
9772
9773
9774
9775
9776
9777
9786
9787
9788
9789
9790
9791
9792
9802
9803
9804
9805
9806
9807
9818
9819
9820
9821
9822
9834
9835
9836
9837
9850
9851
9852
9867
9881
9882
9895
9896
9897
9909
9910
9911
9912
9923
9924
9925
9926
9927
9937
9938
9939
9940
9941
9942
9951
9952
9953
9954
9955
9956
9957
9965
9966
9967
9968
9969
9970
9971
9972
9980
9981
9982
9983
9984
9985
9986
9987
9995
9996
9997
9998
9999
10000
10001
10002
10011
10012
10013
10014
10015
10016
10017
10027
10028
10029
10030
10031
10032
10043
10044
10045
10046
10047
10059
10060
10061
10062
10075
10076
10077
10091
10092
10106
10107
10120
10121
10122
10134
10135
10136
10137
10148
10149
10150
10151
10152
10162
10163
10164
10165
10166
10167
10176
10177
10178
10179
10180
10181
10182
10190
10191
10192
10193
10194
10195
10196
10197
10205
10206
10207
10208
10209
10210
10211
10212
10220
10221
10222
10223
10224
10225
10226
10227
10236
10237
10238
10239
10240
10241
10242
10252
10253
10254
10255
10256
10257
10268
10269
10270
10271
10272
10284
10285
10286
10287
10300
10301
10302
10316
10317
10331
10332
10345
10346
10347
10359
10360
10361
10362
10373
10374
10375
10376
10377
10387
10388
10389
10390
10391
10392
10401
10402
10403
10404
10405
10406
10407
10415
10416
10417
10418
10419
10420
10421
10422
10430
10431
10432
10433
10434
10435
10436
10437
10445
10446
10447
10448
10449
10450
10451
10452
10461
10462
10463
10464
10465
10466
10467
10477
10478
10479
10480
10481
10482
10493
10494
10495
10496
10497
10509
10510
10511
10512
10525
10526
10527
10541
10542
10556
10557
10570
10571
10572
10584
10585
10586
10587
10598
10599
10600
10601
10602
10612
10613
10614
10615
10616
10617
10626
10627
10628
10629
10630
10631
10632
10640
10641
10642
10643
10644
10645
10646
10647
10655
10656
10657
10658
10659
10660
10661
10662
10670
10671
10672
10673
10674
10675
10676
10677
10686
10687
10688
10689
10690
10691
10692
10702
10703
10704
10705
10706
10707
10718
10719
10720
10721
10722
10734
10735
10736
10737
10750
10751
10752
10766
10767
10781
10782
10795
10796
10797
10809
10810
10811
10812
10823
10824
10825
10826
10827
10837
10838
10839
10840
10841
10842
10851
10852
10853
10854
10855
10856
10857
10865
10866
10867
10868
10869
10870
10871
10872
10880
10881
10882
10883
10884
10885
10886
10887
10895
10896
10897
10898
10899
10900
10901
10902
10911
10912
10913
10914
10915
10916
10917
10927
10928
10929
10930
10931
10932
10943
10944
10945
10946
10947
10959
10960
10961
10962
10975
10976
10977
10991
10992
11006
11007
11020
11021
11022
11034
11035
11036
11037
11048
11049
11050
11051
11052
11062
11063
11064
11065
11066
11067
11076
11077
11078
11079
11080
11081
11082
11090
11091
11092
11093
11094
11095
11096
11097
11105
11106
11107
11108
11109
11110
11111
11112
11120
11121
11122
11123
11124
11125
11126
11127
11136
11137
11138
11139
11140
11141
11142
11152
11153
11154
11155
11156
11157
11168
11169
11170
11171
11172
11184
11185
11186
11187
11200
11201
11202
11216
11217
11231
11232
11245
11246
11247
11259
11260
11261
11262
11273
11274
11275
11276
11277
11287
11288
11289
11290
11291
11292
11301
11302
11303
11304
11305
11306
11307
11315
11316
11317
11318
11319
11320
11321
11322
11330
11331
11332
11333
11334
11335
11336
11337
11345
11346
11347
11348
11349
11350
11351
11352
11361
11362
11363
11364
11365
11366
11367
11377
11378
11379
11380
11381
11382
11393
11394
11395
11396
11397
11409
11410
11411
11412
11425
11426
11427
11441
11442
)


// ************************************************************************* //
