/*--------------------------------*- C++ -*----------------------------------*\
| =========                 |                                                 |
| \\      /  F ield         | OpenFOAM: The Open Source CFD Toolbox           |
|  \\    /   O peration     | Version:  4.x                                   |
|   \\  /    A nd           | Web:      www.OpenFOAM.org                      |
|    \\/     M anipulation  |                                                 |
\*---------------------------------------------------------------------------*/
FoamFile
{
    version     2.0;
    format      ascii;
    class       labelList;
    location    "constant/polyMesh";
    object      cellProcAddressing;
}
// * * * * * * * * * * * * * * * * * * * * * * * * * * * * * * * * * * * * * //


1268
(
3186
3187
3188
3189
3196
3197
3198
3199
3200
3201
3202
3203
3204
3205
3206
3207
3208
3209
3210
3211
3212
3213
3214
3215
3216
3217
3218
3219
3220
3221
3222
3223
3224
3225
3226
3227
3228
3229
3230
3231
3232
3233
3234
3235
3236
3237
3238
3239
3240
3241
3242
3243
3244
3245
3246
3247
3248
3249
3250
3251
3252
3253
3254
3255
3256
3257
3258
3259
3260
3261
3262
3263
3264
3265
3266
3267
3268
3269
3270
3271
3272
3273
3274
3275
3276
3277
3278
3279
3280
3281
3282
3283
3284
3285
3286
3287
3288
3289
3290
3291
3292
3293
3294
3295
3296
3297
3298
3299
3300
3301
3302
3303
3304
3305
3306
3307
3308
3309
3310
3311
3312
3313
3314
3315
3316
3317
3318
3319
3320
3321
3322
3323
3324
3325
3326
3327
3328
3329
3330
3331
3332
3333
3334
3335
3336
3337
3338
3339
3340
3341
3342
3343
3344
3345
3346
3347
3348
3349
3350
3351
3352
3353
3354
3355
3356
3357
3358
3359
3360
3361
3362
3363
3364
3365
3366
3367
3368
3369
3370
3371
3372
3373
3374
3375
3376
3377
3378
3379
3380
3381
3382
3383
3384
3385
3386
3387
3388
3389
3390
3391
3392
3393
3394
3395
3396
3397
3398
3399
3400
3401
3402
3403
3404
3405
3406
3407
3408
3409
3410
3411
3412
3413
3414
3415
3416
3417
3418
3419
3420
3421
3422
3423
3424
3425
3426
3427
3428
3429
3430
3431
3432
3433
3434
3435
3436
3437
3438
3439
3440
3441
3442
3443
3444
3445
3446
3447
3448
3449
3450
3451
3452
3453
3454
3455
3456
3457
3458
3459
3460
3461
3462
3463
3464
3465
3466
3467
3468
3469
3470
3471
3472
3473
3474
3475
3476
3477
3478
3479
3480
3481
3482
3483
3484
3485
3486
3487
3488
3489
3490
3491
3492
3493
3494
3495
3496
3497
3498
3499
3500
3501
3502
3503
3504
3505
3506
3507
3508
3509
3510
3511
3512
3513
3514
3515
3516
3517
3518
3519
3520
3521
3522
3523
3524
3525
3526
3527
3528
3529
3530
3531
3532
3533
3534
3535
3536
3537
3538
3539
3540
3541
3542
3543
3544
3545
3546
3547
3548
3549
3550
3551
3552
3553
3554
3555
3556
3557
3558
3559
3560
3561
3562
3563
3564
3565
3566
3567
3568
3569
3570
3571
3572
3573
3574
3575
3576
3577
3578
3579
3580
3581
3582
3583
3584
3585
3586
3587
3588
3589
3590
3591
3592
3593
3594
3595
3596
3597
3598
3599
3600
3601
3602
3603
3604
3605
3606
3607
3608
3609
3610
3611
3612
3613
3614
3615
3616
3617
3618
3619
3620
3621
3622
3623
3624
3625
3626
3627
3628
3629
3630
3631
3632
3633
3634
3635
3636
3637
3638
3639
3640
3641
3642
3643
3644
3645
3646
3647
3648
3649
3650
3651
3652
3653
3654
3655
3656
3657
3658
3659
3660
3661
3662
3663
3664
3665
3666
3667
3668
3669
3670
3671
3672
3673
3674
3675
3676
3677
3678
3679
3680
3681
3682
3683
3684
3685
3686
3687
3688
3689
3690
3691
3692
3693
3694
3695
3696
3697
3698
3699
3700
3701
3702
3703
3704
3705
3706
3707
3708
3709
3710
3711
3712
3713
3714
3715
3716
3717
3718
3719
3720
3721
3722
3723
3724
3725
3726
3727
3728
3729
3730
3731
3732
3733
3734
3735
3736
3737
3738
3739
3740
3741
3742
3743
3744
3745
3746
3747
3748
3749
3750
3751
3752
3753
3754
3755
3756
3757
3758
3759
3760
3761
3762
3763
3764
3765
3766
3767
3768
3769
3770
3771
3772
3773
3774
3775
3776
3777
3778
3779
3780
3781
3782
3783
3784
3785
3786
3787
3788
3789
3790
3791
3792
3793
3794
3795
3796
3797
3798
3799
3800
3801
3802
3803
3804
3805
3806
3807
3808
3809
3810
3811
3812
3813
3814
3815
3816
3817
3818
3819
3820
3821
3822
3823
3824
3825
3826
3827
3828
3829
3830
3831
3832
3833
3834
3835
7823
7824
7825
7838
7839
7840
7841
7842
7853
7854
7855
7856
7857
7858
7859
7868
7869
7870
7871
7872
7873
7874
7875
7876
7883
7884
7885
7886
7887
7888
7889
7890
7891
7892
7893
7898
7899
7900
7901
7902
7903
7904
7905
7906
7907
7908
7909
7910
7913
7914
7915
7916
7917
7918
7919
7920
7921
7922
7923
7924
7925
7926
7927
8063
8078
8079
8080
8094
8095
8096
8097
8109
8110
8111
8112
8113
8114
8124
8125
8126
8127
8128
8129
8130
8131
8132
8139
8140
8141
8142
8143
8144
8145
8146
8147
8148
8149
8154
8155
8156
8157
8158
8159
8160
8161
8162
8163
8164
8165
8166
8169
8170
8171
8172
8173
8174
8175
8176
8177
8178
8179
8180
8181
8182
8183
8319
8334
8335
8336
8349
8350
8351
8352
8353
8365
8366
8367
8368
8369
8370
8380
8381
8382
8383
8384
8385
8386
8387
8395
8396
8397
8398
8399
8400
8401
8402
8403
8404
8410
8411
8412
8413
8414
8415
8416
8417
8418
8419
8420
8421
8422
8425
8426
8427
8428
8429
8430
8431
8432
8433
8434
8435
8436
8437
8438
8439
8575
8590
8591
8592
8605
8606
8607
8608
8609
8620
8621
8622
8623
8624
8625
8626
8636
8637
8638
8639
8640
8641
8642
8643
8651
8652
8653
8654
8655
8656
8657
8658
8659
8660
8666
8667
8668
8669
8670
8671
8672
8673
8674
8675
8676
8677
8681
8682
8683
8684
8685
8686
8687
8688
8689
8690
8691
8692
8693
8694
8831
8846
8847
8848
8861
8862
8863
8864
8865
8876
8877
8878
8879
8880
8881
8882
8891
8892
8893
8894
8895
8896
8897
8898
8899
8907
8908
8909
8910
8911
8912
8913
8914
8915
8916
8922
8923
8924
8925
8926
8927
8928
8929
8930
8931
8932
8933
8937
8938
8939
8940
8941
8942
8943
8944
8945
8946
8947
8948
8949
8950
9087
9102
9103
9104
9117
9118
9119
9120
9121
9132
9133
9134
9135
9136
9137
9138
9147
9148
9149
9150
9151
9152
9153
9154
9155
9162
9163
9164
9165
9166
9167
9168
9169
9170
9171
9172
9178
9179
9180
9181
9182
9183
9184
9185
9186
9187
9188
9189
9193
9194
9195
9196
9197
9198
9199
9200
9201
9202
9203
9204
9205
9206
9343
9358
9359
9360
9373
9374
9375
9376
9377
9388
9389
9390
9391
9392
9393
9394
9403
9404
9405
9406
9407
9408
9409
9410
9411
9418
9419
9420
9421
9422
9423
9424
9425
9426
9427
9428
9433
9434
9435
9436
9437
9438
9439
9440
9441
9442
9443
9444
9445
9449
9450
9451
9452
9453
9454
9455
9456
9457
9458
9459
9460
9461
9462
9599
9614
9615
9616
9629
9630
9631
9632
9633
9644
9645
9646
9647
9648
9649
9650
9659
9660
9661
9662
9663
9664
9665
9666
9667
9674
9675
9676
9677
9678
9679
9680
9681
9682
9683
9684
9689
9690
9691
9692
9693
9694
9695
9696
9697
9698
9699
9700
9701
9704
9705
9706
9707
9708
9709
9710
9711
9712
9713
9714
9715
9716
9717
9718
9855
9870
9871
9872
9885
9886
9887
9888
9889
9900
9901
9902
9903
9904
9905
9906
9915
9916
9917
9918
9919
9920
9921
9922
9923
9930
9931
9932
9933
9934
9935
9936
9937
9938
9939
9940
9945
9946
9947
9948
9949
9950
9951
9952
9953
9954
9955
9956
9957
9960
9961
9962
9963
9964
9965
9966
9967
9968
9969
9970
9971
9972
9973
9974
10111
10126
10127
10128
10141
10142
10143
10144
10145
10156
10157
10158
10159
10160
10161
10162
10171
10172
10173
10174
10175
10176
10177
10178
10179
10186
10187
10188
10189
10190
10191
10192
10193
10194
10195
10196
10201
10202
10203
10204
10205
10206
10207
10208
10209
10210
10211
10212
10213
10216
10217
10218
10219
10220
10221
10222
10223
10224
10225
10226
10227
10228
10229
10230
)


// ************************************************************************* //
