/*--------------------------------*- C++ -*----------------------------------*\
| =========                 |                                                 |
| \\      /  F ield         | OpenFOAM: The Open Source CFD Toolbox           |
|  \\    /   O peration     | Version:  4.x                                   |
|   \\  /    A nd           | Web:      www.OpenFOAM.org                      |
|    \\/     M anipulation  |                                                 |
\*---------------------------------------------------------------------------*/
FoamFile
{
    version     2.0;
    format      ascii;
    class       faceList;
    location    "constant/polyMesh";
    object      faces;
}
// * * * * * * * * * * * * * * * * * * * * * * * * * * * * * * * * * * * * * //


4223
(
4(495 310 320 535)
4(534 535 320 319)
4(496 311 321 536)
4(535 536 321 320)
4(497 312 322 537)
4(536 537 322 321)
4(537 538 323 322)
4(163 499 544 178)
4(29 32 544 499)
4(10 178 544 32)
4(11 163 178 10)
4(162 500 545 177)
4(499 544 545 500)
4(178 177 545 544)
4(163 162 177 178)
4(161 501 546 176)
4(500 545 546 501)
4(177 176 546 545)
4(162 161 176 177)
4(160 502 547 175)
4(501 546 547 502)
4(176 175 547 546)
4(161 160 175 176)
4(159 503 548 174)
4(502 547 548 503)
4(175 174 548 547)
4(160 159 174 175)
4(158 504 549 173)
4(503 548 549 504)
4(174 173 549 548)
4(159 158 173 174)
4(157 505 550 172)
4(504 549 550 505)
4(173 172 550 549)
4(158 157 172 173)
4(156 506 551 171)
4(505 550 551 506)
4(172 171 551 550)
4(157 156 171 172)
4(155 507 552 170)
4(506 551 552 507)
4(171 170 552 551)
4(156 155 170 171)
4(154 508 553 169)
4(507 552 553 508)
4(170 169 553 552)
4(155 154 169 170)
4(153 509 554 168)
4(508 553 554 509)
4(169 168 554 553)
4(154 153 168 169)
4(152 510 555 167)
4(509 554 555 510)
4(168 167 555 554)
4(153 152 167 168)
4(151 511 556 166)
4(510 555 556 511)
4(167 166 556 555)
4(152 151 166 167)
4(150 512 557 165)
4(511 556 557 512)
4(166 165 557 556)
4(151 150 165 166)
4(149 513 558 164)
4(512 557 558 513)
4(165 164 558 557)
4(150 149 164 165)
4(513 558 467 464)
4(164 147 467 558)
4(499 514 559 544)
4(30 33 559 514)
4(32 544 559 33)
4(500 515 560 545)
4(514 559 560 515)
4(544 545 560 559)
4(501 516 561 546)
4(515 560 561 516)
4(545 546 561 560)
4(502 517 562 547)
4(516 561 562 517)
4(546 547 562 561)
4(503 518 563 548)
4(517 562 563 518)
4(547 548 563 562)
4(504 519 564 549)
4(518 563 564 519)
4(548 549 564 563)
4(505 520 565 550)
4(519 564 565 520)
4(549 550 565 564)
4(506 521 566 551)
4(520 565 566 521)
4(550 551 566 565)
4(507 522 567 552)
4(521 566 567 522)
4(551 552 567 566)
4(508 523 568 553)
4(522 567 568 523)
4(552 553 568 567)
4(509 524 569 554)
4(523 568 569 524)
4(553 554 569 568)
4(510 525 570 555)
4(524 569 570 525)
4(554 555 570 569)
4(511 526 571 556)
4(525 570 571 526)
4(555 556 571 570)
4(512 527 572 557)
4(526 571 572 527)
4(556 557 572 571)
4(513 528 573 558)
4(527 572 573 528)
4(557 558 573 572)
4(528 573 468 465)
4(558 467 468 573)
4(514 529 574 559)
4(31 34 574 529)
4(33 559 574 34)
4(515 530 575 560)
4(529 574 575 530)
4(559 560 575 574)
4(516 531 576 561)
4(530 575 576 531)
4(560 561 576 575)
4(517 532 577 562)
4(531 576 577 532)
4(561 562 577 576)
4(518 533 578 563)
4(532 577 578 533)
4(562 563 578 577)
4(519 534 579 564)
4(533 578 579 534)
4(563 564 579 578)
4(520 535 580 565)
4(534 579 580 535)
4(564 565 580 579)
4(521 536 581 566)
4(535 580 581 536)
4(565 566 581 580)
4(522 537 582 567)
4(536 581 582 537)
4(566 567 582 581)
4(523 538 583 568)
4(537 582 583 538)
4(567 568 583 582)
4(524 539 584 569)
4(538 583 584 539)
4(568 569 584 583)
4(525 540 585 570)
4(539 584 585 540)
4(569 570 585 584)
4(526 541 586 571)
4(540 585 586 541)
4(570 571 586 585)
4(527 542 587 572)
4(541 586 587 542)
4(571 572 587 586)
4(528 543 588 573)
4(542 587 588 543)
4(572 573 588 587)
4(543 588 469 466)
4(573 468 469 588)
4(529 314 329 574)
4(34 574 329 24)
4(530 315 330 575)
4(574 575 330 329)
4(531 316 331 576)
4(575 576 331 330)
4(532 317 332 577)
4(576 577 332 331)
4(533 318 333 578)
4(577 578 333 332)
4(534 319 334 579)
4(578 579 334 333)
4(535 320 335 580)
4(579 580 335 334)
4(536 321 336 581)
4(580 581 336 335)
4(537 322 337 582)
4(581 582 337 336)
4(538 323 338 583)
4(582 583 338 337)
4(539 324 339 584)
4(583 584 339 338)
4(540 325 340 585)
4(584 585 340 339)
4(541 326 341 586)
4(585 586 341 340)
4(542 327 342 587)
4(586 587 342 341)
4(543 328 343 588)
4(587 588 343 342)
4(588 469 307 343)
4(178 544 589 193)
4(32 35 589 544)
4(9 193 589 35)
4(10 178 193 9)
4(177 545 590 192)
4(544 589 590 545)
4(193 192 590 589)
4(178 177 192 193)
4(176 546 591 191)
4(545 590 591 546)
4(192 191 591 590)
4(177 176 191 192)
4(175 547 592 190)
4(546 591 592 547)
4(191 190 592 591)
4(176 175 190 191)
4(174 548 593 189)
4(547 592 593 548)
4(190 189 593 592)
4(175 174 189 190)
4(173 549 594 188)
4(548 593 594 549)
4(189 188 594 593)
4(174 173 188 189)
4(172 550 595 187)
4(549 594 595 550)
4(188 187 595 594)
4(173 172 187 188)
4(171 551 596 186)
4(550 595 596 551)
4(187 186 596 595)
4(172 171 186 187)
4(170 552 597 185)
4(551 596 597 552)
4(186 185 597 596)
4(171 170 185 186)
4(169 553 598 184)
4(552 597 598 553)
4(185 184 598 597)
4(170 169 184 185)
4(168 554 599 183)
4(553 598 599 554)
4(184 183 599 598)
4(169 168 183 184)
4(167 555 600 182)
4(554 599 600 555)
4(183 182 600 599)
4(168 167 182 183)
4(166 556 601 181)
4(555 600 601 556)
4(182 181 601 600)
4(167 166 181 182)
4(165 557 602 180)
4(556 601 602 557)
4(181 180 602 601)
4(166 165 180 181)
4(164 558 603 179)
4(557 602 603 558)
4(180 179 603 602)
4(165 164 179 180)
4(558 603 470 467)
4(179 146 470 603)
4(544 559 604 589)
4(33 36 604 559)
4(35 589 604 36)
4(545 560 605 590)
4(559 604 605 560)
4(589 590 605 604)
4(546 561 606 591)
4(560 605 606 561)
4(590 591 606 605)
4(547 562 607 592)
4(561 606 607 562)
4(591 592 607 606)
4(548 563 608 593)
4(562 607 608 563)
4(592 593 608 607)
4(549 564 609 594)
4(563 608 609 564)
4(593 594 609 608)
4(550 565 610 595)
4(564 609 610 565)
4(594 595 610 609)
4(551 566 611 596)
4(565 610 611 566)
4(595 596 611 610)
4(552 567 612 597)
4(566 611 612 567)
4(596 597 612 611)
4(553 568 613 598)
4(567 612 613 568)
4(597 598 613 612)
4(554 569 614 599)
4(568 613 614 569)
4(598 599 614 613)
4(555 570 615 600)
4(569 614 615 570)
4(599 600 615 614)
4(556 571 616 601)
4(570 615 616 571)
4(600 601 616 615)
4(557 572 617 602)
4(571 616 617 572)
4(601 602 617 616)
4(558 573 618 603)
4(572 617 618 573)
4(602 603 618 617)
4(573 618 471 468)
4(603 470 471 618)
4(559 574 619 604)
4(34 37 619 574)
4(36 604 619 37)
4(560 575 620 605)
4(574 619 620 575)
4(604 605 620 619)
4(561 576 621 606)
4(575 620 621 576)
4(605 606 621 620)
4(562 577 622 607)
4(576 621 622 577)
4(606 607 622 621)
4(563 578 623 608)
4(577 622 623 578)
4(607 608 623 622)
4(564 579 624 609)
4(578 623 624 579)
4(608 609 624 623)
4(565 580 625 610)
4(579 624 625 580)
4(609 610 625 624)
4(566 581 626 611)
4(580 625 626 581)
4(610 611 626 625)
4(567 582 627 612)
4(581 626 627 582)
4(611 612 627 626)
4(568 583 628 613)
4(582 627 628 583)
4(612 613 628 627)
4(569 584 629 614)
4(583 628 629 584)
4(613 614 629 628)
4(570 585 630 615)
4(584 629 630 585)
4(614 615 630 629)
4(571 586 631 616)
4(585 630 631 586)
4(615 616 631 630)
4(572 587 632 617)
4(586 631 632 587)
4(616 617 632 631)
4(573 588 633 618)
4(587 632 633 588)
4(617 618 633 632)
4(588 633 472 469)
4(618 471 472 633)
4(574 329 344 619)
4(37 619 344 23)
4(575 330 345 620)
4(619 620 345 344)
4(576 331 346 621)
4(620 621 346 345)
4(577 332 347 622)
4(621 622 347 346)
4(578 333 348 623)
4(622 623 348 347)
4(579 334 349 624)
4(623 624 349 348)
4(580 335 350 625)
4(624 625 350 349)
4(581 336 351 626)
4(625 626 351 350)
4(582 337 352 627)
4(626 627 352 351)
4(583 338 353 628)
4(627 628 353 352)
4(584 339 354 629)
4(628 629 354 353)
4(585 340 355 630)
4(629 630 355 354)
4(586 341 356 631)
4(630 631 356 355)
4(587 342 357 632)
4(631 632 357 356)
4(588 343 358 633)
4(632 633 358 357)
4(633 472 306 358)
4(193 589 634 208)
4(35 38 634 589)
4(8 208 634 38)
4(9 193 208 8)
4(192 590 635 207)
4(589 634 635 590)
4(208 207 635 634)
4(193 192 207 208)
4(191 591 636 206)
4(590 635 636 591)
4(207 206 636 635)
4(192 191 206 207)
4(190 592 637 205)
4(591 636 637 592)
4(206 205 637 636)
4(191 190 205 206)
4(189 593 638 204)
4(592 637 638 593)
4(205 204 638 637)
4(190 189 204 205)
4(188 594 639 203)
4(593 638 639 594)
4(204 203 639 638)
4(189 188 203 204)
4(187 595 640 202)
4(594 639 640 595)
4(203 202 640 639)
4(188 187 202 203)
4(186 596 641 201)
4(595 640 641 596)
4(202 201 641 640)
4(187 186 201 202)
4(185 597 642 200)
4(596 641 642 597)
4(201 200 642 641)
4(186 185 200 201)
4(184 598 643 199)
4(597 642 643 598)
4(200 199 643 642)
4(185 184 199 200)
4(183 599 644 198)
4(598 643 644 599)
4(199 198 644 643)
4(184 183 198 199)
4(182 600 645 197)
4(599 644 645 600)
4(198 197 645 644)
4(183 182 197 198)
4(181 601 646 196)
4(600 645 646 601)
4(197 196 646 645)
4(182 181 196 197)
4(180 602 647 195)
4(601 646 647 602)
4(196 195 647 646)
4(181 180 195 196)
4(179 603 648 194)
4(602 647 648 603)
4(195 194 648 647)
4(180 179 194 195)
4(603 648 473 470)
4(194 145 473 648)
4(589 604 649 634)
4(36 39 649 604)
4(38 634 649 39)
4(590 605 650 635)
4(604 649 650 605)
4(634 635 650 649)
4(591 606 651 636)
4(605 650 651 606)
4(635 636 651 650)
4(592 607 652 637)
4(606 651 652 607)
4(636 637 652 651)
4(593 608 653 638)
4(607 652 653 608)
4(637 638 653 652)
4(594 609 654 639)
4(608 653 654 609)
4(638 639 654 653)
4(595 610 655 640)
4(609 654 655 610)
4(639 640 655 654)
4(596 611 656 641)
4(610 655 656 611)
4(640 641 656 655)
4(597 612 657 642)
4(611 656 657 612)
4(641 642 657 656)
4(598 613 658 643)
4(612 657 658 613)
4(642 643 658 657)
4(599 614 659 644)
4(613 658 659 614)
4(643 644 659 658)
4(600 615 660 645)
4(614 659 660 615)
4(644 645 660 659)
4(601 616 661 646)
4(615 660 661 616)
4(645 646 661 660)
4(602 617 662 647)
4(616 661 662 617)
4(646 647 662 661)
4(603 618 663 648)
4(617 662 663 618)
4(647 648 663 662)
4(618 663 474 471)
4(648 473 474 663)
4(604 619 664 649)
4(37 40 664 619)
4(39 649 664 40)
4(605 620 665 650)
4(619 664 665 620)
4(649 650 665 664)
4(606 621 666 651)
4(620 665 666 621)
4(650 651 666 665)
4(607 622 667 652)
4(621 666 667 622)
4(651 652 667 666)
4(608 623 668 653)
4(622 667 668 623)
4(652 653 668 667)
4(609 624 669 654)
4(623 668 669 624)
4(653 654 669 668)
4(610 625 670 655)
4(624 669 670 625)
4(654 655 670 669)
4(611 626 671 656)
4(625 670 671 626)
4(655 656 671 670)
4(612 627 672 657)
4(626 671 672 627)
4(656 657 672 671)
4(613 628 673 658)
4(627 672 673 628)
4(657 658 673 672)
4(614 629 674 659)
4(628 673 674 629)
4(658 659 674 673)
4(615 630 675 660)
4(629 674 675 630)
4(659 660 675 674)
4(616 631 676 661)
4(630 675 676 631)
4(660 661 676 675)
4(617 632 677 662)
4(631 676 677 632)
4(661 662 677 676)
4(618 633 678 663)
4(632 677 678 633)
4(662 663 678 677)
4(633 678 475 472)
4(663 474 475 678)
4(619 344 359 664)
4(40 664 359 22)
4(620 345 360 665)
4(664 665 360 359)
4(621 346 361 666)
4(665 666 361 360)
4(622 347 362 667)
4(666 667 362 361)
4(623 348 363 668)
4(667 668 363 362)
4(624 349 364 669)
4(668 669 364 363)
4(625 350 365 670)
4(669 670 365 364)
4(626 351 366 671)
4(670 671 366 365)
4(627 352 367 672)
4(671 672 367 366)
4(628 353 368 673)
4(672 673 368 367)
4(629 354 369 674)
4(673 674 369 368)
4(630 355 370 675)
4(674 675 370 369)
4(631 356 371 676)
4(675 676 371 370)
4(632 357 372 677)
4(676 677 372 371)
4(633 358 373 678)
4(677 678 373 372)
4(678 475 305 373)
4(208 634 679 223)
4(38 41 679 634)
4(7 223 679 41)
4(207 635 680 222)
4(634 679 680 635)
4(223 222 680 679)
4(208 207 222 223)
4(206 636 681 221)
4(635 680 681 636)
4(222 221 681 680)
4(207 206 221 222)
4(205 637 682 220)
4(636 681 682 637)
4(221 220 682 681)
4(206 205 220 221)
4(204 638 683 219)
4(637 682 683 638)
4(220 219 683 682)
4(205 204 219 220)
4(203 639 684 218)
4(638 683 684 639)
4(219 218 684 683)
4(204 203 218 219)
4(202 640 685 217)
4(639 684 685 640)
4(218 217 685 684)
4(203 202 217 218)
4(201 641 686 216)
4(640 685 686 641)
4(217 216 686 685)
4(202 201 216 217)
4(200 642 687 215)
4(641 686 687 642)
4(216 215 687 686)
4(201 200 215 216)
4(199 643 688 214)
4(642 687 688 643)
4(215 214 688 687)
4(200 199 214 215)
4(198 644 689 213)
4(643 688 689 644)
4(214 213 689 688)
4(199 198 213 214)
4(197 645 690 212)
4(644 689 690 645)
4(213 212 690 689)
4(198 197 212 213)
4(196 646 691 211)
4(645 690 691 646)
4(212 211 691 690)
4(197 196 211 212)
4(195 647 692 210)
4(646 691 692 647)
4(211 210 692 691)
4(196 195 210 211)
4(194 648 693 209)
4(647 692 693 648)
4(210 209 693 692)
4(195 194 209 210)
4(648 693 476 473)
4(209 144 476 693)
4(634 649 694 679)
4(39 42 694 649)
4(41 679 694 42)
4(635 650 695 680)
4(649 694 695 650)
4(679 680 695 694)
4(636 651 696 681)
4(650 695 696 651)
4(680 681 696 695)
4(637 652 697 682)
4(651 696 697 652)
4(681 682 697 696)
4(638 653 698 683)
4(652 697 698 653)
4(682 683 698 697)
4(639 654 699 684)
4(653 698 699 654)
4(683 684 699 698)
4(640 655 700 685)
4(654 699 700 655)
4(684 685 700 699)
4(641 656 701 686)
4(655 700 701 656)
4(685 686 701 700)
4(642 657 702 687)
4(656 701 702 657)
4(686 687 702 701)
4(643 658 703 688)
4(657 702 703 658)
4(687 688 703 702)
4(644 659 704 689)
4(658 703 704 659)
4(688 689 704 703)
4(645 660 705 690)
4(659 704 705 660)
4(689 690 705 704)
4(646 661 706 691)
4(660 705 706 661)
4(690 691 706 705)
4(647 662 707 692)
4(661 706 707 662)
4(691 692 707 706)
4(648 663 708 693)
4(662 707 708 663)
4(692 693 708 707)
4(663 708 477 474)
4(693 476 477 708)
4(649 664 709 694)
4(40 43 709 664)
4(42 694 709 43)
4(650 665 710 695)
4(664 709 710 665)
4(694 695 710 709)
4(651 666 711 696)
4(665 710 711 666)
4(695 696 711 710)
4(652 667 712 697)
4(666 711 712 667)
4(696 697 712 711)
4(653 668 713 698)
4(667 712 713 668)
4(697 698 713 712)
4(654 669 714 699)
4(668 713 714 669)
4(698 699 714 713)
4(655 670 715 700)
4(669 714 715 670)
4(699 700 715 714)
4(656 671 716 701)
4(670 715 716 671)
4(700 701 716 715)
4(657 672 717 702)
4(671 716 717 672)
4(701 702 717 716)
4(658 673 718 703)
4(672 717 718 673)
4(702 703 718 717)
4(659 674 719 704)
4(673 718 719 674)
4(703 704 719 718)
4(660 675 720 705)
4(674 719 720 675)
4(704 705 720 719)
4(661 676 721 706)
4(675 720 721 676)
4(705 706 721 720)
4(662 677 722 707)
4(676 721 722 677)
4(706 707 722 721)
4(663 678 723 708)
4(677 722 723 678)
4(707 708 723 722)
4(678 723 478 475)
4(708 477 478 723)
4(664 359 374 709)
4(43 709 374 21)
4(665 360 375 710)
4(709 710 375 374)
4(666 361 376 711)
4(710 711 376 375)
4(667 362 377 712)
4(711 712 377 376)
4(668 363 378 713)
4(712 713 378 377)
4(669 364 379 714)
4(713 714 379 378)
4(670 365 380 715)
4(714 715 380 379)
4(671 366 381 716)
4(715 716 381 380)
4(672 367 382 717)
4(716 717 382 381)
4(673 368 383 718)
4(717 718 383 382)
4(674 369 384 719)
4(718 719 384 383)
4(675 370 385 720)
4(719 720 385 384)
4(676 371 386 721)
4(720 721 386 385)
4(677 372 387 722)
4(721 722 387 386)
4(678 373 388 723)
4(722 723 388 387)
4(723 478 304 388)
4(223 679 724 238)
4(41 44 724 679)
4(6 238 724 44)
4(222 680 725 237)
4(679 724 725 680)
4(238 237 725 724)
4(223 222 237 238)
4(221 681 726 236)
4(680 725 726 681)
4(237 236 726 725)
4(222 221 236 237)
4(220 682 727 235)
4(681 726 727 682)
4(236 235 727 726)
4(221 220 235 236)
4(219 683 728 234)
4(682 727 728 683)
4(235 234 728 727)
4(220 219 234 235)
4(218 684 729 233)
4(683 728 729 684)
4(234 233 729 728)
4(219 218 233 234)
4(217 685 730 232)
4(684 729 730 685)
4(233 232 730 729)
4(218 217 232 233)
4(216 686 731 231)
4(685 730 731 686)
4(232 231 731 730)
4(217 216 231 232)
4(215 687 732 230)
4(686 731 732 687)
4(231 230 732 731)
4(216 215 230 231)
4(214 688 733 229)
4(687 732 733 688)
4(230 229 733 732)
4(215 214 229 230)
4(213 689 734 228)
4(688 733 734 689)
4(229 228 734 733)
4(214 213 228 229)
4(212 690 735 227)
4(689 734 735 690)
4(228 227 735 734)
4(213 212 227 228)
4(211 691 736 226)
4(690 735 736 691)
4(227 226 736 735)
4(212 211 226 227)
4(210 692 737 225)
4(691 736 737 692)
4(226 225 737 736)
4(211 210 225 226)
4(209 693 738 224)
4(692 737 738 693)
4(225 224 738 737)
4(210 209 224 225)
4(693 738 479 476)
4(224 143 479 738)
4(679 694 739 724)
4(42 45 739 694)
4(44 724 739 45)
4(680 695 740 725)
4(694 739 740 695)
4(724 725 740 739)
4(681 696 741 726)
4(695 740 741 696)
4(725 726 741 740)
4(682 697 742 727)
4(696 741 742 697)
4(726 727 742 741)
4(683 698 743 728)
4(697 742 743 698)
4(727 728 743 742)
4(684 699 744 729)
4(698 743 744 699)
4(728 729 744 743)
4(685 700 745 730)
4(699 744 745 700)
4(729 730 745 744)
4(686 701 746 731)
4(700 745 746 701)
4(730 731 746 745)
4(687 702 747 732)
4(701 746 747 702)
4(731 732 747 746)
4(688 703 748 733)
4(702 747 748 703)
4(732 733 748 747)
4(689 704 749 734)
4(703 748 749 704)
4(733 734 749 748)
4(690 705 750 735)
4(704 749 750 705)
4(734 735 750 749)
4(691 706 751 736)
4(705 750 751 706)
4(735 736 751 750)
4(692 707 752 737)
4(706 751 752 707)
4(736 737 752 751)
4(693 708 753 738)
4(707 752 753 708)
4(737 738 753 752)
4(708 753 480 477)
4(738 479 480 753)
4(694 709 754 739)
4(43 46 754 709)
4(45 739 754 46)
4(695 710 755 740)
4(709 754 755 710)
4(739 740 755 754)
4(696 711 756 741)
4(710 755 756 711)
4(740 741 756 755)
4(697 712 757 742)
4(711 756 757 712)
4(741 742 757 756)
4(698 713 758 743)
4(712 757 758 713)
4(742 743 758 757)
4(699 714 759 744)
4(713 758 759 714)
4(743 744 759 758)
4(700 715 760 745)
4(714 759 760 715)
4(744 745 760 759)
4(701 716 761 746)
4(715 760 761 716)
4(745 746 761 760)
4(702 717 762 747)
4(716 761 762 717)
4(746 747 762 761)
4(703 718 763 748)
4(717 762 763 718)
4(747 748 763 762)
4(704 719 764 749)
4(718 763 764 719)
4(748 749 764 763)
4(705 720 765 750)
4(719 764 765 720)
4(749 750 765 764)
4(706 721 766 751)
4(720 765 766 721)
4(750 751 766 765)
4(707 722 767 752)
4(721 766 767 722)
4(751 752 767 766)
4(708 723 768 753)
4(722 767 768 723)
4(752 753 768 767)
4(723 768 481 478)
4(753 480 481 768)
4(709 374 389 754)
4(46 754 389 20)
4(710 375 390 755)
4(754 755 390 389)
4(711 376 391 756)
4(755 756 391 390)
4(712 377 392 757)
4(756 757 392 391)
4(713 378 393 758)
4(757 758 393 392)
4(714 379 394 759)
4(758 759 394 393)
4(715 380 395 760)
4(759 760 395 394)
4(716 381 396 761)
4(760 761 396 395)
4(717 382 397 762)
4(761 762 397 396)
4(718 383 398 763)
4(762 763 398 397)
4(719 384 399 764)
4(763 764 399 398)
4(720 385 400 765)
4(764 765 400 399)
4(721 386 401 766)
4(765 766 401 400)
4(722 387 402 767)
4(766 767 402 401)
4(723 388 403 768)
4(767 768 403 402)
4(768 481 303 403)
4(238 724 769 253)
4(44 47 769 724)
4(5 253 769 47)
4(237 725 770 252)
4(724 769 770 725)
4(253 252 770 769)
4(238 237 252 253)
4(236 726 771 251)
4(725 770 771 726)
4(252 251 771 770)
4(237 236 251 252)
4(235 727 772 250)
4(726 771 772 727)
4(251 250 772 771)
4(236 235 250 251)
4(234 728 773 249)
4(727 772 773 728)
4(250 249 773 772)
4(235 234 249 250)
4(233 729 774 248)
4(728 773 774 729)
4(249 248 774 773)
4(234 233 248 249)
4(232 730 775 247)
4(729 774 775 730)
4(248 247 775 774)
4(233 232 247 248)
4(231 731 776 246)
4(730 775 776 731)
4(247 246 776 775)
4(232 231 246 247)
4(230 732 777 245)
4(731 776 777 732)
4(246 245 777 776)
4(231 230 245 246)
4(229 733 778 244)
4(732 777 778 733)
4(245 244 778 777)
4(230 229 244 245)
4(228 734 779 243)
4(733 778 779 734)
4(244 243 779 778)
4(229 228 243 244)
4(227 735 780 242)
4(734 779 780 735)
4(243 242 780 779)
4(228 227 242 243)
4(226 736 781 241)
4(735 780 781 736)
4(242 241 781 780)
4(227 226 241 242)
4(225 737 782 240)
4(736 781 782 737)
4(241 240 782 781)
4(226 225 240 241)
4(224 738 783 239)
4(737 782 783 738)
4(240 239 783 782)
4(225 224 239 240)
4(738 783 482 479)
4(239 142 482 783)
4(724 739 784 769)
4(45 48 784 739)
4(47 769 784 48)
4(725 740 785 770)
4(739 784 785 740)
4(769 770 785 784)
4(726 741 786 771)
4(740 785 786 741)
4(770 771 786 785)
4(727 742 787 772)
4(741 786 787 742)
4(771 772 787 786)
4(728 743 788 773)
4(742 787 788 743)
4(772 773 788 787)
4(729 744 789 774)
4(743 788 789 744)
4(773 774 789 788)
4(730 745 790 775)
4(744 789 790 745)
4(774 775 790 789)
4(731 746 791 776)
4(745 790 791 746)
4(775 776 791 790)
4(732 747 792 777)
4(746 791 792 747)
4(776 777 792 791)
4(733 748 793 778)
4(747 792 793 748)
4(777 778 793 792)
4(734 749 794 779)
4(748 793 794 749)
4(778 779 794 793)
4(735 750 795 780)
4(749 794 795 750)
4(779 780 795 794)
4(736 751 796 781)
4(750 795 796 751)
4(780 781 796 795)
4(737 752 797 782)
4(751 796 797 752)
4(781 782 797 796)
4(738 753 798 783)
4(752 797 798 753)
4(782 783 798 797)
4(753 798 483 480)
4(783 482 483 798)
4(739 754 799 784)
4(46 49 799 754)
4(48 784 799 49)
4(740 755 800 785)
4(754 799 800 755)
4(784 785 800 799)
4(741 756 801 786)
4(755 800 801 756)
4(785 786 801 800)
4(742 757 802 787)
4(756 801 802 757)
4(786 787 802 801)
4(743 758 803 788)
4(757 802 803 758)
4(787 788 803 802)
4(744 759 804 789)
4(758 803 804 759)
4(788 789 804 803)
4(745 760 805 790)
4(759 804 805 760)
4(789 790 805 804)
4(746 761 806 791)
4(760 805 806 761)
4(790 791 806 805)
4(747 762 807 792)
4(761 806 807 762)
4(791 792 807 806)
4(748 763 808 793)
4(762 807 808 763)
4(792 793 808 807)
4(749 764 809 794)
4(763 808 809 764)
4(793 794 809 808)
4(750 765 810 795)
4(764 809 810 765)
4(794 795 810 809)
4(751 766 811 796)
4(765 810 811 766)
4(795 796 811 810)
4(752 767 812 797)
4(766 811 812 767)
4(796 797 812 811)
4(753 768 813 798)
4(767 812 813 768)
4(797 798 813 812)
4(768 813 484 481)
4(798 483 484 813)
4(754 389 404 799)
4(49 799 404 19)
4(755 390 405 800)
4(799 800 405 404)
4(756 391 406 801)
4(800 801 406 405)
4(757 392 407 802)
4(801 802 407 406)
4(758 393 408 803)
4(802 803 408 407)
4(759 394 409 804)
4(803 804 409 408)
4(760 395 410 805)
4(804 805 410 409)
4(761 396 411 806)
4(805 806 411 410)
4(762 397 412 807)
4(806 807 412 411)
4(763 398 413 808)
4(807 808 413 412)
4(764 399 414 809)
4(808 809 414 413)
4(765 400 415 810)
4(809 810 415 414)
4(766 401 416 811)
4(810 811 416 415)
4(767 402 417 812)
4(811 812 417 416)
4(768 403 418 813)
4(812 813 418 417)
4(813 484 302 418)
4(253 769 814 268)
4(47 50 814 769)
4(4 268 814 50)
4(252 770 815 267)
4(769 814 815 770)
4(268 267 815 814)
4(253 252 267 268)
4(251 771 816 266)
4(770 815 816 771)
4(267 266 816 815)
4(252 251 266 267)
4(250 772 817 265)
4(771 816 817 772)
4(266 265 817 816)
4(251 250 265 266)
4(249 773 818 264)
4(772 817 818 773)
4(265 264 818 817)
4(250 249 264 265)
4(248 774 819 263)
4(773 818 819 774)
4(264 263 819 818)
4(249 248 263 264)
4(247 775 820 262)
4(774 819 820 775)
4(263 262 820 819)
4(248 247 262 263)
4(246 776 821 261)
4(775 820 821 776)
4(262 261 821 820)
4(247 246 261 262)
4(245 777 822 260)
4(776 821 822 777)
4(261 260 822 821)
4(246 245 260 261)
4(244 778 823 259)
4(777 822 823 778)
4(260 259 823 822)
4(245 244 259 260)
4(243 779 824 258)
4(778 823 824 779)
4(259 258 824 823)
4(244 243 258 259)
4(242 780 825 257)
4(779 824 825 780)
4(258 257 825 824)
4(243 242 257 258)
4(241 781 826 256)
4(780 825 826 781)
4(257 256 826 825)
4(242 241 256 257)
4(240 782 827 255)
4(781 826 827 782)
4(256 255 827 826)
4(241 240 255 256)
4(239 783 828 254)
4(782 827 828 783)
4(255 254 828 827)
4(240 239 254 255)
4(783 828 485 482)
4(254 141 485 828)
4(769 784 829 814)
4(48 51 829 784)
4(50 814 829 51)
4(770 785 830 815)
4(784 829 830 785)
4(814 815 830 829)
4(771 786 831 816)
4(785 830 831 786)
4(815 816 831 830)
4(772 787 832 817)
4(786 831 832 787)
4(816 817 832 831)
4(773 788 833 818)
4(787 832 833 788)
4(817 818 833 832)
4(774 789 834 819)
4(788 833 834 789)
4(818 819 834 833)
4(775 790 835 820)
4(789 834 835 790)
4(819 820 835 834)
4(776 791 836 821)
4(790 835 836 791)
4(820 821 836 835)
4(777 792 837 822)
4(791 836 837 792)
4(821 822 837 836)
4(778 793 838 823)
4(792 837 838 793)
4(822 823 838 837)
4(779 794 839 824)
4(793 838 839 794)
4(823 824 839 838)
4(780 795 840 825)
4(794 839 840 795)
4(824 825 840 839)
4(781 796 841 826)
4(795 840 841 796)
4(825 826 841 840)
4(782 797 842 827)
4(796 841 842 797)
4(826 827 842 841)
4(783 798 843 828)
4(797 842 843 798)
4(827 828 843 842)
4(798 843 486 483)
4(828 485 486 843)
4(784 799 844 829)
4(49 52 844 799)
4(51 829 844 52)
4(785 800 845 830)
4(799 844 845 800)
4(829 830 845 844)
4(786 801 846 831)
4(800 845 846 801)
4(830 831 846 845)
4(787 802 847 832)
4(801 846 847 802)
4(831 832 847 846)
4(788 803 848 833)
4(802 847 848 803)
4(832 833 848 847)
4(789 804 849 834)
4(803 848 849 804)
4(833 834 849 848)
4(790 805 850 835)
4(804 849 850 805)
4(834 835 850 849)
4(791 806 851 836)
4(805 850 851 806)
4(835 836 851 850)
4(792 807 852 837)
4(806 851 852 807)
4(836 837 852 851)
4(793 808 853 838)
4(807 852 853 808)
4(837 838 853 852)
4(794 809 854 839)
4(808 853 854 809)
4(838 839 854 853)
4(795 810 855 840)
4(809 854 855 810)
4(839 840 855 854)
4(796 811 856 841)
4(810 855 856 811)
4(840 841 856 855)
4(797 812 857 842)
4(811 856 857 812)
4(841 842 857 856)
4(798 813 858 843)
4(812 857 858 813)
4(842 843 858 857)
4(813 858 487 484)
4(843 486 487 858)
4(799 404 419 844)
4(52 844 419 18)
4(800 405 420 845)
4(844 845 420 419)
4(801 406 421 846)
4(845 846 421 420)
4(802 407 422 847)
4(846 847 422 421)
4(803 408 423 848)
4(847 848 423 422)
4(804 409 424 849)
4(848 849 424 423)
4(805 410 425 850)
4(849 850 425 424)
4(806 411 426 851)
4(850 851 426 425)
4(807 412 427 852)
4(851 852 427 426)
4(808 413 428 853)
4(852 853 428 427)
4(809 414 429 854)
4(853 854 429 428)
4(810 415 430 855)
4(854 855 430 429)
4(811 416 431 856)
4(855 856 431 430)
4(812 417 432 857)
4(856 857 432 431)
4(813 418 433 858)
4(857 858 433 432)
4(858 487 301 433)
4(268 814 859 283)
4(50 53 859 814)
4(3 283 859 53)
4(267 815 860 282)
4(814 859 860 815)
4(283 282 860 859)
4(268 267 282 283)
4(266 816 861 281)
4(815 860 861 816)
4(282 281 861 860)
4(267 266 281 282)
4(265 817 862 280)
4(816 861 862 817)
4(281 280 862 861)
4(266 265 280 281)
4(264 818 863 279)
4(817 862 863 818)
4(280 279 863 862)
4(265 264 279 280)
4(263 819 864 278)
4(818 863 864 819)
4(279 278 864 863)
4(264 263 278 279)
4(262 820 865 277)
4(819 864 865 820)
4(278 277 865 864)
4(263 262 277 278)
4(261 821 866 276)
4(820 865 866 821)
4(277 276 866 865)
4(262 261 276 277)
4(260 822 867 275)
4(821 866 867 822)
4(276 275 867 866)
4(261 260 275 276)
4(259 823 868 274)
4(822 867 868 823)
4(275 274 868 867)
4(260 259 274 275)
4(258 824 869 273)
4(823 868 869 824)
4(274 273 869 868)
4(259 258 273 274)
4(257 825 870 272)
4(824 869 870 825)
4(273 272 870 869)
4(258 257 272 273)
4(256 826 871 271)
4(825 870 871 826)
4(272 271 871 870)
4(257 256 271 272)
4(255 827 872 270)
4(826 871 872 827)
4(271 270 872 871)
4(256 255 270 271)
4(254 828 873 269)
4(827 872 873 828)
4(270 269 873 872)
4(255 254 269 270)
4(828 873 488 485)
4(269 140 488 873)
4(254 141 140 269)
4(814 829 874 859)
4(51 54 874 829)
4(53 859 874 54)
4(815 830 875 860)
4(829 874 875 830)
4(859 860 875 874)
4(816 831 876 861)
4(830 875 876 831)
4(860 861 876 875)
4(817 832 877 862)
4(831 876 877 832)
4(861 862 877 876)
4(818 833 878 863)
4(832 877 878 833)
4(862 863 878 877)
4(819 834 879 864)
4(833 878 879 834)
4(863 864 879 878)
4(820 835 880 865)
4(834 879 880 835)
4(864 865 880 879)
4(821 836 881 866)
4(835 880 881 836)
4(865 866 881 880)
4(822 837 882 867)
4(836 881 882 837)
4(866 867 882 881)
4(823 838 883 868)
4(837 882 883 838)
4(867 868 883 882)
4(824 839 884 869)
4(838 883 884 839)
4(868 869 884 883)
4(825 840 885 870)
4(839 884 885 840)
4(869 870 885 884)
4(826 841 886 871)
4(840 885 886 841)
4(870 871 886 885)
4(827 842 887 872)
4(841 886 887 842)
4(871 872 887 886)
4(828 843 888 873)
4(842 887 888 843)
4(872 873 888 887)
4(843 888 489 486)
4(873 488 489 888)
4(829 844 889 874)
4(52 55 889 844)
4(54 874 889 55)
4(830 845 890 875)
4(844 889 890 845)
4(874 875 890 889)
4(831 846 891 876)
4(845 890 891 846)
4(875 876 891 890)
4(832 847 892 877)
4(846 891 892 847)
4(876 877 892 891)
4(833 848 893 878)
4(847 892 893 848)
4(877 878 893 892)
4(834 849 894 879)
4(848 893 894 849)
4(878 879 894 893)
4(835 850 895 880)
4(849 894 895 850)
4(879 880 895 894)
4(836 851 896 881)
4(850 895 896 851)
4(880 881 896 895)
4(837 852 897 882)
4(851 896 897 852)
4(881 882 897 896)
4(838 853 898 883)
4(852 897 898 853)
4(882 883 898 897)
4(839 854 899 884)
4(853 898 899 854)
4(883 884 899 898)
4(840 855 900 885)
4(854 899 900 855)
4(884 885 900 899)
4(841 856 901 886)
4(855 900 901 856)
4(885 886 901 900)
4(842 857 902 887)
4(856 901 902 857)
4(886 887 902 901)
4(843 858 903 888)
4(857 902 903 858)
4(887 888 903 902)
4(858 903 490 487)
4(888 489 490 903)
4(844 419 434 889)
4(55 889 434 17)
4(845 420 435 890)
4(889 890 435 434)
4(846 421 436 891)
4(890 891 436 435)
4(847 422 437 892)
4(891 892 437 436)
4(848 423 438 893)
4(892 893 438 437)
4(849 424 439 894)
4(893 894 439 438)
4(850 425 440 895)
4(894 895 440 439)
4(851 426 441 896)
4(895 896 441 440)
4(852 427 442 897)
4(896 897 442 441)
4(853 428 443 898)
4(897 898 443 442)
4(854 429 444 899)
4(898 899 444 443)
4(855 430 445 900)
4(899 900 445 444)
4(856 431 446 901)
4(900 901 446 445)
4(857 432 447 902)
4(901 902 447 446)
4(858 433 448 903)
4(902 903 448 447)
4(903 490 300 448)
4(283 859 904 298)
4(53 56 904 859)
4(2 298 904 56)
4(282 860 905 297)
4(859 904 905 860)
4(298 297 905 904)
4(283 282 297 298)
4(281 861 906 296)
4(860 905 906 861)
4(297 296 906 905)
4(282 281 296 297)
4(280 862 907 295)
4(861 906 907 862)
4(296 295 907 906)
4(281 280 295 296)
4(279 863 908 294)
4(862 907 908 863)
4(295 294 908 907)
4(280 279 294 295)
4(278 864 909 293)
4(863 908 909 864)
4(294 293 909 908)
4(279 278 293 294)
4(277 865 910 292)
4(864 909 910 865)
4(293 292 910 909)
4(278 277 292 293)
4(276 866 911 291)
4(865 910 911 866)
4(292 291 911 910)
4(277 276 291 292)
4(275 867 912 290)
4(866 911 912 867)
4(291 290 912 911)
4(276 275 290 291)
4(274 868 913 289)
4(867 912 913 868)
4(290 289 913 912)
4(275 274 289 290)
4(273 869 914 288)
4(868 913 914 869)
4(289 288 914 913)
4(274 273 288 289)
4(272 870 915 287)
4(869 914 915 870)
4(288 287 915 914)
4(273 272 287 288)
4(271 871 916 286)
4(870 915 916 871)
4(287 286 916 915)
4(272 271 286 287)
4(270 872 917 285)
4(871 916 917 872)
4(286 285 917 916)
4(271 270 285 286)
4(269 873 918 284)
4(872 917 918 873)
4(285 284 918 917)
4(270 269 284 285)
4(873 918 491 488)
4(284 139 491 918)
4(269 140 139 284)
4(859 874 919 904)
4(54 57 919 874)
4(56 904 919 57)
4(860 875 920 905)
4(874 919 920 875)
4(904 905 920 919)
4(861 876 921 906)
4(875 920 921 876)
4(905 906 921 920)
4(862 877 922 907)
4(876 921 922 877)
4(906 907 922 921)
4(863 878 923 908)
4(877 922 923 878)
4(907 908 923 922)
4(864 879 924 909)
4(878 923 924 879)
4(908 909 924 923)
4(865 880 925 910)
4(879 924 925 880)
4(909 910 925 924)
4(866 881 926 911)
4(880 925 926 881)
4(910 911 926 925)
4(867 882 927 912)
4(881 926 927 882)
4(911 912 927 926)
4(868 883 928 913)
4(882 927 928 883)
4(912 913 928 927)
4(869 884 929 914)
4(883 928 929 884)
4(913 914 929 928)
4(870 885 930 915)
4(884 929 930 885)
4(914 915 930 929)
4(871 886 931 916)
4(885 930 931 886)
4(915 916 931 930)
4(872 887 932 917)
4(886 931 932 887)
4(916 917 932 931)
4(873 888 933 918)
4(887 932 933 888)
4(917 918 933 932)
4(888 933 492 489)
4(918 491 492 933)
4(874 889 934 919)
4(55 58 934 889)
4(57 919 934 58)
4(875 890 935 920)
4(889 934 935 890)
4(919 920 935 934)
4(876 891 936 921)
4(890 935 936 891)
4(920 921 936 935)
4(877 892 937 922)
4(891 936 937 892)
4(921 922 937 936)
4(878 893 938 923)
4(892 937 938 893)
4(922 923 938 937)
4(879 894 939 924)
4(893 938 939 894)
4(923 924 939 938)
4(880 895 940 925)
4(894 939 940 895)
4(924 925 940 939)
4(881 896 941 926)
4(895 940 941 896)
4(925 926 941 940)
4(882 897 942 927)
4(896 941 942 897)
4(926 927 942 941)
4(883 898 943 928)
4(897 942 943 898)
4(927 928 943 942)
4(884 899 944 929)
4(898 943 944 899)
4(928 929 944 943)
4(885 900 945 930)
4(899 944 945 900)
4(929 930 945 944)
4(886 901 946 931)
4(900 945 946 901)
4(930 931 946 945)
4(887 902 947 932)
4(901 946 947 902)
4(931 932 947 946)
4(888 903 948 933)
4(902 947 948 903)
4(932 933 948 947)
4(903 948 493 490)
4(933 492 493 948)
4(889 434 449 934)
4(58 934 449 16)
4(890 435 450 935)
4(934 935 450 449)
4(891 436 451 936)
4(935 936 451 450)
4(892 437 452 937)
4(936 937 452 451)
4(893 438 453 938)
4(937 938 453 452)
4(894 439 454 939)
4(938 939 454 453)
4(895 440 455 940)
4(939 940 455 454)
4(896 441 456 941)
4(940 941 456 455)
4(897 442 457 942)
4(941 942 457 456)
4(898 443 458 943)
4(942 943 458 457)
4(899 444 459 944)
4(943 944 459 458)
4(900 445 460 945)
4(944 945 460 459)
4(901 446 461 946)
4(945 946 461 460)
4(902 447 462 947)
4(946 947 462 461)
4(903 448 463 948)
4(947 948 463 462)
4(948 493 299 463)
4(298 904 124 76)
4(56 28 124 904)
4(297 905 125 77)
4(904 124 125 905)
4(298 297 77 76)
4(296 906 126 78)
4(905 125 126 906)
4(297 296 78 77)
4(295 907 127 79)
4(906 126 127 907)
4(296 295 79 78)
4(294 908 128 80)
4(907 127 128 908)
4(295 294 80 79)
4(293 909 129 81)
4(908 128 129 909)
4(294 293 81 80)
4(292 910 130 82)
4(909 129 130 910)
4(293 292 82 81)
4(291 911 131 83)
4(910 130 131 911)
4(292 291 83 82)
4(290 912 132 84)
4(911 131 132 912)
4(291 290 84 83)
4(289 913 133 85)
4(912 132 133 913)
4(290 289 85 84)
4(288 914 134 86)
4(913 133 134 914)
4(289 288 86 85)
4(287 915 135 87)
4(914 134 135 915)
4(288 287 87 86)
4(286 916 136 88)
4(915 135 136 916)
4(287 286 88 87)
4(285 917 137 89)
4(916 136 137 917)
4(286 285 89 88)
4(284 918 138 90)
4(917 137 138 918)
4(285 284 90 89)
4(918 138 93 491)
4(284 139 75 90)
4(904 919 109 124)
4(57 27 109 919)
4(905 920 110 125)
4(919 109 110 920)
4(906 921 111 126)
4(920 110 111 921)
4(907 922 112 127)
4(921 111 112 922)
4(908 923 113 128)
4(922 112 113 923)
4(909 924 114 129)
4(923 113 114 924)
4(910 925 115 130)
4(924 114 115 925)
4(911 926 116 131)
4(925 115 116 926)
4(912 927 117 132)
4(926 116 117 927)
4(913 928 118 133)
4(927 117 118 928)
4(914 929 119 134)
4(928 118 119 929)
4(915 930 120 135)
4(929 119 120 930)
4(916 931 121 136)
4(930 120 121 931)
4(917 932 122 137)
4(931 121 122 932)
4(918 933 123 138)
4(932 122 123 933)
4(933 123 92 492)
4(919 934 94 109)
4(58 26 94 934)
4(920 935 95 110)
4(934 94 95 935)
4(921 936 96 111)
4(935 95 96 936)
4(922 937 97 112)
4(936 96 97 937)
4(923 938 98 113)
4(937 97 98 938)
4(924 939 99 114)
4(938 98 99 939)
4(925 940 100 115)
4(939 99 100 940)
4(926 941 101 116)
4(940 100 101 941)
4(927 942 102 117)
4(941 101 102 942)
4(928 943 103 118)
4(942 102 103 943)
4(929 944 104 119)
4(943 103 104 944)
4(930 945 105 120)
4(944 104 105 945)
4(931 946 106 121)
4(945 105 106 946)
4(932 947 107 122)
4(946 106 107 947)
4(933 948 108 123)
4(947 107 108 948)
4(948 108 91 493)
4(934 449 60 94)
4(935 450 61 95)
4(936 451 62 96)
4(937 452 63 97)
4(938 453 64 98)
4(939 454 65 99)
4(940 455 66 100)
4(941 456 67 101)
4(942 457 68 102)
4(943 458 69 103)
4(944 459 70 104)
4(945 460 71 105)
4(946 461 72 106)
4(947 462 73 107)
4(948 463 74 108)
4(1025 1097 1102 1030)
4(1029 1030 1102 1101)
4(1096 1101 1102 1097)
4(1026 1098 1103 1031)
4(1030 1031 1103 1102)
4(1097 1102 1103 1098)
4(1031 1032 1104 1103)
4(1029 1101 1108 1036)
4(1035 1036 1108 1107)
4(1100 1107 1108 1101)
4(1030 1102 1109 1037)
4(1036 1037 1109 1108)
4(1101 1108 1109 1102)
4(1031 1103 1110 1038)
4(1037 1038 1110 1109)
4(1102 1109 1110 1103)
4(1032 1104 1111 1039)
4(1038 1039 1111 1110)
4(1103 1110 1111 1104)
4(1039 1040 1112 1111)
4(1035 1107 1116 1044)
4(1043 1044 1116 1115)
4(1106 1115 1116 1107)
4(1036 1108 1117 1045)
4(1044 1045 1117 1116)
4(1107 1116 1117 1108)
4(1037 1109 1118 1046)
4(1045 1046 1118 1117)
4(1108 1117 1118 1109)
4(1038 1110 1119 1047)
4(1046 1047 1119 1118)
4(1109 1118 1119 1110)
4(1039 1111 1120 1048)
4(1047 1048 1120 1119)
4(1110 1119 1120 1111)
4(1040 1112 1121 1049)
4(1048 1049 1121 1120)
4(1111 1120 1121 1112)
4(1049 1050 1122 1121)
4(1043 1115 1126 1054)
4(1053 1054 1126 1125)
4(1114 1125 1126 1115)
4(1044 1116 1127 1055)
4(1054 1055 1127 1126)
4(1115 1126 1127 1116)
4(1045 1117 1128 1056)
4(1055 1056 1128 1127)
4(1116 1127 1128 1117)
4(1046 1118 1129 1057)
4(1056 1057 1129 1128)
4(1117 1128 1129 1118)
4(1047 1119 1130 1058)
4(1057 1058 1130 1129)
4(1118 1129 1130 1119)
4(1048 1120 1131 1059)
4(1058 1059 1131 1130)
4(1119 1130 1131 1120)
4(1049 1121 1132 1060)
4(1059 1060 1132 1131)
4(1120 1131 1132 1121)
4(1050 1122 1133 1061)
4(1060 1061 1133 1132)
4(1121 1132 1133 1122)
4(1061 1062 1134 1133)
4(1122 1133 1134 1123)
4(1053 1125 1138 1066)
4(1065 1066 1138 1137)
4(1124 1137 1138 1125)
4(1054 1126 1139 1067)
4(1066 1067 1139 1138)
4(1125 1138 1139 1126)
4(1055 1127 1140 1068)
4(1067 1068 1140 1139)
4(1126 1139 1140 1127)
4(1056 1128 1141 1069)
4(1068 1069 1141 1140)
4(1127 1140 1141 1128)
4(1057 1129 1142 1070)
4(1069 1070 1142 1141)
4(1128 1141 1142 1129)
4(1058 1130 1143 1071)
4(1070 1071 1143 1142)
4(1129 1142 1143 1130)
4(1059 1131 1144 1072)
4(1071 1072 1144 1143)
4(1130 1143 1144 1131)
4(1060 1132 1145 1073)
4(1072 1073 1145 1144)
4(1131 1144 1145 1132)
4(1061 1133 1146 1074)
4(1073 1074 1146 1145)
4(1132 1145 1146 1133)
4(1062 1134 1147 1075)
4(1074 1075 1147 1146)
4(1133 1146 1147 1134)
4(1075 1076 1148 1147)
4(1134 1147 1148 1135)
4(1065 1137 1152 1080)
4(1079 1080 1152 1151)
4(1136 1151 1152 1137)
4(1066 1138 1153 1081)
4(1080 1081 1153 1152)
4(1137 1152 1153 1138)
4(1067 1139 1154 1082)
4(1081 1082 1154 1153)
4(1138 1153 1154 1139)
4(1068 1140 1155 1083)
4(1082 1083 1155 1154)
4(1139 1154 1155 1140)
4(1069 1141 1156 1084)
4(1083 1084 1156 1155)
4(1140 1155 1156 1141)
4(1070 1142 1157 1085)
4(1084 1085 1157 1156)
4(1141 1156 1157 1142)
4(1071 1143 1158 1086)
4(1085 1086 1158 1157)
4(1142 1157 1158 1143)
4(1072 1144 1159 1087)
4(1086 1087 1159 1158)
4(1143 1158 1159 1144)
4(1073 1145 1160 1088)
4(1087 1088 1160 1159)
4(1144 1159 1160 1145)
4(1074 1146 1161 1089)
4(1088 1089 1161 1160)
4(1145 1160 1161 1146)
4(1075 1147 1162 1090)
4(1089 1090 1162 1161)
4(1146 1161 1162 1147)
4(1076 1148 1163 1091)
4(1090 1091 1163 1162)
4(1147 1162 1163 1148)
4(1091 1092 1164 1163)
4(1148 1163 1164 1149)
4(1079 1151 165 150)
4(1150 164 165 1151)
4(1080 1152 166 151)
4(1151 165 166 1152)
4(1081 1153 167 152)
4(1152 166 167 1153)
4(1082 1154 168 153)
4(1153 167 168 1154)
4(1083 1155 169 154)
4(1154 168 169 1155)
4(1084 1156 170 155)
4(1155 169 170 1156)
4(1085 1157 171 156)
4(1156 170 171 1157)
4(1086 1158 172 157)
4(1157 171 172 1158)
4(1087 1159 173 158)
4(1158 172 173 1159)
4(1088 1160 174 159)
4(1159 173 174 1160)
4(1089 1161 175 160)
4(1160 174 175 1161)
4(1090 1162 176 161)
4(1161 175 176 1162)
4(1091 1163 177 162)
4(1162 176 177 1163)
4(1092 1164 178 163)
4(1163 177 178 1164)
4(1164 178 10 13)
4(1096 1097 1169 1168)
4(1165 1168 1169 1166)
4(1096 1168 1173 1101)
4(1100 1101 1173 1172)
4(1167 1172 1173 1168)
4(1097 1169 1174 1102)
4(1101 1102 1174 1173)
4(1168 1173 1174 1169)
4(1102 1103 1175 1174)
4(1169 1174 1175 1170)
4(1101 1173 1179 1108)
4(1107 1108 1179 1178)
4(1172 1178 1179 1173)
4(1102 1174 1180 1109)
4(1108 1109 1180 1179)
4(1173 1179 1180 1174)
4(1103 1175 1181 1110)
4(1109 1110 1181 1180)
4(1174 1180 1181 1175)
4(1110 1111 1182 1181)
4(1175 1181 1182 1176)
4(1107 1178 1186 1116)
4(1115 1116 1186 1185)
4(1177 1185 1186 1178)
4(1108 1179 1187 1117)
4(1116 1117 1187 1186)
4(1178 1186 1187 1179)
4(1109 1180 1188 1118)
4(1117 1118 1188 1187)
4(1179 1187 1188 1180)
4(1110 1181 1189 1119)
4(1118 1119 1189 1188)
4(1180 1188 1189 1181)
4(1111 1182 1190 1120)
4(1119 1120 1190 1189)
4(1181 1189 1190 1182)
4(1120 1121 1191 1190)
4(1182 1190 1191 1183)
4(1115 1185 1196 1126)
4(1125 1126 1196 1195)
4(1184 1195 1196 1185)
4(1116 1186 1197 1127)
4(1126 1127 1197 1196)
4(1185 1196 1197 1186)
4(1117 1187 1198 1128)
4(1127 1128 1198 1197)
4(1186 1197 1198 1187)
4(1118 1188 1199 1129)
4(1128 1129 1199 1198)
4(1187 1198 1199 1188)
4(1119 1189 1200 1130)
4(1129 1130 1200 1199)
4(1188 1199 1200 1189)
4(1120 1190 1201 1131)
4(1130 1131 1201 1200)
4(1189 1200 1201 1190)
4(1121 1191 1202 1132)
4(1131 1132 1202 1201)
4(1190 1201 1202 1191)
4(1122 1192 1203 1133)
4(1132 1133 1203 1202)
4(1191 1202 1203 1192)
4(1133 1134 1204 1203)
4(1125 1195 1208 1138)
4(1137 1138 1208 1207)
4(1194 1207 1208 1195)
4(1126 1196 1209 1139)
4(1138 1139 1209 1208)
4(1195 1208 1209 1196)
4(1127 1197 1210 1140)
4(1139 1140 1210 1209)
4(1196 1209 1210 1197)
4(1128 1198 1211 1141)
4(1140 1141 1211 1210)
4(1197 1210 1211 1198)
4(1129 1199 1212 1142)
4(1141 1142 1212 1211)
4(1198 1211 1212 1199)
4(1130 1200 1213 1143)
4(1142 1143 1213 1212)
4(1199 1212 1213 1200)
4(1131 1201 1214 1144)
4(1143 1144 1214 1213)
4(1200 1213 1214 1201)
4(1132 1202 1215 1145)
4(1144 1145 1215 1214)
4(1201 1214 1215 1202)
4(1133 1203 1216 1146)
4(1145 1146 1216 1215)
4(1202 1215 1216 1203)
4(1134 1204 1217 1147)
4(1146 1147 1217 1216)
4(1203 1216 1217 1204)
4(1147 1148 1218 1217)
4(1137 1207 1222 1152)
4(1151 1152 1222 1221)
4(1206 1221 1222 1207)
4(1138 1208 1223 1153)
4(1152 1153 1223 1222)
4(1207 1222 1223 1208)
4(1139 1209 1224 1154)
4(1153 1154 1224 1223)
4(1208 1223 1224 1209)
4(1140 1210 1225 1155)
4(1154 1155 1225 1224)
4(1209 1224 1225 1210)
4(1141 1211 1226 1156)
4(1155 1156 1226 1225)
4(1210 1225 1226 1211)
4(1142 1212 1227 1157)
4(1156 1157 1227 1226)
4(1211 1226 1227 1212)
4(1143 1213 1228 1158)
4(1157 1158 1228 1227)
4(1212 1227 1228 1213)
4(1144 1214 1229 1159)
4(1158 1159 1229 1228)
4(1213 1228 1229 1214)
4(1145 1215 1230 1160)
4(1159 1160 1230 1229)
4(1214 1229 1230 1215)
4(1146 1216 1231 1161)
4(1160 1161 1231 1230)
4(1215 1230 1231 1216)
4(1147 1217 1232 1162)
4(1161 1162 1232 1231)
4(1216 1231 1232 1217)
4(1148 1218 1233 1163)
4(1162 1163 1233 1232)
4(1217 1232 1233 1218)
4(1163 1164 1234 1233)
4(1218 1233 1234 1219)
4(1151 1221 180 165)
4(1220 179 180 1221)
4(1152 1222 181 166)
4(1221 180 181 1222)
4(1153 1223 182 167)
4(1222 181 182 1223)
4(1154 1224 183 168)
4(1223 182 183 1224)
4(1155 1225 184 169)
4(1224 183 184 1225)
4(1156 1226 185 170)
4(1225 184 185 1226)
4(1157 1227 186 171)
4(1226 185 186 1227)
4(1158 1228 187 172)
4(1227 186 187 1228)
4(1159 1229 188 173)
4(1228 187 188 1229)
4(1160 1230 189 174)
4(1229 188 189 1230)
4(1161 1231 190 175)
4(1230 189 190 1231)
4(1162 1232 191 176)
4(1231 190 191 1232)
4(1163 1233 192 177)
4(1232 191 192 1233)
4(1164 1234 193 178)
4(1233 192 193 1234)
4(1234 193 9 14)
4(1168 1169 1239 1238)
4(1235 1238 1239 1236)
4(1168 1238 1243 1173)
4(1172 1173 1243 1242)
4(1237 1242 1243 1238)
4(1169 1239 1244 1174)
4(1173 1174 1244 1243)
4(1238 1243 1244 1239)
4(1174 1175 1245 1244)
4(1239 1244 1245 1240)
4(1172 1242 1249 1178)
4(1177 1178 1249 1248)
4(1241 1248 1249 1242)
4(1173 1243 1250 1179)
4(1178 1179 1250 1249)
4(1242 1249 1250 1243)
4(1174 1244 1251 1180)
4(1179 1180 1251 1250)
4(1243 1250 1251 1244)
4(1175 1245 1252 1181)
4(1180 1181 1252 1251)
4(1244 1251 1252 1245)
4(1181 1182 1253 1252)
4(1245 1252 1253 1246)
4(1178 1249 1257 1186)
4(1185 1186 1257 1256)
4(1248 1256 1257 1249)
4(1179 1250 1258 1187)
4(1186 1187 1258 1257)
4(1249 1257 1258 1250)
4(1180 1251 1259 1188)
4(1187 1188 1259 1258)
4(1250 1258 1259 1251)
4(1181 1252 1260 1189)
4(1188 1189 1260 1259)
4(1251 1259 1260 1252)
4(1182 1253 1261 1190)
4(1189 1190 1261 1260)
4(1252 1260 1261 1253)
4(1190 1191 1262 1261)
4(1253 1261 1262 1254)
4(1185 1256 1266 1196)
4(1195 1196 1266 1265)
4(1255 1265 1266 1256)
4(1186 1257 1267 1197)
4(1196 1197 1267 1266)
4(1256 1266 1267 1257)
4(1187 1258 1268 1198)
4(1197 1198 1268 1267)
4(1257 1267 1268 1258)
4(1188 1259 1269 1199)
4(1198 1199 1269 1268)
4(1258 1268 1269 1259)
4(1189 1260 1270 1200)
4(1199 1200 1270 1269)
4(1259 1269 1270 1260)
4(1190 1261 1271 1201)
4(1200 1201 1271 1270)
4(1260 1270 1271 1261)
4(1191 1262 1272 1202)
4(1201 1202 1272 1271)
4(1261 1271 1272 1262)
4(1202 1203 1273 1272)
4(1262 1272 1273 1263)
4(1195 1265 1277 1208)
4(1207 1208 1277 1276)
4(1264 1276 1277 1265)
4(1196 1266 1278 1209)
4(1208 1209 1278 1277)
4(1265 1277 1278 1266)
4(1197 1267 1279 1210)
4(1209 1210 1279 1278)
4(1266 1278 1279 1267)
4(1198 1268 1280 1211)
4(1210 1211 1280 1279)
4(1267 1279 1280 1268)
4(1199 1269 1281 1212)
4(1211 1212 1281 1280)
4(1268 1280 1281 1269)
4(1200 1270 1282 1213)
4(1212 1213 1282 1281)
4(1269 1281 1282 1270)
4(1201 1271 1283 1214)
4(1213 1214 1283 1282)
4(1270 1282 1283 1271)
4(1202 1272 1284 1215)
4(1214 1215 1284 1283)
4(1271 1283 1284 1272)
4(1203 1273 1285 1216)
4(1215 1216 1285 1284)
4(1272 1284 1285 1273)
4(1216 1217 1286 1285)
4(1273 1285 1286 1274)
4(1207 1276 1291 1222)
4(1221 1222 1291 1290)
4(1275 1290 1291 1276)
4(1208 1277 1292 1223)
4(1222 1223 1292 1291)
4(1276 1291 1292 1277)
4(1209 1278 1293 1224)
4(1223 1224 1293 1292)
4(1277 1292 1293 1278)
4(1210 1279 1294 1225)
4(1224 1225 1294 1293)
4(1278 1293 1294 1279)
4(1211 1280 1295 1226)
4(1225 1226 1295 1294)
4(1279 1294 1295 1280)
4(1212 1281 1296 1227)
4(1226 1227 1296 1295)
4(1280 1295 1296 1281)
4(1213 1282 1297 1228)
4(1227 1228 1297 1296)
4(1281 1296 1297 1282)
4(1214 1283 1298 1229)
4(1228 1229 1298 1297)
4(1282 1297 1298 1283)
4(1215 1284 1299 1230)
4(1229 1230 1299 1298)
4(1283 1298 1299 1284)
4(1216 1285 1300 1231)
4(1230 1231 1300 1299)
4(1284 1299 1300 1285)
4(1217 1286 1301 1232)
4(1231 1232 1301 1300)
4(1285 1300 1301 1286)
4(1218 1287 1302 1233)
4(1232 1233 1302 1301)
4(1286 1301 1302 1287)
4(1233 1234 1303 1302)
4(1221 1290 195 180)
4(1289 194 195 1290)
4(1222 1291 196 181)
4(1290 195 196 1291)
4(1223 1292 197 182)
4(1291 196 197 1292)
4(1224 1293 198 183)
4(1292 197 198 1293)
4(1225 1294 199 184)
4(1293 198 199 1294)
4(1226 1295 200 185)
4(1294 199 200 1295)
4(1227 1296 201 186)
4(1295 200 201 1296)
4(1228 1297 202 187)
4(1296 201 202 1297)
4(1229 1298 203 188)
4(1297 202 203 1298)
4(1230 1299 204 189)
4(1298 203 204 1299)
4(1231 1300 205 190)
4(1299 204 205 1300)
4(1232 1301 206 191)
4(1300 205 206 1301)
4(1233 1302 207 192)
4(1301 206 207 1302)
4(1234 1303 208 193)
4(1302 207 208 1303)
4(1238 1239 1308 1307)
4(1304 1307 1308 1305)
4(1238 1307 1312 1243)
4(1242 1243 1312 1311)
4(1306 1311 1312 1307)
4(1239 1308 1313 1244)
4(1243 1244 1313 1312)
4(1307 1312 1313 1308)
4(1244 1245 1314 1313)
4(1308 1313 1314 1309)
4(1242 1311 1318 1249)
4(1248 1249 1318 1317)
4(1310 1317 1318 1311)
4(1243 1312 1319 1250)
4(1249 1250 1319 1318)
4(1311 1318 1319 1312)
4(1244 1313 1320 1251)
4(1250 1251 1320 1319)
4(1312 1319 1320 1313)
4(1245 1314 1321 1252)
4(1251 1252 1321 1320)
4(1313 1320 1321 1314)
4(1252 1253 1322 1321)
4(1314 1321 1322 1315)
4(1248 1317 1326 1256)
4(1255 1256 1326 1325)
4(1316 1325 1326 1317)
4(1249 1318 1327 1257)
4(1256 1257 1327 1326)
4(1317 1326 1327 1318)
4(1250 1319 1328 1258)
4(1257 1258 1328 1327)
4(1318 1327 1328 1319)
4(1251 1320 1329 1259)
4(1258 1259 1329 1328)
4(1319 1328 1329 1320)
4(1252 1321 1330 1260)
4(1259 1260 1330 1329)
4(1320 1329 1330 1321)
4(1253 1322 1331 1261)
4(1260 1261 1331 1330)
4(1321 1330 1331 1322)
4(1261 1262 1332 1331)
4(1322 1331 1332 1323)
4(1256 1326 1336 1266)
4(1265 1266 1336 1335)
4(1325 1335 1336 1326)
4(1257 1327 1337 1267)
4(1266 1267 1337 1336)
4(1326 1336 1337 1327)
4(1258 1328 1338 1268)
4(1267 1268 1338 1337)
4(1327 1337 1338 1328)
4(1259 1329 1339 1269)
4(1268 1269 1339 1338)
4(1328 1338 1339 1329)
4(1260 1330 1340 1270)
4(1269 1270 1340 1339)
4(1329 1339 1340 1330)
4(1261 1331 1341 1271)
4(1270 1271 1341 1340)
4(1330 1340 1341 1331)
4(1262 1332 1342 1272)
4(1271 1272 1342 1341)
4(1331 1341 1342 1332)
4(1272 1273 1343 1342)
4(1332 1342 1343 1333)
4(1265 1335 1347 1277)
4(1276 1277 1347 1346)
4(1334 1346 1347 1335)
4(1266 1336 1348 1278)
4(1277 1278 1348 1347)
4(1335 1347 1348 1336)
4(1267 1337 1349 1279)
4(1278 1279 1349 1348)
4(1336 1348 1349 1337)
4(1268 1338 1350 1280)
4(1279 1280 1350 1349)
4(1337 1349 1350 1338)
4(1269 1339 1351 1281)
4(1280 1281 1351 1350)
4(1338 1350 1351 1339)
4(1270 1340 1352 1282)
4(1281 1282 1352 1351)
4(1339 1351 1352 1340)
4(1271 1341 1353 1283)
4(1282 1283 1353 1352)
4(1340 1352 1353 1341)
4(1272 1342 1354 1284)
4(1283 1284 1354 1353)
4(1341 1353 1354 1342)
4(1273 1343 1355 1285)
4(1284 1285 1355 1354)
4(1342 1354 1355 1343)
4(1285 1286 1356 1355)
4(1343 1355 1356 1344)
4(1276 1346 1360 1291)
4(1290 1291 1360 1359)
4(1345 1359 1360 1346)
4(1277 1347 1361 1292)
4(1291 1292 1361 1360)
4(1346 1360 1361 1347)
4(1278 1348 1362 1293)
4(1292 1293 1362 1361)
4(1347 1361 1362 1348)
4(1279 1349 1363 1294)
4(1293 1294 1363 1362)
4(1348 1362 1363 1349)
4(1280 1350 1364 1295)
4(1294 1295 1364 1363)
4(1349 1363 1364 1350)
4(1281 1351 1365 1296)
4(1295 1296 1365 1364)
4(1350 1364 1365 1351)
4(1282 1352 1366 1297)
4(1296 1297 1366 1365)
4(1351 1365 1366 1352)
4(1283 1353 1367 1298)
4(1297 1298 1367 1366)
4(1352 1366 1367 1353)
4(1284 1354 1368 1299)
4(1298 1299 1368 1367)
4(1353 1367 1368 1354)
4(1285 1355 1369 1300)
4(1299 1300 1369 1368)
4(1354 1368 1369 1355)
4(1286 1356 1370 1301)
4(1300 1301 1370 1369)
4(1355 1369 1370 1356)
4(1301 1302 1371 1370)
4(1356 1370 1371 1357)
4(1290 1359 210 195)
4(1358 209 210 1359)
4(1291 1360 211 196)
4(1359 210 211 1360)
4(1292 1361 212 197)
4(1360 211 212 1361)
4(1293 1362 213 198)
4(1361 212 213 1362)
4(1294 1363 214 199)
4(1362 213 214 1363)
4(1295 1364 215 200)
4(1363 214 215 1364)
4(1296 1365 216 201)
4(1364 215 216 1365)
4(1297 1366 217 202)
4(1365 216 217 1366)
4(1298 1367 218 203)
4(1366 217 218 1367)
4(1299 1368 219 204)
4(1367 218 219 1368)
4(1300 1369 220 205)
4(1368 219 220 1369)
4(1301 1370 221 206)
4(1369 220 221 1370)
4(1302 1371 222 207)
4(1370 221 222 1371)
4(1371 222 223 1372)
4(1307 1308 1377 1376)
4(1373 1376 1377 1374)
4(1307 1376 1381 1312)
4(1311 1312 1381 1380)
4(1375 1380 1381 1376)
4(1308 1377 1382 1313)
4(1312 1313 1382 1381)
4(1376 1381 1382 1377)
4(1313 1314 1383 1382)
4(1377 1382 1383 1378)
4(1311 1380 1387 1318)
4(1317 1318 1387 1386)
4(1379 1386 1387 1380)
4(1312 1381 1388 1319)
4(1318 1319 1388 1387)
4(1380 1387 1388 1381)
4(1313 1382 1389 1320)
4(1319 1320 1389 1388)
4(1381 1388 1389 1382)
4(1314 1383 1390 1321)
4(1320 1321 1390 1389)
4(1382 1389 1390 1383)
4(1321 1322 1391 1390)
4(1383 1390 1391 1384)
4(1317 1386 1395 1326)
4(1325 1326 1395 1394)
4(1385 1394 1395 1386)
4(1318 1387 1396 1327)
4(1326 1327 1396 1395)
4(1386 1395 1396 1387)
4(1319 1388 1397 1328)
4(1327 1328 1397 1396)
4(1387 1396 1397 1388)
4(1320 1389 1398 1329)
4(1328 1329 1398 1397)
4(1388 1397 1398 1389)
4(1321 1390 1399 1330)
4(1329 1330 1399 1398)
4(1389 1398 1399 1390)
4(1322 1391 1400 1331)
4(1330 1331 1400 1399)
4(1390 1399 1400 1391)
4(1331 1332 1401 1400)
4(1391 1400 1401 1392)
4(1325 1394 1405 1335)
4(1334 1335 1405 1404)
4(1393 1404 1405 1394)
4(1326 1395 1406 1336)
4(1335 1336 1406 1405)
4(1394 1405 1406 1395)
4(1327 1396 1407 1337)
4(1336 1337 1407 1406)
4(1395 1406 1407 1396)
4(1328 1397 1408 1338)
4(1337 1338 1408 1407)
4(1396 1407 1408 1397)
4(1329 1398 1409 1339)
4(1338 1339 1409 1408)
4(1397 1408 1409 1398)
4(1330 1399 1410 1340)
4(1339 1340 1410 1409)
4(1398 1409 1410 1399)
4(1331 1400 1411 1341)
4(1340 1341 1411 1410)
4(1399 1410 1411 1400)
4(1332 1401 1412 1342)
4(1341 1342 1412 1411)
4(1400 1411 1412 1401)
4(1342 1343 1413 1412)
4(1401 1412 1413 1402)
4(1335 1405 1417 1347)
4(1346 1347 1417 1416)
4(1404 1416 1417 1405)
4(1336 1406 1418 1348)
4(1347 1348 1418 1417)
4(1405 1417 1418 1406)
4(1337 1407 1419 1349)
4(1348 1349 1419 1418)
4(1406 1418 1419 1407)
4(1338 1408 1420 1350)
4(1349 1350 1420 1419)
4(1407 1419 1420 1408)
4(1339 1409 1421 1351)
4(1350 1351 1421 1420)
4(1408 1420 1421 1409)
4(1340 1410 1422 1352)
4(1351 1352 1422 1421)
4(1409 1421 1422 1410)
4(1341 1411 1423 1353)
4(1352 1353 1423 1422)
4(1410 1422 1423 1411)
4(1342 1412 1424 1354)
4(1353 1354 1424 1423)
4(1411 1423 1424 1412)
4(1343 1413 1425 1355)
4(1354 1355 1425 1424)
4(1412 1424 1425 1413)
4(1355 1356 1426 1425)
4(1413 1425 1426 1414)
4(1346 1416 1430 1360)
4(1359 1360 1430 1429)
4(1415 1429 1430 1416)
4(1347 1417 1431 1361)
4(1360 1361 1431 1430)
4(1416 1430 1431 1417)
4(1348 1418 1432 1362)
4(1361 1362 1432 1431)
4(1417 1431 1432 1418)
4(1349 1419 1433 1363)
4(1362 1363 1433 1432)
4(1418 1432 1433 1419)
4(1350 1420 1434 1364)
4(1363 1364 1434 1433)
4(1419 1433 1434 1420)
4(1351 1421 1435 1365)
4(1364 1365 1435 1434)
4(1420 1434 1435 1421)
4(1352 1422 1436 1366)
4(1365 1366 1436 1435)
4(1421 1435 1436 1422)
4(1353 1423 1437 1367)
4(1366 1367 1437 1436)
4(1422 1436 1437 1423)
4(1354 1424 1438 1368)
4(1367 1368 1438 1437)
4(1423 1437 1438 1424)
4(1355 1425 1439 1369)
4(1368 1369 1439 1438)
4(1424 1438 1439 1425)
4(1356 1426 1440 1370)
4(1369 1370 1440 1439)
4(1425 1439 1440 1426)
4(1370 1371 1441 1440)
4(1426 1440 1441 1427)
4(1359 1429 225 210)
4(1428 224 225 1429)
4(1360 1430 226 211)
4(1429 225 226 1430)
4(1361 1431 227 212)
4(1430 226 227 1431)
4(1362 1432 228 213)
4(1431 227 228 1432)
4(1363 1433 229 214)
4(1432 228 229 1433)
4(1364 1434 230 215)
4(1433 229 230 1434)
4(1365 1435 231 216)
4(1434 230 231 1435)
4(1366 1436 232 217)
4(1435 231 232 1436)
4(1367 1437 233 218)
4(1436 232 233 1437)
4(1368 1438 234 219)
4(1437 233 234 1438)
4(1369 1439 235 220)
4(1438 234 235 1439)
4(1370 1440 236 221)
4(1439 235 236 1440)
4(1371 1441 237 222)
4(1440 236 237 1441)
4(1441 237 238 1442)
4(1376 1377 1447 1446)
4(1443 1446 1447 1444)
4(1376 1446 1451 1381)
4(1380 1381 1451 1450)
4(1445 1450 1451 1446)
4(1377 1447 1452 1382)
4(1381 1382 1452 1451)
4(1446 1451 1452 1447)
4(1382 1383 1453 1452)
4(1447 1452 1453 1448)
4(1380 1450 1457 1387)
4(1386 1387 1457 1456)
4(1449 1456 1457 1450)
4(1381 1451 1458 1388)
4(1387 1388 1458 1457)
4(1450 1457 1458 1451)
4(1382 1452 1459 1389)
4(1388 1389 1459 1458)
4(1451 1458 1459 1452)
4(1383 1453 1460 1390)
4(1389 1390 1460 1459)
4(1452 1459 1460 1453)
4(1390 1391 1461 1460)
4(1453 1460 1461 1454)
4(1386 1456 1465 1395)
4(1394 1395 1465 1464)
4(1455 1464 1465 1456)
4(1387 1457 1466 1396)
4(1395 1396 1466 1465)
4(1456 1465 1466 1457)
4(1388 1458 1467 1397)
4(1396 1397 1467 1466)
4(1457 1466 1467 1458)
4(1389 1459 1468 1398)
4(1397 1398 1468 1467)
4(1458 1467 1468 1459)
4(1390 1460 1469 1399)
4(1398 1399 1469 1468)
4(1459 1468 1469 1460)
4(1391 1461 1470 1400)
4(1399 1400 1470 1469)
4(1460 1469 1470 1461)
4(1400 1401 1471 1470)
4(1461 1470 1471 1462)
4(1394 1464 1475 1405)
4(1404 1405 1475 1474)
4(1463 1474 1475 1464)
4(1395 1465 1476 1406)
4(1405 1406 1476 1475)
4(1464 1475 1476 1465)
4(1396 1466 1477 1407)
4(1406 1407 1477 1476)
4(1465 1476 1477 1466)
4(1397 1467 1478 1408)
4(1407 1408 1478 1477)
4(1466 1477 1478 1467)
4(1398 1468 1479 1409)
4(1408 1409 1479 1478)
4(1467 1478 1479 1468)
4(1399 1469 1480 1410)
4(1409 1410 1480 1479)
4(1468 1479 1480 1469)
4(1400 1470 1481 1411)
4(1410 1411 1481 1480)
4(1469 1480 1481 1470)
4(1401 1471 1482 1412)
4(1411 1412 1482 1481)
4(1470 1481 1482 1471)
4(1412 1413 1483 1482)
4(1471 1482 1483 1472)
4(1404 1474 1487 1416)
4(1415 1416 1487 1486)
4(1473 1486 1487 1474)
4(1405 1475 1488 1417)
4(1416 1417 1488 1487)
4(1474 1487 1488 1475)
4(1406 1476 1489 1418)
4(1417 1418 1489 1488)
4(1475 1488 1489 1476)
4(1407 1477 1490 1419)
4(1418 1419 1490 1489)
4(1476 1489 1490 1477)
4(1408 1478 1491 1420)
4(1419 1420 1491 1490)
4(1477 1490 1491 1478)
4(1409 1479 1492 1421)
4(1420 1421 1492 1491)
4(1478 1491 1492 1479)
4(1410 1480 1493 1422)
4(1421 1422 1493 1492)
4(1479 1492 1493 1480)
4(1411 1481 1494 1423)
4(1422 1423 1494 1493)
4(1480 1493 1494 1481)
4(1412 1482 1495 1424)
4(1423 1424 1495 1494)
4(1481 1494 1495 1482)
4(1413 1483 1496 1425)
4(1424 1425 1496 1495)
4(1482 1495 1496 1483)
4(1425 1426 1497 1496)
4(1483 1496 1497 1484)
4(1416 1487 1501 1430)
4(1429 1430 1501 1500)
4(1486 1500 1501 1487)
4(1417 1488 1502 1431)
4(1430 1431 1502 1501)
4(1487 1501 1502 1488)
4(1418 1489 1503 1432)
4(1431 1432 1503 1502)
4(1488 1502 1503 1489)
4(1419 1490 1504 1433)
4(1432 1433 1504 1503)
4(1489 1503 1504 1490)
4(1420 1491 1505 1434)
4(1433 1434 1505 1504)
4(1490 1504 1505 1491)
4(1421 1492 1506 1435)
4(1434 1435 1506 1505)
4(1491 1505 1506 1492)
4(1422 1493 1507 1436)
4(1435 1436 1507 1506)
4(1492 1506 1507 1493)
4(1423 1494 1508 1437)
4(1436 1437 1508 1507)
4(1493 1507 1508 1494)
4(1424 1495 1509 1438)
4(1437 1438 1509 1508)
4(1494 1508 1509 1495)
4(1425 1496 1510 1439)
4(1438 1439 1510 1509)
4(1495 1509 1510 1496)
4(1426 1497 1511 1440)
4(1439 1440 1511 1510)
4(1496 1510 1511 1497)
4(1440 1441 1512 1511)
4(1497 1511 1512 1498)
4(1429 1500 240 225)
4(1499 239 240 1500)
4(1430 1501 241 226)
4(1500 240 241 1501)
4(1431 1502 242 227)
4(1501 241 242 1502)
4(1432 1503 243 228)
4(1502 242 243 1503)
4(1433 1504 244 229)
4(1503 243 244 1504)
4(1434 1505 245 230)
4(1504 244 245 1505)
4(1435 1506 246 231)
4(1505 245 246 1506)
4(1436 1507 247 232)
4(1506 246 247 1507)
4(1437 1508 248 233)
4(1507 247 248 1508)
4(1438 1509 249 234)
4(1508 248 249 1509)
4(1439 1510 250 235)
4(1509 249 250 1510)
4(1440 1511 251 236)
4(1510 250 251 1511)
4(1441 1512 252 237)
4(1511 251 252 1512)
4(1512 252 253 1513)
4(1446 1447 1518 1517)
4(1514 1517 1518 1515)
4(1446 1517 1522 1451)
4(1450 1451 1522 1521)
4(1516 1521 1522 1517)
4(1447 1518 1523 1452)
4(1451 1452 1523 1522)
4(1517 1522 1523 1518)
4(1452 1453 1524 1523)
4(1518 1523 1524 1519)
4(1450 1521 1528 1457)
4(1456 1457 1528 1527)
4(1520 1527 1528 1521)
4(1451 1522 1529 1458)
4(1457 1458 1529 1528)
4(1521 1528 1529 1522)
4(1452 1523 1530 1459)
4(1458 1459 1530 1529)
4(1522 1529 1530 1523)
4(1453 1524 1531 1460)
4(1459 1460 1531 1530)
4(1523 1530 1531 1524)
4(1460 1461 1532 1531)
4(1524 1531 1532 1525)
4(1456 1527 1536 1465)
4(1464 1465 1536 1535)
4(1526 1535 1536 1527)
4(1457 1528 1537 1466)
4(1465 1466 1537 1536)
4(1527 1536 1537 1528)
4(1458 1529 1538 1467)
4(1466 1467 1538 1537)
4(1528 1537 1538 1529)
4(1459 1530 1539 1468)
4(1467 1468 1539 1538)
4(1529 1538 1539 1530)
4(1460 1531 1540 1469)
4(1468 1469 1540 1539)
4(1530 1539 1540 1531)
4(1461 1532 1541 1470)
4(1469 1470 1541 1540)
4(1531 1540 1541 1532)
4(1470 1471 1542 1541)
4(1532 1541 1542 1533)
4(1464 1535 1546 1475)
4(1474 1475 1546 1545)
4(1534 1545 1546 1535)
4(1465 1536 1547 1476)
4(1475 1476 1547 1546)
4(1535 1546 1547 1536)
4(1466 1537 1548 1477)
4(1476 1477 1548 1547)
4(1536 1547 1548 1537)
4(1467 1538 1549 1478)
4(1477 1478 1549 1548)
4(1537 1548 1549 1538)
4(1468 1539 1550 1479)
4(1478 1479 1550 1549)
4(1538 1549 1550 1539)
4(1469 1540 1551 1480)
4(1479 1480 1551 1550)
4(1539 1550 1551 1540)
4(1470 1541 1552 1481)
4(1480 1481 1552 1551)
4(1540 1551 1552 1541)
4(1471 1542 1553 1482)
4(1481 1482 1553 1552)
4(1541 1552 1553 1542)
4(1482 1483 1554 1553)
4(1542 1553 1554 1543)
4(1474 1545 1558 1487)
4(1486 1487 1558 1557)
4(1544 1557 1558 1545)
4(1475 1546 1559 1488)
4(1487 1488 1559 1558)
4(1545 1558 1559 1546)
4(1476 1547 1560 1489)
4(1488 1489 1560 1559)
4(1546 1559 1560 1547)
4(1477 1548 1561 1490)
4(1489 1490 1561 1560)
4(1547 1560 1561 1548)
4(1478 1549 1562 1491)
4(1490 1491 1562 1561)
4(1548 1561 1562 1549)
4(1479 1550 1563 1492)
4(1491 1492 1563 1562)
4(1549 1562 1563 1550)
4(1480 1551 1564 1493)
4(1492 1493 1564 1563)
4(1550 1563 1564 1551)
4(1481 1552 1565 1494)
4(1493 1494 1565 1564)
4(1551 1564 1565 1552)
4(1482 1553 1566 1495)
4(1494 1495 1566 1565)
4(1552 1565 1566 1553)
4(1483 1554 1567 1496)
4(1495 1496 1567 1566)
4(1553 1566 1567 1554)
4(1496 1497 1568 1567)
4(1554 1567 1568 1555)
4(1486 1557 1571 1500)
4(1499 1500 1571 1570)
4(1556 1570 1571 1557)
4(1487 1558 1572 1501)
4(1500 1501 1572 1571)
4(1557 1571 1572 1558)
4(1488 1559 1573 1502)
4(1501 1502 1573 1572)
4(1558 1572 1573 1559)
4(1489 1560 1574 1503)
4(1502 1503 1574 1573)
4(1559 1573 1574 1560)
4(1490 1561 1575 1504)
4(1503 1504 1575 1574)
4(1560 1574 1575 1561)
4(1491 1562 1576 1505)
4(1504 1505 1576 1575)
4(1561 1575 1576 1562)
4(1492 1563 1577 1506)
4(1505 1506 1577 1576)
4(1562 1576 1577 1563)
4(1493 1564 1578 1507)
4(1506 1507 1578 1577)
4(1563 1577 1578 1564)
4(1494 1565 1579 1508)
4(1507 1508 1579 1578)
4(1564 1578 1579 1565)
4(1495 1566 1580 1509)
4(1508 1509 1580 1579)
4(1565 1579 1580 1566)
4(1496 1567 1581 1510)
4(1509 1510 1581 1580)
4(1566 1580 1581 1567)
4(1497 1568 1582 1511)
4(1510 1511 1582 1581)
4(1567 1581 1582 1568)
4(1511 1512 1583 1582)
4(1568 1582 1583 1569)
4(1500 1571 255 240)
4(1570 254 255 1571)
4(1501 1572 256 241)
4(1571 255 256 1572)
4(1502 1573 257 242)
4(1572 256 257 1573)
4(1503 1574 258 243)
4(1573 257 258 1574)
4(1504 1575 259 244)
4(1574 258 259 1575)
4(1505 1576 260 245)
4(1575 259 260 1576)
4(1506 1577 261 246)
4(1576 260 261 1577)
4(1507 1578 262 247)
4(1577 261 262 1578)
4(1508 1579 263 248)
4(1578 262 263 1579)
4(1509 1580 264 249)
4(1579 263 264 1580)
4(1510 1581 265 250)
4(1580 264 265 1581)
4(1511 1582 266 251)
4(1581 265 266 1582)
4(1512 1583 267 252)
4(1582 266 267 1583)
4(1583 267 268 1584)
4(1517 1518 1589 1588)
4(1585 1588 1589 1586)
4(1517 1588 1593 1522)
4(1521 1522 1593 1592)
4(1587 1592 1593 1588)
4(1518 1589 1594 1523)
4(1522 1523 1594 1593)
4(1588 1593 1594 1589)
4(1523 1524 1595 1594)
4(1589 1594 1595 1590)
4(1521 1592 1599 1528)
4(1527 1528 1599 1598)
4(1591 1598 1599 1592)
4(1522 1593 1600 1529)
4(1528 1529 1600 1599)
4(1592 1599 1600 1593)
4(1523 1594 1601 1530)
4(1529 1530 1601 1600)
4(1593 1600 1601 1594)
4(1524 1595 1602 1531)
4(1530 1531 1602 1601)
4(1594 1601 1602 1595)
4(1531 1532 1603 1602)
4(1595 1602 1603 1596)
4(1527 1598 1607 1536)
4(1535 1536 1607 1606)
4(1597 1606 1607 1598)
4(1528 1599 1608 1537)
4(1536 1537 1608 1607)
4(1598 1607 1608 1599)
4(1529 1600 1609 1538)
4(1537 1538 1609 1608)
4(1599 1608 1609 1600)
4(1530 1601 1610 1539)
4(1538 1539 1610 1609)
4(1600 1609 1610 1601)
4(1531 1602 1611 1540)
4(1539 1540 1611 1610)
4(1601 1610 1611 1602)
4(1532 1603 1612 1541)
4(1540 1541 1612 1611)
4(1602 1611 1612 1603)
4(1541 1542 1613 1612)
4(1603 1612 1613 1604)
4(1535 1606 1617 1546)
4(1545 1546 1617 1616)
4(1605 1616 1617 1606)
4(1536 1607 1618 1547)
4(1546 1547 1618 1617)
4(1606 1617 1618 1607)
4(1537 1608 1619 1548)
4(1547 1548 1619 1618)
4(1607 1618 1619 1608)
4(1538 1609 1620 1549)
4(1548 1549 1620 1619)
4(1608 1619 1620 1609)
4(1539 1610 1621 1550)
4(1549 1550 1621 1620)
4(1609 1620 1621 1610)
4(1540 1611 1622 1551)
4(1550 1551 1622 1621)
4(1610 1621 1622 1611)
4(1541 1612 1623 1552)
4(1551 1552 1623 1622)
4(1611 1622 1623 1612)
4(1542 1613 1624 1553)
4(1552 1553 1624 1623)
4(1612 1623 1624 1613)
4(1553 1554 1625 1624)
4(1613 1624 1625 1614)
4(1545 1616 1629 1558)
4(1557 1558 1629 1628)
4(1615 1628 1629 1616)
4(1546 1617 1630 1559)
4(1558 1559 1630 1629)
4(1616 1629 1630 1617)
4(1547 1618 1631 1560)
4(1559 1560 1631 1630)
4(1617 1630 1631 1618)
4(1548 1619 1632 1561)
4(1560 1561 1632 1631)
4(1618 1631 1632 1619)
4(1549 1620 1633 1562)
4(1561 1562 1633 1632)
4(1619 1632 1633 1620)
4(1550 1621 1634 1563)
4(1562 1563 1634 1633)
4(1620 1633 1634 1621)
4(1551 1622 1635 1564)
4(1563 1564 1635 1634)
4(1621 1634 1635 1622)
4(1552 1623 1636 1565)
4(1564 1565 1636 1635)
4(1622 1635 1636 1623)
4(1553 1624 1637 1566)
4(1565 1566 1637 1636)
4(1623 1636 1637 1624)
4(1554 1625 1638 1567)
4(1566 1567 1638 1637)
4(1624 1637 1638 1625)
4(1567 1568 1639 1638)
4(1625 1638 1639 1626)
4(1557 1628 1642 1571)
4(1570 1571 1642 1641)
4(1627 1641 1642 1628)
4(1558 1629 1643 1572)
4(1571 1572 1643 1642)
4(1628 1642 1643 1629)
4(1559 1630 1644 1573)
4(1572 1573 1644 1643)
4(1629 1643 1644 1630)
4(1560 1631 1645 1574)
4(1573 1574 1645 1644)
4(1630 1644 1645 1631)
4(1561 1632 1646 1575)
4(1574 1575 1646 1645)
4(1631 1645 1646 1632)
4(1562 1633 1647 1576)
4(1575 1576 1647 1646)
4(1632 1646 1647 1633)
4(1563 1634 1648 1577)
4(1576 1577 1648 1647)
4(1633 1647 1648 1634)
4(1564 1635 1649 1578)
4(1577 1578 1649 1648)
4(1634 1648 1649 1635)
4(1565 1636 1650 1579)
4(1578 1579 1650 1649)
4(1635 1649 1650 1636)
4(1566 1637 1651 1580)
4(1579 1580 1651 1650)
4(1636 1650 1651 1637)
4(1567 1638 1652 1581)
4(1580 1581 1652 1651)
4(1637 1651 1652 1638)
4(1568 1639 1653 1582)
4(1581 1582 1653 1652)
4(1638 1652 1653 1639)
4(1582 1583 1654 1653)
4(1639 1653 1654 1640)
4(1570 1641 269 254)
4(951 140 269 1641)
4(1571 1642 270 255)
4(1641 269 270 1642)
4(1572 1643 271 256)
4(1642 270 271 1643)
4(1573 1644 272 257)
4(1643 271 272 1644)
4(1574 1645 273 258)
4(1644 272 273 1645)
4(1575 1646 274 259)
4(1645 273 274 1646)
4(1576 1647 275 260)
4(1646 274 275 1647)
4(1577 1648 276 261)
4(1647 275 276 1648)
4(1578 1649 277 262)
4(1648 276 277 1649)
4(1579 1650 278 263)
4(1649 277 278 1650)
4(1580 1651 279 264)
4(1650 278 279 1651)
4(1581 1652 280 265)
4(1651 279 280 1652)
4(1582 1653 281 266)
4(1652 280 281 1653)
4(1583 1654 282 267)
4(1653 281 282 1654)
4(1654 282 283 1655)
4(1588 1589 1660 1659)
4(1656 1659 1660 1657)
4(1588 1659 1664 1593)
4(1592 1593 1664 1663)
4(1658 1663 1664 1659)
4(1589 1660 1665 1594)
4(1593 1594 1665 1664)
4(1659 1664 1665 1660)
4(1594 1595 1666 1665)
4(1660 1665 1666 1661)
4(1592 1663 1670 1599)
4(1598 1599 1670 1669)
4(1662 1669 1670 1663)
4(1593 1664 1671 1600)
4(1599 1600 1671 1670)
4(1663 1670 1671 1664)
4(1594 1665 1672 1601)
4(1600 1601 1672 1671)
4(1664 1671 1672 1665)
4(1595 1666 1673 1602)
4(1601 1602 1673 1672)
4(1665 1672 1673 1666)
4(1602 1603 1674 1673)
4(1666 1673 1674 1667)
4(1598 1669 1678 1607)
4(1606 1607 1678 1677)
4(1668 1677 1678 1669)
4(1599 1670 1679 1608)
4(1607 1608 1679 1678)
4(1669 1678 1679 1670)
4(1600 1671 1680 1609)
4(1608 1609 1680 1679)
4(1670 1679 1680 1671)
4(1601 1672 1681 1610)
4(1609 1610 1681 1680)
4(1671 1680 1681 1672)
4(1602 1673 1682 1611)
4(1610 1611 1682 1681)
4(1672 1681 1682 1673)
4(1603 1674 1683 1612)
4(1611 1612 1683 1682)
4(1673 1682 1683 1674)
4(1612 1613 1684 1683)
4(1674 1683 1684 1675)
4(1606 1677 1688 1617)
4(1616 1617 1688 1687)
4(1676 1687 1688 1677)
4(1607 1678 1689 1618)
4(1617 1618 1689 1688)
4(1677 1688 1689 1678)
4(1608 1679 1690 1619)
4(1618 1619 1690 1689)
4(1678 1689 1690 1679)
4(1609 1680 1691 1620)
4(1619 1620 1691 1690)
4(1679 1690 1691 1680)
4(1610 1681 1692 1621)
4(1620 1621 1692 1691)
4(1680 1691 1692 1681)
4(1611 1682 1693 1622)
4(1621 1622 1693 1692)
4(1681 1692 1693 1682)
4(1612 1683 1694 1623)
4(1622 1623 1694 1693)
4(1682 1693 1694 1683)
4(1613 1684 1695 1624)
4(1623 1624 1695 1694)
4(1683 1694 1695 1684)
4(1624 1625 1696 1695)
4(1684 1695 1696 1685)
4(1616 1687 1700 1629)
4(1628 1629 1700 1699)
4(1686 1699 1700 1687)
4(1617 1688 1701 1630)
4(1629 1630 1701 1700)
4(1687 1700 1701 1688)
4(1618 1689 1702 1631)
4(1630 1631 1702 1701)
4(1688 1701 1702 1689)
4(1619 1690 1703 1632)
4(1631 1632 1703 1702)
4(1689 1702 1703 1690)
4(1620 1691 1704 1633)
4(1632 1633 1704 1703)
4(1690 1703 1704 1691)
4(1621 1692 1705 1634)
4(1633 1634 1705 1704)
4(1691 1704 1705 1692)
4(1622 1693 1706 1635)
4(1634 1635 1706 1705)
4(1692 1705 1706 1693)
4(1623 1694 1707 1636)
4(1635 1636 1707 1706)
4(1693 1706 1707 1694)
4(1624 1695 1708 1637)
4(1636 1637 1708 1707)
4(1694 1707 1708 1695)
4(1625 1696 1709 1638)
4(1637 1638 1709 1708)
4(1695 1708 1709 1696)
4(1638 1639 1710 1709)
4(1696 1709 1710 1697)
4(1628 1699 1713 1642)
4(1641 1642 1713 1712)
4(1698 1712 1713 1699)
4(1629 1700 1714 1643)
4(1642 1643 1714 1713)
4(1699 1713 1714 1700)
4(1630 1701 1715 1644)
4(1643 1644 1715 1714)
4(1700 1714 1715 1701)
4(1631 1702 1716 1645)
4(1644 1645 1716 1715)
4(1701 1715 1716 1702)
4(1632 1703 1717 1646)
4(1645 1646 1717 1716)
4(1702 1716 1717 1703)
4(1633 1704 1718 1647)
4(1646 1647 1718 1717)
4(1703 1717 1718 1704)
4(1634 1705 1719 1648)
4(1647 1648 1719 1718)
4(1704 1718 1719 1705)
4(1635 1706 1720 1649)
4(1648 1649 1720 1719)
4(1705 1719 1720 1706)
4(1636 1707 1721 1650)
4(1649 1650 1721 1720)
4(1706 1720 1721 1707)
4(1637 1708 1722 1651)
4(1650 1651 1722 1721)
4(1707 1721 1722 1708)
4(1638 1709 1723 1652)
4(1651 1652 1723 1722)
4(1708 1722 1723 1709)
4(1639 1710 1724 1653)
4(1652 1653 1724 1723)
4(1709 1723 1724 1710)
4(1653 1654 1725 1724)
4(1710 1724 1725 1711)
4(1641 1712 284 269)
4(952 139 284 1712)
4(1642 1713 285 270)
4(1712 284 285 1713)
4(1643 1714 286 271)
4(1713 285 286 1714)
4(1644 1715 287 272)
4(1714 286 287 1715)
4(1645 1716 288 273)
4(1715 287 288 1716)
4(1646 1717 289 274)
4(1716 288 289 1717)
4(1647 1718 290 275)
4(1717 289 290 1718)
4(1648 1719 291 276)
4(1718 290 291 1719)
4(1649 1720 292 277)
4(1719 291 292 1720)
4(1650 1721 293 278)
4(1720 292 293 1721)
4(1651 1722 294 279)
4(1721 293 294 1722)
4(1652 1723 295 280)
4(1722 294 295 1723)
4(1653 1724 296 281)
4(1723 295 296 1724)
4(1654 1725 297 282)
4(1724 296 297 1725)
4(1725 297 298 1726)
4(1659 1660 982 990)
4(1659 990 991 1664)
4(1663 1664 991 998)
4(1660 982 983 1665)
4(1664 1665 983 991)
4(1665 1666 975 983)
4(1663 998 999 1670)
4(1669 1670 999 1005)
4(1664 991 992 1671)
4(1670 1671 992 999)
4(1665 983 984 1672)
4(1671 1672 984 992)
4(1666 975 976 1673)
4(1672 1673 976 984)
4(1673 1674 969 976)
4(1669 1005 1006 1678)
4(1677 1678 1006 1011)
4(1670 999 1000 1679)
4(1678 1679 1000 1006)
4(1671 992 993 1680)
4(1679 1680 993 1000)
4(1672 984 985 1681)
4(1680 1681 985 993)
4(1673 976 977 1682)
4(1681 1682 977 985)
4(1674 969 970 1683)
4(1682 1683 970 977)
4(1683 1684 964 970)
4(1677 1011 1012 1688)
4(1687 1688 1012 1016)
4(1678 1006 1007 1689)
4(1688 1689 1007 1012)
4(1679 1000 1001 1690)
4(1689 1690 1001 1007)
4(1680 993 994 1691)
4(1690 1691 994 1001)
4(1681 985 986 1692)
4(1691 1692 986 994)
4(1682 977 978 1693)
4(1692 1693 978 986)
4(1683 970 971 1694)
4(1693 1694 971 978)
4(1684 964 965 1695)
4(1694 1695 965 971)
4(1695 1696 960 965)
4(1687 1016 1017 1700)
4(1699 1700 1017 1020)
4(1688 1012 1013 1701)
4(1700 1701 1013 1017)
4(1689 1007 1008 1702)
4(1701 1702 1008 1013)
4(1690 1001 1002 1703)
4(1702 1703 1002 1008)
4(1691 994 995 1704)
4(1703 1704 995 1002)
4(1692 986 987 1705)
4(1704 1705 987 995)
4(1693 978 979 1706)
4(1705 1706 979 987)
4(1694 971 972 1707)
4(1706 1707 972 979)
4(1695 965 966 1708)
4(1707 1708 966 972)
4(1696 960 961 1709)
4(1708 1709 961 966)
4(1709 1710 957 961)
4(1699 1020 1021 1713)
4(1712 1713 1021 1023)
4(1700 1017 1018 1714)
4(1713 1714 1018 1021)
4(1701 1013 1014 1715)
4(1714 1715 1014 1018)
4(1702 1008 1009 1716)
4(1715 1716 1009 1014)
4(1703 1002 1003 1717)
4(1716 1717 1003 1009)
4(1704 995 996 1718)
4(1717 1718 996 1003)
4(1705 987 988 1719)
4(1718 1719 988 996)
4(1706 979 980 1720)
4(1719 1720 980 988)
4(1707 972 973 1721)
4(1720 1721 973 980)
4(1708 966 967 1722)
4(1721 1722 967 973)
4(1709 961 962 1723)
4(1722 1723 962 967)
4(1710 957 958 1724)
4(1723 1724 958 962)
4(1724 1725 955 958)
4(1712 1023 90 284)
4(1713 1021 89 285)
4(1714 1018 88 286)
4(1715 1014 87 287)
4(1716 1009 86 288)
4(1717 1003 85 289)
4(1718 996 84 290)
4(1719 988 83 291)
4(1720 980 82 292)
4(1721 973 81 293)
4(1722 967 80 294)
4(1723 962 79 295)
4(1724 958 78 296)
4(1725 955 77 297)
4(309 319 320 310)
4(310 320 321 311)
4(311 321 322 312)
4(312 322 323 313)
4(25 24 329 314)
4(314 329 330 315)
4(315 330 331 316)
4(316 331 332 317)
4(317 332 333 318)
4(318 333 334 319)
4(319 334 335 320)
4(320 335 336 321)
4(321 336 337 322)
4(322 337 338 323)
4(323 338 339 324)
4(324 339 340 325)
4(325 340 341 326)
4(326 341 342 327)
4(327 342 343 328)
4(328 343 307 308)
4(24 23 344 329)
4(329 344 345 330)
4(330 345 346 331)
4(331 346 347 332)
4(332 347 348 333)
4(333 348 349 334)
4(334 349 350 335)
4(335 350 351 336)
4(336 351 352 337)
4(337 352 353 338)
4(338 353 354 339)
4(339 354 355 340)
4(340 355 356 341)
4(341 356 357 342)
4(342 357 358 343)
4(343 358 306 307)
4(23 22 359 344)
4(344 359 360 345)
4(345 360 361 346)
4(346 361 362 347)
4(347 362 363 348)
4(348 363 364 349)
4(349 364 365 350)
4(350 365 366 351)
4(351 366 367 352)
4(352 367 368 353)
4(353 368 369 354)
4(354 369 370 355)
4(355 370 371 356)
4(356 371 372 357)
4(357 372 373 358)
4(358 373 305 306)
4(22 21 374 359)
4(359 374 375 360)
4(360 375 376 361)
4(361 376 377 362)
4(362 377 378 363)
4(363 378 379 364)
4(364 379 380 365)
4(365 380 381 366)
4(366 381 382 367)
4(367 382 383 368)
4(368 383 384 369)
4(369 384 385 370)
4(370 385 386 371)
4(371 386 387 372)
4(372 387 388 373)
4(373 388 304 305)
4(21 20 389 374)
4(374 389 390 375)
4(375 390 391 376)
4(376 391 392 377)
4(377 392 393 378)
4(378 393 394 379)
4(379 394 395 380)
4(380 395 396 381)
4(381 396 397 382)
4(382 397 398 383)
4(383 398 399 384)
4(384 399 400 385)
4(385 400 401 386)
4(386 401 402 387)
4(387 402 403 388)
4(388 403 303 304)
4(20 19 404 389)
4(389 404 405 390)
4(390 405 406 391)
4(391 406 407 392)
4(392 407 408 393)
4(393 408 409 394)
4(394 409 410 395)
4(395 410 411 396)
4(396 411 412 397)
4(397 412 413 398)
4(398 413 414 399)
4(399 414 415 400)
4(400 415 416 401)
4(401 416 417 402)
4(402 417 418 403)
4(403 418 302 303)
4(19 18 419 404)
4(404 419 420 405)
4(405 420 421 406)
4(406 421 422 407)
4(407 422 423 408)
4(408 423 424 409)
4(409 424 425 410)
4(410 425 426 411)
4(411 426 427 412)
4(412 427 428 413)
4(413 428 429 414)
4(414 429 430 415)
4(415 430 431 416)
4(416 431 432 417)
4(417 432 433 418)
4(418 433 301 302)
4(18 17 434 419)
4(419 434 435 420)
4(420 435 436 421)
4(421 436 437 422)
4(422 437 438 423)
4(423 438 439 424)
4(424 439 440 425)
4(425 440 441 426)
4(426 441 442 427)
4(427 442 443 428)
4(428 443 444 429)
4(429 444 445 430)
4(430 445 446 431)
4(431 446 447 432)
4(432 447 448 433)
4(433 448 300 301)
4(17 16 449 434)
4(434 449 450 435)
4(435 450 451 436)
4(436 451 452 437)
4(437 452 453 438)
4(438 453 454 439)
4(439 454 455 440)
4(440 455 456 441)
4(441 456 457 442)
4(442 457 458 443)
4(443 458 459 444)
4(444 459 460 445)
4(445 460 461 446)
4(446 461 462 447)
4(447 462 463 448)
4(448 463 299 300)
4(16 0 60 449)
4(449 60 61 450)
4(450 61 62 451)
4(451 62 63 452)
4(452 63 64 453)
4(453 64 65 454)
4(454 65 66 455)
4(455 66 67 456)
4(456 67 68 457)
4(457 68 69 458)
4(458 69 70 459)
4(459 70 71 460)
4(460 71 72 461)
4(461 72 73 462)
4(462 73 74 463)
4(463 74 59 299)
4(26 94 60 0)
4(94 95 61 60)
4(95 96 62 61)
4(96 97 63 62)
4(97 98 64 63)
4(98 99 65 64)
4(99 100 66 65)
4(100 101 67 66)
4(101 102 68 67)
4(102 103 69 68)
4(103 104 70 69)
4(104 105 71 70)
4(105 106 72 71)
4(106 107 73 72)
4(107 108 74 73)
4(108 91 59 74)
4(27 109 94 26)
4(109 110 95 94)
4(110 111 96 95)
4(111 112 97 96)
4(112 113 98 97)
4(113 114 99 98)
4(114 115 100 99)
4(115 116 101 100)
4(116 117 102 101)
4(117 118 103 102)
4(118 119 104 103)
4(119 120 105 104)
4(120 121 106 105)
4(121 122 107 106)
4(122 123 108 107)
4(123 92 91 108)
4(28 124 109 27)
4(124 125 110 109)
4(125 126 111 110)
4(126 127 112 111)
4(127 128 113 112)
4(128 129 114 113)
4(129 130 115 114)
4(130 131 116 115)
4(131 132 117 116)
4(132 133 118 117)
4(133 134 119 118)
4(134 135 120 119)
4(135 136 121 120)
4(136 137 122 121)
4(137 138 123 122)
4(138 93 92 123)
4(1 76 124 28)
4(76 77 125 124)
4(77 78 126 125)
4(78 79 127 126)
4(79 80 128 127)
4(80 81 129 128)
4(81 82 130 129)
4(82 83 131 130)
4(83 84 132 131)
4(84 85 133 132)
4(85 86 134 133)
4(86 87 135 134)
4(87 88 136 135)
4(88 89 137 136)
4(89 90 138 137)
4(90 75 93 138)
4(955 77 76 953)
4(957 958 955 954)
4(958 78 77 955)
4(960 961 957 956)
4(961 962 958 957)
4(962 79 78 958)
4(964 965 960 959)
4(965 966 961 960)
4(966 967 962 961)
4(967 80 79 962)
4(969 970 964 963)
4(970 971 965 964)
4(971 972 966 965)
4(972 973 967 966)
4(973 81 80 967)
4(975 976 969 968)
4(976 977 970 969)
4(977 978 971 970)
4(978 979 972 971)
4(979 980 973 972)
4(980 82 81 973)
4(982 983 975 974)
4(983 984 976 975)
4(984 985 977 976)
4(985 986 978 977)
4(986 987 979 978)
4(987 988 980 979)
4(988 83 82 980)
4(989 990 982 981)
4(990 991 983 982)
4(991 992 984 983)
4(992 993 985 984)
4(993 994 986 985)
4(994 995 987 986)
4(995 996 988 987)
4(996 84 83 988)
4(997 998 991 990)
4(998 999 992 991)
4(999 1000 993 992)
4(1000 1001 994 993)
4(1001 1002 995 994)
4(1002 1003 996 995)
4(1003 85 84 996)
4(1004 1005 999 998)
4(1005 1006 1000 999)
4(1006 1007 1001 1000)
4(1007 1008 1002 1001)
4(1008 1009 1003 1002)
4(1009 86 85 1003)
4(1010 1011 1006 1005)
4(1011 1012 1007 1006)
4(1012 1013 1008 1007)
4(1013 1014 1009 1008)
4(1014 87 86 1009)
4(1015 1016 1012 1011)
4(1016 1017 1013 1012)
4(1017 1018 1014 1013)
4(1018 88 87 1014)
4(1019 1020 1017 1016)
4(1020 1021 1018 1017)
4(1021 89 88 1018)
4(1022 1023 1021 1020)
4(1023 90 89 1021)
4(949 75 90 1023)
4(148 464 467 147)
4(149 148 147 164)
4(464 465 468 467)
4(465 466 469 468)
4(466 308 307 469)
4(147 467 470 146)
4(164 147 146 179)
4(467 468 471 470)
4(468 469 472 471)
4(469 307 306 472)
4(146 470 473 145)
4(179 146 145 194)
4(470 471 474 473)
4(471 472 475 474)
4(472 306 305 475)
4(145 473 476 144)
4(194 145 144 209)
4(473 474 477 476)
4(474 475 478 477)
4(475 305 304 478)
4(144 476 479 143)
4(209 144 143 224)
4(476 477 480 479)
4(477 478 481 480)
4(478 304 303 481)
4(143 479 482 142)
4(224 143 142 239)
4(479 480 483 482)
4(480 481 484 483)
4(481 303 302 484)
4(142 482 485 141)
4(239 142 141 254)
4(482 483 486 485)
4(483 484 487 486)
4(484 302 301 487)
4(141 485 488 140)
4(485 486 489 488)
4(486 487 490 489)
4(487 301 300 490)
4(140 488 491 139)
4(488 489 492 491)
4(489 490 493 492)
4(490 300 299 493)
4(139 491 93 75)
4(491 492 92 93)
4(492 493 91 92)
4(493 299 59 91)
4(141 140 951 950)
4(140 139 952 951)
4(139 75 949 952)
4(1024 1096 1097 1025)
4(1093 1094 1097 1096)
4(1024 1029 1101 1096)
4(1028 1100 1101 1029)
4(1095 1096 1101 1100)
4(1028 1035 1107 1100)
4(1034 1106 1107 1035)
4(1034 1043 1115 1106)
4(1042 1114 1115 1043)
4(1042 1053 1125 1114)
4(1052 1124 1125 1053)
4(1052 1065 1137 1124)
4(1064 1136 1137 1065)
4(1064 1079 1151 1136)
4(1078 1150 1151 1079)
4(1078 149 164 1150)
4(1093 1096 1168 1165)
4(1095 1167 1168 1096)
4(1095 1100 1172 1167)
4(1100 1107 1178 1172)
4(1106 1177 1178 1107)
4(1171 1172 1178 1177)
4(1106 1115 1185 1177)
4(1114 1184 1185 1115)
4(1114 1125 1195 1184)
4(1124 1194 1195 1125)
4(1124 1137 1207 1194)
4(1136 1206 1207 1137)
4(1136 1151 1221 1206)
4(1150 1220 1221 1151)
4(1150 164 179 1220)
4(1165 1168 1238 1235)
4(1167 1237 1238 1168)
4(1167 1172 1242 1237)
4(1171 1241 1242 1172)
4(1171 1177 1248 1241)
4(1177 1185 1256 1248)
4(1184 1255 1256 1185)
4(1247 1248 1256 1255)
4(1184 1195 1265 1255)
4(1194 1264 1265 1195)
4(1194 1207 1276 1264)
4(1206 1275 1276 1207)
4(1206 1221 1290 1275)
4(1220 1289 1290 1221)
4(1220 179 194 1289)
4(1235 1238 1307 1304)
4(1237 1306 1307 1238)
4(1237 1242 1311 1306)
4(1241 1310 1311 1242)
4(1241 1248 1317 1310)
4(1247 1316 1317 1248)
4(1247 1255 1325 1316)
4(1255 1265 1335 1325)
4(1264 1334 1335 1265)
4(1324 1325 1335 1334)
4(1264 1276 1346 1334)
4(1275 1345 1346 1276)
4(1275 1290 1359 1345)
4(1289 1358 1359 1290)
4(1289 194 209 1358)
4(1304 1307 1376 1373)
4(1306 1375 1376 1307)
4(1306 1311 1380 1375)
4(1310 1379 1380 1311)
4(1310 1317 1386 1379)
4(1316 1385 1386 1317)
4(1316 1325 1394 1385)
4(1324 1393 1394 1325)
4(1324 1334 1404 1393)
4(1334 1346 1416 1404)
4(1345 1415 1416 1346)
4(1403 1404 1416 1415)
4(1345 1359 1429 1415)
4(1358 1428 1429 1359)
4(1358 209 224 1428)
4(1373 1376 1446 1443)
4(1375 1445 1446 1376)
4(1375 1380 1450 1445)
4(1379 1449 1450 1380)
4(1379 1386 1456 1449)
4(1385 1455 1456 1386)
4(1385 1394 1464 1455)
4(1393 1463 1464 1394)
4(1393 1404 1474 1463)
4(1403 1473 1474 1404)
4(1403 1415 1486 1473)
4(1415 1429 1500 1486)
4(1428 1499 1500 1429)
4(1485 1486 1500 1499)
4(1428 224 239 1499)
4(1443 1446 1517 1514)
4(1445 1516 1517 1446)
4(1445 1450 1521 1516)
4(1449 1520 1521 1450)
4(1449 1456 1527 1520)
4(1455 1526 1527 1456)
4(1455 1464 1535 1526)
4(1463 1534 1535 1464)
4(1463 1474 1545 1534)
4(1473 1544 1545 1474)
4(1473 1486 1557 1544)
4(1485 1556 1557 1486)
4(1485 1499 1570 1556)
4(1499 239 254 1570)
4(950 1570 254 141)
4(1514 1517 1588 1585)
4(1516 1587 1588 1517)
4(1516 1521 1592 1587)
4(1520 1591 1592 1521)
4(1520 1527 1598 1591)
4(1526 1597 1598 1527)
4(1526 1535 1606 1597)
4(1534 1605 1606 1535)
4(1534 1545 1616 1605)
4(1544 1615 1616 1545)
4(1544 1557 1628 1615)
4(1556 1627 1628 1557)
4(1556 1570 1641 1627)
4(950 951 1641 1570)
4(1585 1588 1659 1656)
4(1587 1658 1659 1588)
4(1587 1592 1663 1658)
4(1591 1662 1663 1592)
4(1591 1598 1669 1662)
4(1597 1668 1669 1598)
4(1597 1606 1677 1668)
4(1605 1676 1677 1606)
4(1605 1616 1687 1676)
4(1615 1686 1687 1616)
4(1615 1628 1699 1686)
4(1627 1698 1699 1628)
4(1627 1641 1712 1698)
4(951 952 1712 1641)
4(1656 1659 990 989)
4(1658 997 990 1659)
4(1658 1663 998 997)
4(1662 1004 998 1663)
4(1662 1669 1005 1004)
4(1668 1010 1005 1669)
4(1668 1677 1011 1010)
4(1676 1015 1011 1677)
4(1676 1687 1016 1015)
4(1686 1019 1016 1687)
4(1686 1699 1020 1019)
4(1698 1022 1020 1699)
4(1698 1712 1023 1022)
4(952 949 1023 1712)
4(11 10 32 29)
4(12 13 10 11)
4(29 32 33 30)
4(30 33 34 31)
4(31 34 24 25)
4(10 9 35 32)
4(13 14 9 10)
4(32 35 36 33)
4(33 36 37 34)
4(34 37 23 24)
4(9 8 38 35)
4(14 15 8 9)
4(35 38 39 36)
4(36 39 40 37)
4(37 40 22 23)
4(8 7 41 38)
4(38 41 42 39)
4(39 42 43 40)
4(40 43 21 22)
4(7 6 44 41)
4(41 44 45 42)
4(42 45 46 43)
4(43 46 20 21)
4(6 5 47 44)
4(44 47 48 45)
4(45 48 49 46)
4(46 49 19 20)
4(5 4 50 47)
4(47 50 51 48)
4(48 51 52 49)
4(49 52 18 19)
4(4 3 53 50)
4(50 53 54 51)
4(51 54 55 52)
4(52 55 17 18)
4(3 2 56 53)
4(53 56 57 54)
4(54 57 58 55)
4(55 58 16 17)
4(2 1 28 56)
4(56 28 27 57)
4(57 27 26 58)
4(58 26 0 16)
4(8 208 223 7)
4(7 223 238 6)
4(6 238 253 5)
4(5 253 268 4)
4(4 268 283 3)
4(3 283 298 2)
4(2 298 76 1)
4(1025 1097 1098 1026)
4(1026 1098 1099 1027)
4(1027 1099 1104 1032)
4(1098 1103 1104 1099)
4(1032 1104 1105 1033)
4(1033 1105 1112 1040)
4(1104 1111 1112 1105)
4(1040 1112 1113 1041)
4(1041 1113 1122 1050)
4(1112 1121 1122 1113)
4(1050 1122 1123 1051)
4(1051 1123 1134 1062)
4(1062 1134 1135 1063)
4(1063 1135 1148 1076)
4(1076 1148 1149 1077)
4(1077 1149 1164 1092)
4(1092 1164 13 12)
4(1094 1166 1169 1097)
4(1097 1169 1170 1098)
4(1098 1170 1175 1103)
4(1103 1175 1176 1104)
4(1104 1176 1182 1111)
4(1111 1182 1183 1112)
4(1112 1183 1191 1121)
4(1121 1191 1192 1122)
4(1122 1192 1193 1123)
4(1123 1193 1204 1134)
4(1192 1203 1204 1193)
4(1134 1204 1205 1135)
4(1135 1205 1218 1148)
4(1204 1217 1218 1205)
4(1148 1218 1219 1149)
4(1149 1219 1234 1164)
4(1164 1234 14 13)
4(1166 1236 1239 1169)
4(1169 1239 1240 1170)
4(1170 1240 1245 1175)
4(1175 1245 1246 1176)
4(1176 1246 1253 1182)
4(1182 1253 1254 1183)
4(1183 1254 1262 1191)
4(1191 1262 1263 1192)
4(1192 1263 1273 1203)
4(1203 1273 1274 1204)
4(1204 1274 1286 1217)
4(1217 1286 1287 1218)
4(1218 1287 1288 1219)
4(1219 1288 1303 1234)
4(1287 1302 1303 1288)
4(1234 1303 15 14)
4(1303 208 8 15)
4(1236 1305 1308 1239)
4(1239 1308 1309 1240)
4(1240 1309 1314 1245)
4(1245 1314 1315 1246)
4(1246 1315 1322 1253)
4(1253 1322 1323 1254)
4(1254 1323 1332 1262)
4(1262 1332 1333 1263)
4(1263 1333 1343 1273)
4(1273 1343 1344 1274)
4(1274 1344 1356 1286)
4(1286 1356 1357 1287)
4(1287 1357 1371 1302)
4(1302 1371 1372 1303)
4(1303 1372 223 208)
4(1305 1374 1377 1308)
4(1308 1377 1378 1309)
4(1309 1378 1383 1314)
4(1314 1383 1384 1315)
4(1315 1384 1391 1322)
4(1322 1391 1392 1323)
4(1323 1392 1401 1332)
4(1332 1401 1402 1333)
4(1333 1402 1413 1343)
4(1343 1413 1414 1344)
4(1344 1414 1426 1356)
4(1356 1426 1427 1357)
4(1357 1427 1441 1371)
4(1371 1441 1442 1372)
4(1372 1442 238 223)
4(1374 1444 1447 1377)
4(1377 1447 1448 1378)
4(1378 1448 1453 1383)
4(1383 1453 1454 1384)
4(1384 1454 1461 1391)
4(1391 1461 1462 1392)
4(1392 1462 1471 1401)
4(1401 1471 1472 1402)
4(1402 1472 1483 1413)
4(1413 1483 1484 1414)
4(1414 1484 1497 1426)
4(1426 1497 1498 1427)
4(1427 1498 1512 1441)
4(1441 1512 1513 1442)
4(1442 1513 253 238)
4(1444 1515 1518 1447)
4(1447 1518 1519 1448)
4(1448 1519 1524 1453)
4(1453 1524 1525 1454)
4(1454 1525 1532 1461)
4(1461 1532 1533 1462)
4(1462 1533 1542 1471)
4(1471 1542 1543 1472)
4(1472 1543 1554 1483)
4(1483 1554 1555 1484)
4(1484 1555 1568 1497)
4(1497 1568 1569 1498)
4(1498 1569 1583 1512)
4(1512 1583 1584 1513)
4(1513 1584 268 253)
4(1515 1586 1589 1518)
4(1518 1589 1590 1519)
4(1519 1590 1595 1524)
4(1524 1595 1596 1525)
4(1525 1596 1603 1532)
4(1532 1603 1604 1533)
4(1533 1604 1613 1542)
4(1542 1613 1614 1543)
4(1543 1614 1625 1554)
4(1554 1625 1626 1555)
4(1555 1626 1639 1568)
4(1568 1639 1640 1569)
4(1569 1640 1654 1583)
4(1583 1654 1655 1584)
4(1584 1655 283 268)
4(1586 1657 1660 1589)
4(1589 1660 1661 1590)
4(1590 1661 1666 1595)
4(1595 1666 1667 1596)
4(1596 1667 1674 1603)
4(1603 1674 1675 1604)
4(1604 1675 1684 1613)
4(1613 1684 1685 1614)
4(1614 1685 1696 1625)
4(1625 1696 1697 1626)
4(1626 1697 1710 1639)
4(1639 1710 1711 1640)
4(1640 1711 1725 1654)
4(1654 1725 1726 1655)
4(1655 1726 298 283)
4(1657 981 982 1660)
4(1660 982 974 1661)
4(1661 974 975 1666)
4(1666 975 968 1667)
4(1667 968 969 1674)
4(1674 969 963 1675)
4(1675 963 964 1684)
4(1684 964 959 1685)
4(1685 959 960 1696)
4(1696 960 956 1697)
4(1697 956 957 1710)
4(1710 957 954 1711)
4(1711 954 955 1725)
4(1725 955 953 1726)
4(1726 953 76 298)
4(1093 1165 1166 1094)
4(1165 1235 1236 1166)
4(1235 1304 1305 1236)
4(1304 1373 1374 1305)
4(1373 1443 1444 1374)
4(1443 1514 1515 1444)
4(1514 1585 1586 1515)
4(1585 1656 1657 1586)
4(1656 989 981 1657)
4(494 309 310 495)
4(495 310 311 496)
4(496 311 312 497)
4(497 312 313 498)
4(11 29 499 163)
4(163 499 500 162)
4(162 500 501 161)
4(161 501 502 160)
4(160 502 503 159)
4(159 503 504 158)
4(158 504 505 157)
4(157 505 506 156)
4(156 506 507 155)
4(155 507 508 154)
4(154 508 509 153)
4(153 509 510 152)
4(152 510 511 151)
4(151 511 512 150)
4(150 512 513 149)
4(149 513 464 148)
4(29 30 514 499)
4(499 514 515 500)
4(500 515 516 501)
4(501 516 517 502)
4(502 517 518 503)
4(503 518 519 504)
4(504 519 520 505)
4(505 520 521 506)
4(506 521 522 507)
4(507 522 523 508)
4(508 523 524 509)
4(509 524 525 510)
4(510 525 526 511)
4(511 526 527 512)
4(512 527 528 513)
4(513 528 465 464)
4(30 31 529 514)
4(514 529 530 515)
4(515 530 531 516)
4(516 531 532 517)
4(517 532 533 518)
4(518 533 534 519)
4(494 495 535 534)
4(519 534 535 520)
4(495 496 536 535)
4(520 535 536 521)
4(496 497 537 536)
4(521 536 537 522)
4(497 498 538 537)
4(522 537 538 523)
4(523 538 539 524)
4(524 539 540 525)
4(525 540 541 526)
4(526 541 542 527)
4(527 542 543 528)
4(528 543 466 465)
4(31 25 314 529)
4(529 314 315 530)
4(530 315 316 531)
4(531 316 317 532)
4(532 317 318 533)
4(494 534 319 309)
4(533 318 319 534)
4(498 313 323 538)
4(538 323 324 539)
4(539 324 325 540)
4(540 325 326 541)
4(541 326 327 542)
4(542 327 328 543)
4(543 328 308 466)
4(1024 1025 1030 1029)
4(1025 1026 1031 1030)
4(1026 1027 1032 1031)
4(1028 1029 1036 1035)
4(1029 1030 1037 1036)
4(1030 1031 1038 1037)
4(1031 1032 1039 1038)
4(1032 1033 1040 1039)
4(1034 1035 1044 1043)
4(1035 1036 1045 1044)
4(1036 1037 1046 1045)
4(1037 1038 1047 1046)
4(1038 1039 1048 1047)
4(1039 1040 1049 1048)
4(1040 1041 1050 1049)
4(1042 1043 1054 1053)
4(1043 1044 1055 1054)
4(1044 1045 1056 1055)
4(1045 1046 1057 1056)
4(1046 1047 1058 1057)
4(1047 1048 1059 1058)
4(1048 1049 1060 1059)
4(1049 1050 1061 1060)
4(1050 1051 1062 1061)
4(1052 1053 1066 1065)
4(1053 1054 1067 1066)
4(1054 1055 1068 1067)
4(1055 1056 1069 1068)
4(1056 1057 1070 1069)
4(1057 1058 1071 1070)
4(1058 1059 1072 1071)
4(1059 1060 1073 1072)
4(1060 1061 1074 1073)
4(1061 1062 1075 1074)
4(1062 1063 1076 1075)
4(1064 1065 1080 1079)
4(1065 1066 1081 1080)
4(1066 1067 1082 1081)
4(1067 1068 1083 1082)
4(1068 1069 1084 1083)
4(1069 1070 1085 1084)
4(1070 1071 1086 1085)
4(1071 1072 1087 1086)
4(1072 1073 1088 1087)
4(1073 1074 1089 1088)
4(1074 1075 1090 1089)
4(1075 1076 1091 1090)
4(1076 1077 1092 1091)
4(1078 1079 150 149)
4(1079 1080 151 150)
4(1080 1081 152 151)
4(1081 1082 153 152)
4(1082 1083 154 153)
4(1083 1084 155 154)
4(1084 1085 156 155)
4(1085 1086 157 156)
4(1086 1087 158 157)
4(1087 1088 159 158)
4(1088 1089 160 159)
4(1089 1090 161 160)
4(1090 1091 162 161)
4(1091 1092 163 162)
4(1092 12 11 163)
)


// ************************************************************************* //
