/*--------------------------------*- C++ -*----------------------------------*\
| =========                 |                                                 |
| \\      /  F ield         | OpenFOAM: The Open Source CFD Toolbox           |
|  \\    /   O peration     | Version:  4.x                                   |
|   \\  /    A nd           | Web:      www.OpenFOAM.org                      |
|    \\/     M anipulation  |                                                 |
\*---------------------------------------------------------------------------*/
FoamFile
{
    version     2.0;
    format      ascii;
    class       labelList;
    note        "nPoints: 1727 nCells: 1268 nFaces: 4223 nInternalFaces: 3385";
    location    "constant/polyMesh";
    object      neighbour;
}
// * * * * * * * * * * * * * * * * * * * * * * * * * * * * * * * * * * * * * //


3385
(
1
58
2
59
3
60
61
5
20
68
706
6
21
69
705
7
22
70
704
8
23
71
703
9
24
72
702
10
25
73
701
11
26
74
700
12
27
75
699
13
28
76
698
14
29
77
697
15
30
78
696
16
31
79
695
17
32
80
694
18
33
81
693
19
34
82
692
35
83
21
36
84
22
37
85
23
38
86
24
39
87
25
40
88
26
41
89
27
42
90
28
43
91
29
44
92
30
45
93
31
46
94
32
47
95
33
48
96
34
49
97
35
50
98
51
99
37
52
100
38
53
101
39
54
102
40
55
103
41
56
104
42
57
105
43
58
106
44
59
107
45
60
108
46
61
109
47
62
110
48
63
111
49
64
112
50
65
113
51
66
114
67
115
53
116
54
117
55
118
56
119
57
120
58
121
59
122
60
123
61
124
62
125
63
126
64
127
65
128
66
129
67
130
131
69
84
132
768
70
85
133
767
71
86
134
766
72
87
135
765
73
88
136
764
74
89
137
763
75
90
138
762
76
91
139
761
77
92
140
760
78
93
141
759
79
94
142
758
80
95
143
757
81
96
144
756
82
97
145
755
83
98
146
754
99
147
85
100
148
86
101
149
87
102
150
88
103
151
89
104
152
90
105
153
91
106
154
92
107
155
93
108
156
94
109
157
95
110
158
96
111
159
97
112
160
98
113
161
99
114
162
115
163
101
116
164
102
117
165
103
118
166
104
119
167
105
120
168
106
121
169
107
122
170
108
123
171
109
124
172
110
125
173
111
126
174
112
127
175
113
128
176
114
129
177
115
130
178
131
179
117
180
118
181
119
182
120
183
121
184
122
185
123
186
124
187
125
188
126
189
127
190
128
191
129
192
130
193
131
194
195
133
148
196
829
134
149
197
828
135
150
198
827
136
151
199
826
137
152
200
825
138
153
201
824
139
154
202
823
140
155
203
822
141
156
204
821
142
157
205
820
143
158
206
819
144
159
207
818
145
160
208
817
146
161
209
816
147
162
210
815
163
211
149
164
212
150
165
213
151
166
214
152
167
215
153
168
216
154
169
217
155
170
218
156
171
219
157
172
220
158
173
221
159
174
222
160
175
223
161
176
224
162
177
225
163
178
226
179
227
165
180
228
166
181
229
167
182
230
168
183
231
169
184
232
170
185
233
171
186
234
172
187
235
173
188
236
174
189
237
175
190
238
176
191
239
177
192
240
178
193
241
179
194
242
195
243
181
244
182
245
183
246
184
247
185
248
186
249
187
250
188
251
189
252
190
253
191
254
192
255
193
256
194
257
195
258
259
197
212
260
198
213
261
889
199
214
262
888
200
215
263
887
201
216
264
886
202
217
265
885
203
218
266
884
204
219
267
883
205
220
268
882
206
221
269
881
207
222
270
880
208
223
271
879
209
224
272
878
210
225
273
877
211
226
274
876
227
275
213
228
276
214
229
277
215
230
278
216
231
279
217
232
280
218
233
281
219
234
282
220
235
283
221
236
284
222
237
285
223
238
286
224
239
287
225
240
288
226
241
289
227
242
290
243
291
229
244
292
230
245
293
231
246
294
232
247
295
233
248
296
234
249
297
235
250
298
236
251
299
237
252
300
238
253
301
239
254
302
240
255
303
241
256
304
242
257
305
243
258
306
259
307
245
308
246
309
247
310
248
311
249
312
250
313
251
314
252
315
253
316
254
317
255
318
256
319
257
320
258
321
259
322
323
261
276
324
262
277
325
950
263
278
326
949
264
279
327
948
265
280
328
947
266
281
329
946
267
282
330
945
268
283
331
944
269
284
332
943
270
285
333
942
271
286
334
941
272
287
335
940
273
288
336
939
274
289
337
938
275
290
338
937
291
339
277
292
340
278
293
341
279
294
342
280
295
343
281
296
344
282
297
345
283
298
346
284
299
347
285
300
348
286
301
349
287
302
350
288
303
351
289
304
352
290
305
353
291
306
354
307
355
293
308
356
294
309
357
295
310
358
296
311
359
297
312
360
298
313
361
299
314
362
300
315
363
301
316
364
302
317
365
303
318
366
304
319
367
305
320
368
306
321
369
307
322
370
323
371
309
372
310
373
311
374
312
375
313
376
314
377
315
378
316
379
317
380
318
381
319
382
320
383
321
384
322
385
323
386
387
325
340
388
326
341
389
1012
327
342
390
1011
328
343
391
1010
329
344
392
1009
330
345
393
1008
331
346
394
1007
332
347
395
1006
333
348
396
1005
334
349
397
1004
335
350
398
1003
336
351
399
1002
337
352
400
1001
338
353
401
1000
339
354
402
999
355
403
341
356
404
342
357
405
343
358
406
344
359
407
345
360
408
346
361
409
347
362
410
348
363
411
349
364
412
350
365
413
351
366
414
352
367
415
353
368
416
354
369
417
355
370
418
371
419
357
372
420
358
373
421
359
374
422
360
375
423
361
376
424
362
377
425
363
378
426
364
379
427
365
380
428
366
381
429
367
382
430
368
383
431
369
384
432
370
385
433
371
386
434
387
435
373
436
374
437
375
438
376
439
377
440
378
441
379
442
380
443
381
444
382
445
383
446
384
447
385
448
386
449
387
450
451
389
404
452
390
405
453
1075
391
406
454
1074
392
407
455
1073
393
408
456
1072
394
409
457
1071
395
410
458
1070
396
411
459
1069
397
412
460
1068
398
413
461
1067
399
414
462
1066
400
415
463
1065
401
416
464
1064
402
417
465
1063
403
418
466
1062
419
467
405
420
468
406
421
469
407
422
470
408
423
471
409
424
472
410
425
473
411
426
474
412
427
475
413
428
476
414
429
477
415
430
478
416
431
479
417
432
480
418
433
481
419
434
482
435
483
421
436
484
422
437
485
423
438
486
424
439
487
425
440
488
426
441
489
427
442
490
428
443
491
429
444
492
430
445
493
431
446
494
432
447
495
433
448
496
434
449
497
435
450
498
451
499
437
500
438
501
439
502
440
503
441
504
442
505
443
506
444
507
445
508
446
509
447
510
448
511
449
512
450
513
451
514
515
453
468
516
454
469
517
1139
455
470
518
1138
456
471
519
1137
457
472
520
1136
458
473
521
1135
459
474
522
1134
460
475
523
1133
461
476
524
1132
462
477
525
1131
463
478
526
1130
464
479
527
1129
465
480
528
1128
466
481
529
1127
467
482
530
1126
483
531
1125
469
484
532
470
485
533
471
486
534
472
487
535
473
488
536
474
489
537
475
490
538
476
491
539
477
492
540
478
493
541
479
494
542
480
495
543
481
496
544
482
497
545
483
498
546
499
547
485
500
548
486
501
549
487
502
550
488
503
551
489
504
552
490
505
553
491
506
554
492
507
555
493
508
556
494
509
557
495
510
558
496
511
559
497
512
560
498
513
561
499
514
562
515
563
501
564
502
565
503
566
504
567
505
568
506
569
507
570
508
571
509
572
510
573
511
574
512
575
513
576
514
577
515
578
579
517
532
580
518
533
581
1203
519
534
582
1202
520
535
583
1201
521
536
584
1200
522
537
585
1199
523
538
586
1198
524
539
587
1197
525
540
588
1196
526
541
589
1195
527
542
590
1194
528
543
591
1193
529
544
592
1192
530
545
593
1191
531
546
594
1190
547
595
1189
533
548
596
534
549
597
535
550
598
536
551
599
537
552
600
538
553
601
539
554
602
540
555
603
541
556
604
542
557
605
543
558
606
544
559
607
545
560
608
546
561
609
547
562
610
563
611
549
564
612
550
565
613
551
566
614
552
567
615
553
568
616
554
569
617
555
570
618
556
571
619
557
572
620
558
573
621
559
574
622
560
575
623
561
576
624
562
577
625
563
578
626
579
627
565
628
566
629
567
630
568
631
569
632
570
633
571
634
572
635
573
636
574
637
575
638
576
639
577
640
578
641
579
642
643
581
596
582
597
1267
583
598
1266
584
599
1265
585
600
1264
586
601
1263
587
602
1262
588
603
1261
589
604
1260
590
605
1259
591
606
1258
592
607
1257
593
608
1256
594
609
1255
595
610
1254
611
1253
597
612
598
613
599
614
600
615
601
616
602
617
603
618
604
619
605
620
606
621
607
622
608
623
609
624
610
625
611
626
627
613
628
614
629
615
630
616
631
617
632
618
633
619
634
620
635
621
636
622
637
623
638
624
639
625
640
626
641
627
642
643
629
630
631
632
633
634
635
636
637
638
639
640
641
642
643
645
648
709
646
649
710
650
648
653
711
649
654
712
650
655
713
651
656
714
657
653
660
715
654
661
716
655
662
717
656
663
718
657
664
719
658
665
720
666
660
669
721
661
670
722
662
671
723
663
672
724
664
673
725
665
674
726
666
675
727
667
676
728
677
729
669
680
730
670
681
731
671
682
732
672
683
733
673
684
734
674
685
735
675
686
736
676
687
737
677
688
738
678
689
739
690
740
680
693
741
681
694
742
682
695
743
683
696
744
684
697
745
685
698
746
686
699
747
687
700
748
688
701
749
689
702
750
690
703
751
691
704
752
705
753
693
754
694
755
695
756
696
757
697
758
698
759
699
760
700
761
701
762
702
763
703
764
704
765
705
766
706
767
768
709
769
709
711
770
710
712
771
713
772
712
716
774
713
717
775
714
718
776
719
777
716
722
778
717
723
779
718
724
780
719
725
781
720
726
782
727
783
722
731
784
723
732
785
724
733
786
725
734
787
726
735
788
727
736
789
728
737
790
729
738
791
739
731
742
792
732
743
793
733
744
794
734
745
795
735
746
796
736
747
797
737
748
798
738
749
799
739
750
800
740
751
801
752
742
755
802
743
756
803
744
757
804
745
758
805
746
759
806
747
760
807
748
761
808
749
762
809
750
763
810
751
764
811
752
765
812
753
766
813
767
814
755
815
756
816
757
817
758
818
759
819
760
820
761
821
762
822
763
823
764
824
765
825
766
826
767
827
768
828
829
771
830
771
774
831
772
775
832
776
833
774
778
834
775
779
835
776
780
836
777
781
837
782
838
779
785
840
780
786
841
781
787
842
782
788
843
783
789
844
790
845
785
793
846
786
794
847
787
795
848
788
796
849
789
797
850
790
798
851
791
799
852
800
853
793
803
854
794
804
855
795
805
856
796
806
857
797
807
858
798
808
859
799
809
860
800
810
861
801
811
862
812
863
803
816
864
804
817
865
805
818
866
806
819
867
807
820
868
808
821
869
809
822
870
810
823
871
811
824
872
812
825
873
813
826
874
814
827
875
828
816
876
817
877
818
878
819
879
820
880
821
881
822
882
823
883
824
884
825
885
826
886
827
887
828
888
829
889
832
890
832
835
891
833
836
892
837
893
835
840
894
836
841
895
837
842
896
838
843
897
844
898
840
846
899
841
847
900
842
848
901
843
849
902
844
850
903
845
851
904
852
905
847
855
907
848
856
908
849
857
909
850
858
910
851
859
911
852
860
912
853
861
913
862
914
855
865
915
856
866
916
857
867
917
858
868
918
859
869
919
860
870
920
861
871
921
862
872
922
863
873
923
874
924
865
877
925
866
878
926
867
879
927
868
880
928
869
881
929
870
882
930
871
883
931
872
884
932
873
885
933
874
886
934
875
887
935
888
936
877
937
878
938
879
939
880
940
881
941
882
942
883
943
884
944
885
945
886
946
887
947
888
948
889
949
950
892
951
892
895
952
893
896
953
897
954
895
900
955
896
901
956
897
902
957
898
903
958
904
959
900
907
960
901
908
961
902
909
962
903
910
963
904
911
964
905
912
965
913
966
907
915
967
908
916
968
909
917
969
910
918
970
911
919
971
912
920
972
913
921
973
914
922
974
923
975
916
926
977
917
927
978
918
928
979
919
929
980
920
930
981
921
931
982
922
932
983
923
933
984
924
934
985
935
986
926
938
987
927
939
988
928
940
989
929
941
990
930
942
991
931
943
992
932
944
993
933
945
994
934
946
995
935
947
996
936
948
997
949
998
938
999
939
1000
940
1001
941
1002
942
1003
943
1004
944
1005
945
1006
946
1007
947
1008
948
1009
949
1010
950
1011
1012
953
1013
953
956
1014
954
957
1015
958
1016
956
961
1017
957
962
1018
958
963
1019
959
964
1020
965
1021
961
968
1022
962
969
1023
963
970
1024
964
971
1025
965
972
1026
966
973
1027
974
1028
968
977
1029
969
978
1030
970
979
1031
971
980
1032
972
981
1033
973
982
1034
974
983
1035
975
984
1036
985
1037
977
987
1038
978
988
1039
979
989
1040
980
990
1041
981
991
1042
982
992
1043
983
993
1044
984
994
1045
985
995
1046
986
996
1047
997
1048
988
1000
1050
989
1001
1051
990
1002
1052
991
1003
1053
992
1004
1054
993
1005
1055
994
1006
1056
995
1007
1057
996
1008
1058
997
1009
1059
998
1010
1060
1011
1061
1000
1062
1001
1063
1002
1064
1003
1065
1004
1066
1005
1067
1006
1068
1007
1069
1008
1070
1009
1071
1010
1072
1011
1073
1012
1074
1075
1015
1076
1015
1018
1077
1016
1019
1078
1020
1079
1018
1023
1080
1019
1024
1081
1020
1025
1082
1021
1026
1083
1027
1084
1023
1030
1085
1024
1031
1086
1025
1032
1087
1026
1033
1088
1027
1034
1089
1028
1035
1090
1036
1091
1030
1039
1092
1031
1040
1093
1032
1041
1094
1033
1042
1095
1034
1043
1096
1035
1044
1097
1036
1045
1098
1037
1046
1099
1047
1100
1039
1050
1101
1040
1051
1102
1041
1052
1103
1042
1053
1104
1043
1054
1105
1044
1055
1106
1045
1056
1107
1046
1057
1108
1047
1058
1109
1048
1059
1110
1060
1111
1050
1062
1112
1051
1063
1113
1052
1064
1114
1053
1065
1115
1054
1066
1116
1055
1067
1117
1056
1068
1118
1057
1069
1119
1058
1070
1120
1059
1071
1121
1060
1072
1122
1061
1073
1123
1074
1124
1063
1126
1064
1127
1065
1128
1066
1129
1067
1130
1068
1131
1069
1132
1070
1133
1071
1134
1072
1135
1073
1136
1074
1137
1075
1138
1139
1078
1140
1078
1081
1141
1079
1082
1142
1083
1143
1081
1086
1144
1082
1087
1145
1083
1088
1146
1084
1089
1147
1090
1148
1086
1093
1149
1087
1094
1150
1088
1095
1151
1089
1096
1152
1090
1097
1153
1091
1098
1154
1099
1155
1093
1102
1156
1094
1103
1157
1095
1104
1158
1096
1105
1159
1097
1106
1160
1098
1107
1161
1099
1108
1162
1100
1109
1163
1110
1164
1102
1113
1165
1103
1114
1166
1104
1115
1167
1105
1116
1168
1106
1117
1169
1107
1118
1170
1108
1119
1171
1109
1120
1172
1110
1121
1173
1111
1122
1174
1123
1175
1113
1126
1176
1114
1127
1177
1115
1128
1178
1116
1129
1179
1117
1130
1180
1118
1131
1181
1119
1132
1182
1120
1133
1183
1121
1134
1184
1122
1135
1185
1123
1136
1186
1124
1137
1187
1138
1188
1126
1189
1127
1190
1128
1191
1129
1192
1130
1193
1131
1194
1132
1195
1133
1196
1134
1197
1135
1198
1136
1199
1137
1200
1138
1201
1139
1202
1203
1142
1204
1142
1145
1205
1143
1146
1206
1147
1207
1145
1150
1208
1146
1151
1209
1147
1152
1210
1148
1153
1211
1154
1212
1150
1157
1213
1151
1158
1214
1152
1159
1215
1153
1160
1216
1154
1161
1217
1155
1162
1218
1163
1219
1157
1166
1220
1158
1167
1221
1159
1168
1222
1160
1169
1223
1161
1170
1224
1162
1171
1225
1163
1172
1226
1164
1173
1227
1174
1228
1166
1177
1229
1167
1178
1230
1168
1179
1231
1169
1180
1232
1170
1181
1233
1171
1182
1234
1172
1183
1235
1173
1184
1236
1174
1185
1237
1175
1186
1238
1187
1239
1177
1190
1240
1178
1191
1241
1179
1192
1242
1180
1193
1243
1181
1194
1244
1182
1195
1245
1183
1196
1246
1184
1197
1247
1185
1198
1248
1186
1199
1249
1187
1200
1250
1188
1201
1251
1202
1252
1190
1253
1191
1254
1192
1255
1193
1256
1194
1257
1195
1258
1196
1259
1197
1260
1198
1261
1199
1262
1200
1263
1201
1264
1202
1265
1203
1266
1267
1206
1206
1209
1207
1210
1211
1209
1214
1210
1215
1211
1216
1212
1217
1218
1214
1221
1215
1222
1216
1223
1217
1224
1218
1225
1219
1226
1227
1221
1230
1222
1231
1223
1232
1224
1233
1225
1234
1226
1235
1227
1236
1228
1237
1238
1230
1241
1231
1242
1232
1243
1233
1244
1234
1245
1235
1246
1236
1247
1237
1248
1238
1249
1239
1250
1251
1241
1254
1242
1255
1243
1256
1244
1257
1245
1258
1246
1259
1247
1260
1248
1261
1249
1262
1250
1263
1251
1264
1252
1265
1266
1254
1255
1256
1257
1258
1259
1260
1261
1262
1263
1264
1265
1266
1267
)


// ************************************************************************* //
