/*--------------------------------*- C++ -*----------------------------------*\
| =========                 |                                                 |
| \\      /  F ield         | OpenFOAM: The Open Source CFD Toolbox           |
|  \\    /   O peration     | Version:  4.x                                   |
|   \\  /    A nd           | Web:      www.OpenFOAM.org                      |
|    \\/     M anipulation  |                                                 |
\*---------------------------------------------------------------------------*/
FoamFile
{
    version     2.0;
    format      ascii;
    class       labelList;
    location    "constant/polyMesh";
    object      pointProcAddressing;
}
// * * * * * * * * * * * * * * * * * * * * * * * * * * * * * * * * * * * * * //


1727
(
1783
1799
1847
1848
1849
1850
1851
1852
1853
1854
1855
1856
2001
2016
2031
2046
2199
2200
2201
2202
2203
2204
2205
2206
2207
2208
2503
2504
2505
2578
2579
2580
2581
2582
2583
2584
2585
2586
2587
2588
2589
2590
2591
2592
2593
2594
2595
2596
2597
2598
2599
2600
2601
2602
2603
2604
2605
2606
2607
3479
3480
3481
3482
3483
3484
3485
3486
3487
3488
3489
3490
3491
3492
3493
3494
3511
3512
3513
3514
3515
3516
3517
3518
3519
3520
3521
3522
3523
3524
3525
3526
3527
3528
3529
3530
3531
3532
3533
3534
3535
3536
3537
3538
3539
3540
3541
3542
3543
3544
3545
3546
3547
3548
3549
3550
3551
3552
3553
3554
3555
3556
3557
3558
3559
3560
3561
3562
3563
3564
3565
3566
3567
3568
3569
3570
3571
3572
3573
3574
3575
3576
3577
3578
3579
3580
3581
3582
3583
3584
3729
3730
3731
3732
3733
3734
3735
3736
3737
3738
3739
3740
3741
3742
3743
3744
3745
3746
3747
3748
3749
3750
3751
3752
3753
3754
3755
3756
3757
3758
3759
3760
3761
3762
3763
3764
3765
3766
3767
3768
3769
3770
3771
3772
3773
3774
3775
3776
3777
3778
3779
3780
3781
3782
3783
3784
3785
3786
3787
3788
3789
3790
3791
3792
3793
3794
3795
3796
3797
3798
3799
3800
3801
3802
3803
3804
3805
3806
3807
3808
3809
3810
3811
3812
3813
3814
3815
3816
3817
3818
3819
3820
3821
3822
3823
3824
3825
3826
3827
3828
3829
3830
3831
3832
3833
3834
3835
3836
3837
3838
3839
3840
3841
3842
3843
3844
3845
3846
3847
3848
3849
3850
3851
3852
3853
3854
3855
3856
3857
3858
3859
3860
3861
3862
3863
3864
3865
3866
3867
3868
3869
3870
3871
3872
3873
3874
3875
3876
3877
3878
3927
3928
3929
3930
3931
3932
3933
3934
3935
3936
4071
4072
4073
4074
4075
4081
4082
4083
4084
4085
4086
4087
4088
4089
4090
4091
4092
4093
4094
4095
4096
4097
4098
4099
4100
4101
4102
4103
4104
4105
4106
4107
4108
4109
4110
4111
4112
4113
4114
4115
4116
4117
4118
4119
4120
4121
4122
4123
4124
4125
4126
4127
4128
4129
4130
4131
4132
4133
4134
4135
4136
4137
4138
4139
4140
4141
4142
4143
4144
4145
4146
4147
4148
4149
4150
4151
4152
4153
4154
4155
4156
4157
4158
4159
4160
4161
4162
4163
4164
4165
4166
4167
4168
4169
4170
4171
4172
4173
4174
4175
4176
4177
4178
4179
4180
4181
4182
4183
4184
4185
4186
4187
4188
4189
4190
4191
4192
4193
4194
4195
4196
4197
4198
4199
4200
4201
4202
4203
4204
4205
4206
4207
4208
4209
4210
4211
4212
4213
4214
4215
4216
4217
4218
4219
4220
4221
4222
4223
4224
4225
4226
4227
4228
4229
4230
4258
4259
4260
4261
4262
4263
4264
4265
4266
4267
4268
4269
4270
4271
4272
4273
4274
4275
4276
4277
4278
4279
4280
4281
4282
4283
4284
4285
4286
4287
4683
4684
4685
4686
4687
4693
4694
4695
4696
4697
4698
4699
4700
4701
4702
4703
4704
4705
4706
4707
4708
4709
4710
4711
4712
4713
4714
4715
4716
4717
4718
4719
4720
4721
4722
4723
4724
4725
4726
4727
4728
4729
4730
4731
4732
4733
4734
4735
4736
4737
4738
4739
4740
4741
4742
4743
4744
4745
4746
4747
4748
4749
4750
4751
4752
4753
4754
4755
4756
4757
4758
4759
4760
4761
4762
4763
4764
4765
4766
4767
4768
4769
4770
4771
4772
4773
4774
4775
4776
4777
4778
4779
4780
4781
4782
4783
4784
4785
4786
4787
4788
4789
4790
4791
4792
4793
4794
4795
4796
4797
4798
4799
4800
4801
4802
4803
4804
4805
4806
4807
4808
4809
4810
4811
4812
4813
4814
4815
4816
4817
4818
4819
4820
4821
4822
4823
4824
4825
4826
4827
4828
4829
4830
4831
4832
4833
4834
4835
4836
4837
4838
4839
4840
4841
4842
4843
4844
4845
4846
4847
4848
4849
4850
4851
4852
4853
4854
4855
4856
4857
4858
4859
4860
4861
4862
4863
4864
4865
4866
4867
4868
4869
4870
4871
4872
4873
4874
4875
4876
4877
4878
4879
4880
4881
4882
4883
4884
4885
4886
4887
4888
4889
4890
4891
4892
4893
4894
4895
4896
4897
4898
4899
4900
4901
4902
4903
4904
4905
4906
4907
4908
4909
4910
4911
4912
4913
4914
4915
4916
4917
4918
4919
4920
4921
4922
4923
4924
4925
4926
4927
4928
4929
4930
4931
4932
4933
4934
4935
4936
4937
4938
4939
4940
4941
4942
4943
4944
4945
4946
4947
4948
4949
4950
4951
4952
4953
4954
4955
4956
4957
4958
4959
4960
4961
4962
4963
4964
4965
4966
4967
4968
4969
4970
4971
4972
4973
4974
4975
4976
4977
4978
4979
4980
4981
4982
4983
4984
4985
4986
4987
4988
4989
4990
4991
4992
4993
4994
4995
4996
4997
4998
4999
5000
5001
5002
5003
5004
5005
5006
5007
5008
5009
5010
5011
5012
5013
5014
5015
5016
5017
5018
5019
5020
5021
5022
5023
5024
5025
5026
5027
5028
5029
5030
5031
5032
5033
5034
5035
5036
5037
5038
5039
5040
5041
5042
5043
5044
5045
5046
5047
5048
5049
5050
5051
5052
5053
5054
5055
5056
5057
5058
5059
5060
5061
5062
5063
5064
5065
5066
5067
5068
5069
5070
5071
5072
5073
5074
5075
5076
5077
5078
5079
5080
5081
5082
5083
5084
5085
5086
5087
5088
5089
5090
5091
5092
5093
5094
5095
5096
5097
5098
5099
5100
5101
5102
5103
5104
5105
5106
5107
5108
5109
5110
5111
5112
5113
5114
5115
5116
5117
5118
5119
5120
5121
5122
5123
5124
5125
5126
5127
5128
5129
5130
5131
5132
5133
5134
5135
5136
5137
5138
5139
5140
5141
5142
5188
5502
5517
5532
6957
6971
6972
6985
6986
6987
6999
7000
7001
7002
7013
7014
7015
7016
7017
7027
7028
7029
7030
7031
7032
7041
7042
7043
7044
7045
7046
7047
7055
7056
7057
7058
7059
7060
7061
7062
7070
7071
7072
7073
7074
7075
7076
7077
7086
7087
7088
7089
7090
7091
7092
7102
7103
7104
7105
7106
7107
7118
7119
7120
7121
7122
7134
7135
7136
7137
7150
7151
7152
7166
7167
9319
9320
9321
9322
9333
9334
9335
9336
9337
9338
9347
9348
9349
9350
9351
9352
9353
9354
9361
9362
9363
9364
9365
9366
9367
9368
9369
9370
9375
9376
9377
9378
9379
9380
9381
9382
9383
9384
9385
9386
9389
9390
9391
9392
9393
9394
9395
9396
9397
9398
9399
9400
9401
9402
9403
9404
9405
9406
9407
9408
9409
9410
9411
9412
9413
9414
9415
9416
9417
9529
9530
9543
9544
9545
9546
9547
9558
9559
9560
9561
9562
9563
9572
9573
9574
9575
9576
9577
9578
9579
9586
9587
9588
9589
9590
9591
9592
9593
9594
9595
9600
9601
9602
9603
9604
9605
9606
9607
9608
9609
9610
9611
9614
9615
9616
9617
9618
9619
9620
9621
9622
9623
9624
9625
9626
9627
9628
9629
9630
9631
9632
9633
9634
9635
9636
9637
9638
9639
9640
9641
9642
9754
9755
9768
9769
9770
9771
9782
9783
9784
9785
9786
9787
9797
9798
9799
9800
9801
9802
9803
9811
9812
9813
9814
9815
9816
9817
9818
9819
9820
9825
9826
9827
9828
9829
9830
9831
9832
9833
9834
9835
9836
9839
9840
9841
9842
9843
9844
9845
9846
9847
9848
9849
9850
9851
9852
9853
9854
9855
9856
9857
9858
9859
9860
9861
9862
9863
9864
9865
9866
9867
9979
9980
9993
9994
9995
9996
10007
10008
10009
10010
10011
10012
10021
10022
10023
10024
10025
10026
10027
10028
10036
10037
10038
10039
10040
10041
10042
10043
10044
10050
10051
10052
10053
10054
10055
10056
10057
10058
10059
10060
10064
10065
10066
10067
10068
10069
10070
10071
10072
10073
10074
10075
10076
10077
10078
10079
10080
10081
10082
10083
10084
10085
10086
10087
10088
10089
10090
10091
10092
10204
10205
10218
10219
10220
10221
10232
10233
10234
10235
10236
10237
10246
10247
10248
10249
10250
10251
10252
10253
10260
10261
10262
10263
10264
10265
10266
10267
10268
10269
10275
10276
10277
10278
10279
10280
10281
10282
10283
10284
10285
10289
10290
10291
10292
10293
10294
10295
10296
10297
10298
10299
10300
10301
10303
10304
10305
10306
10307
10308
10309
10310
10311
10312
10313
10314
10315
10316
10317
10429
10430
10443
10444
10445
10446
10457
10458
10459
10460
10461
10462
10471
10472
10473
10474
10475
10476
10477
10478
10485
10486
10487
10488
10489
10490
10491
10492
10493
10494
10499
10500
10501
10502
10503
10504
10505
10506
10507
10508
10509
10510
10514
10515
10516
10517
10518
10519
10520
10521
10522
10523
10524
10525
10526
10528
10529
10530
10531
10532
10533
10534
10535
10536
10537
10538
10539
10540
10541
10542
10654
10655
10668
10669
10670
10671
10682
10683
10684
10685
10686
10687
10696
10697
10698
10699
10700
10701
10702
10703
10710
10711
10712
10713
10714
10715
10716
10717
10718
10719
10724
10725
10726
10727
10728
10729
10730
10731
10732
10733
10734
10735
10738
10739
10740
10741
10742
10743
10744
10745
10746
10747
10748
10749
10750
10751
10753
10754
10755
10756
10757
10758
10759
10760
10761
10762
10763
10764
10765
10766
10767
10879
10880
10893
10894
10895
10896
10907
10908
10909
10910
10911
10912
10921
10922
10923
10924
10925
10926
10927
10928
10935
10936
10937
10938
10939
10940
10941
10942
10943
10944
10949
10950
10951
10952
10953
10954
10955
10956
10957
10958
10959
10960
10963
10964
10965
10966
10967
10968
10969
10970
10971
10972
10973
10974
10975
10976
10978
10979
10980
10981
10982
10983
10984
10985
10986
10987
10988
10989
10990
10991
10992
11104
11105
11118
11119
11120
11121
11132
11133
11134
11135
11136
11137
11146
11147
11148
11149
11150
11151
11152
11153
11160
11161
11162
11163
11164
11165
11166
11167
11168
11169
11174
11175
11176
11177
11178
11179
11180
11181
11182
11183
11184
11185
11188
11189
11190
11191
11192
11193
11194
11195
11196
11197
11198
11199
11200
11201
11203
11204
11205
11206
11207
11208
11209
11210
11211
11212
11213
11214
11215
11216
11217
11329
11330
11343
11344
11345
11346
11357
11358
11359
11360
11361
11362
11371
11372
11373
11374
11375
11376
11377
11378
11385
11386
11387
11388
11389
11390
11391
11392
11393
11394
11399
11400
11401
11402
11403
11404
11405
11406
11407
11408
11409
11410
11413
11414
11415
11416
11417
11418
11419
11420
11421
11422
11423
11424
11425
11426
11428
11429
11430
11431
11432
11433
11434
11435
11436
11437
11438
11439
11440
11441
11442
)


// ************************************************************************* //
