/*--------------------------------*- C++ -*----------------------------------*\
| =========                 |                                                 |
| \\      /  F ield         | OpenFOAM: The Open Source CFD Toolbox           |
|  \\    /   O peration     | Version:  4.x                                   |
|   \\  /    A nd           | Web:      www.OpenFOAM.org                      |
|    \\/     M anipulation  |                                                 |
\*---------------------------------------------------------------------------*/
FoamFile
{
    version     2.0;
    format      ascii;
    class       labelList;
    location    "constant/polyMesh";
    object      cellProcAddressing;
}
// * * * * * * * * * * * * * * * * * * * * * * * * * * * * * * * * * * * * * //


1276
(
2556
2557
2558
2559
2560
2561
2562
2563
2564
2565
2566
2567
2568
2569
2570
2571
2572
2573
2574
2575
2576
2577
2578
2579
2580
2581
2582
2583
2584
2585
2586
2587
2588
2589
2590
2591
2592
2593
2594
2595
2596
2597
2598
2599
2600
2601
2602
2603
2604
2605
2606
2607
2608
2609
2610
2611
2612
2613
2614
2615
2616
2617
2618
2619
2620
2621
2622
2623
2624
2625
2626
2627
2628
2629
2630
2631
2632
2633
2634
2635
2636
2637
2638
2639
2640
2641
2642
2643
2644
2645
2646
2647
2648
2649
2650
2651
2652
2653
2654
2655
2656
2657
2658
2659
2660
2661
2662
2663
2664
2665
2666
2667
2668
2669
2670
2671
2672
2673
2674
2675
2676
2677
2678
2679
2680
2681
2682
2683
2684
2685
2686
2687
2688
2689
2690
2691
2692
2693
2694
2695
2696
2697
2698
2699
2700
2701
2702
2703
2704
2705
2706
2707
2708
2709
2710
2711
2712
2713
2714
2715
2716
2717
2718
2719
2720
2721
2722
2723
2724
2725
2726
2727
2728
2729
2730
2731
2732
2733
2734
2735
2736
2737
2738
2739
2740
2741
2742
2743
2744
2745
2746
2747
2748
2749
2750
2751
2752
2753
2754
2755
2756
2757
2758
2759
2760
2761
2762
2763
2764
2765
2766
2767
2768
2769
2770
2771
2772
2773
2774
2775
2776
2777
2778
2779
2780
2781
2782
2783
2784
2785
2786
2787
2788
2789
2790
2791
2792
2793
2794
2795
2796
2797
2798
2799
2800
2801
2802
2803
2804
2805
2806
2807
2808
2809
2810
2811
2812
2813
2814
2815
2816
2817
2818
2819
2820
2821
2822
2823
2824
2825
2826
2827
2828
2829
2830
2831
2832
2833
2834
2835
2836
2837
2838
2839
2840
2841
2842
2843
2844
2845
2846
2847
2848
2849
2850
2851
2852
2853
2854
2855
2856
2857
2858
2859
2860
2861
2862
2863
2864
2865
2866
2867
2868
2869
2870
2871
2872
2873
2874
2875
2876
2877
2878
2879
2880
2881
2882
2883
2884
2885
2886
2887
2888
2889
2890
2891
2892
2893
2894
2895
2896
2897
2898
2899
2900
2901
2902
2903
2904
2905
2906
2907
2908
2909
2910
2911
2912
2913
2914
2915
2916
2917
2918
2919
2920
2921
2922
2923
2924
2925
2926
2927
2928
2929
2930
2931
2932
2933
2934
2935
2936
2937
2938
2939
2940
2941
2942
2943
2944
2945
2946
2947
2948
2949
2950
2951
2952
2953
2954
2955
2956
2957
2958
2959
2960
2961
2962
2963
2964
2965
2966
2967
2968
2969
2970
2971
2972
2973
2974
2975
2976
2977
2978
2979
2980
2981
2982
2983
2984
2985
2986
2987
2988
2989
2990
2991
2992
2993
2994
2995
2996
2997
2998
2999
3000
3001
3002
3003
3004
3005
3006
3007
3008
3009
3010
3011
3012
3013
3014
3015
3016
3017
3018
3019
3020
3021
3022
3023
3024
3025
3026
3027
3028
3029
3030
3031
3032
3033
3034
3035
3036
3037
3038
3039
3040
3041
3042
3043
3044
3045
3046
3047
3048
3049
3050
3051
3052
3053
3054
3055
3056
3057
3058
3059
3060
3061
3062
3063
3064
3065
3066
3067
3068
3069
3070
3071
3072
3073
3074
3075
3076
3077
3078
3079
3080
3081
3082
3083
3084
3085
3086
3087
3088
3089
3090
3091
3092
3093
3094
3095
3096
3097
3098
3099
3100
3101
3102
3103
3104
3105
3106
3107
3108
3109
3110
3111
3112
3113
3114
3115
3116
3117
3118
3119
3120
3121
3122
3123
3124
3125
3126
3127
3128
3129
3130
3131
3132
3133
3134
3135
3136
3137
3138
3139
3140
3141
3142
3143
3144
3145
3146
3147
3148
3149
3150
3151
3152
3153
3154
3155
3156
3157
3158
3159
3160
3161
3162
3163
3164
3165
3166
3167
3168
3169
3170
3171
3172
3173
3174
3175
3176
3177
3178
3179
3180
3181
3182
3183
3184
3185
3190
3191
3192
3193
3194
3195
5248
5263
5264
5265
5278
5279
5280
5281
5282
5293
5294
5295
5296
5297
5298
5299
5308
5309
5310
5311
5312
5313
5314
5315
5316
5323
5324
5325
5326
5327
5328
5329
5330
5331
5332
5333
5338
5339
5340
5341
5342
5343
5344
5345
5346
5347
5348
5349
5350
5353
5354
5355
5356
5357
5358
5359
5360
5361
5362
5363
5364
5365
5366
5367
5504
5519
5520
5521
5534
5535
5536
5537
5538
5549
5550
5551
5552
5553
5554
5555
5564
5565
5566
5567
5568
5569
5570
5571
5572
5579
5580
5581
5582
5583
5584
5585
5586
5587
5588
5589
5594
5595
5596
5597
5598
5599
5600
5601
5602
5603
5604
5605
5606
5609
5610
5611
5612
5613
5614
5615
5616
5617
5618
5619
5620
5621
5622
5623
5760
5775
5776
5777
5790
5791
5792
5793
5794
5805
5806
5807
5808
5809
5810
5811
5820
5821
5822
5823
5824
5825
5826
5827
5828
5835
5836
5837
5838
5839
5840
5841
5842
5843
5844
5845
5850
5851
5852
5853
5854
5855
5856
5857
5858
5859
5860
5861
5862
5865
5866
5867
5868
5869
5870
5871
5872
5873
5874
5875
5876
5877
5878
5879
6016
6031
6032
6033
6046
6047
6048
6049
6050
6061
6062
6063
6064
6065
6066
6067
6076
6077
6078
6079
6080
6081
6082
6083
6084
6091
6092
6093
6094
6095
6096
6097
6098
6099
6100
6101
6106
6107
6108
6109
6110
6111
6112
6113
6114
6115
6116
6117
6118
6121
6122
6123
6124
6125
6126
6127
6128
6129
6130
6131
6132
6133
6134
6135
6272
6287
6288
6289
6302
6303
6304
6305
6306
6317
6318
6319
6320
6321
6322
6323
6332
6333
6334
6335
6336
6337
6338
6339
6340
6347
6348
6349
6350
6351
6352
6353
6354
6355
6356
6357
6362
6363
6364
6365
6366
6367
6368
6369
6370
6371
6372
6373
6374
6377
6378
6379
6380
6381
6382
6383
6384
6385
6386
6387
6388
6389
6390
6391
6528
6543
6544
6545
6558
6559
6560
6561
6562
6573
6574
6575
6576
6577
6578
6579
6588
6589
6590
6591
6592
6593
6594
6595
6596
6603
6604
6605
6606
6607
6608
6609
6610
6611
6612
6613
6618
6619
6620
6621
6622
6623
6624
6625
6626
6627
6628
6629
6630
6633
6634
6635
6636
6637
6638
6639
6640
6641
6642
6643
6644
6645
6646
6647
6784
6799
6800
6801
6814
6815
6816
6817
6818
6829
6830
6831
6832
6833
6834
6835
6844
6845
6846
6847
6848
6849
6850
6851
6852
6859
6860
6861
6862
6863
6864
6865
6866
6867
6868
6869
6874
6875
6876
6877
6878
6879
6880
6881
6882
6883
6884
6885
6886
6889
6890
6891
6892
6893
6894
6895
6896
6897
6898
6899
6900
6901
6902
6903
7040
7055
7056
7057
7070
7071
7072
7073
7074
7085
7086
7087
7088
7089
7090
7091
7100
7101
7102
7103
7104
7105
7106
7107
7108
7115
7116
7117
7118
7119
7120
7121
7122
7123
7124
7125
7130
7131
7132
7133
7134
7135
7136
7137
7138
7139
7140
7141
7142
7145
7146
7147
7148
7149
7150
7151
7152
7153
7154
7155
7156
7157
7158
7159
7296
7311
7312
7313
7326
7327
7328
7329
7330
7341
7342
7343
7344
7345
7346
7347
7356
7357
7358
7359
7360
7361
7362
7363
7364
7371
7372
7373
7374
7375
7376
7377
7378
7379
7380
7381
7386
7387
7388
7389
7390
7391
7392
7393
7394
7395
7396
7397
7398
7401
7402
7403
7404
7405
7406
7407
7408
7409
7410
7411
7412
7413
7414
7415
7552
7567
7568
7569
7582
7583
7584
7585
7586
7597
7598
7599
7600
7601
7602
7603
7612
7613
7614
7615
7616
7617
7618
7619
7620
7627
7628
7629
7630
7631
7632
7633
7634
7635
7636
7637
7642
7643
7644
7645
7646
7647
7648
7649
7650
7651
7652
7653
7654
7657
7658
7659
7660
7661
7662
7663
7664
7665
7666
7667
7668
7669
7670
7671
)


// ************************************************************************* //
