/*--------------------------------*- C++ -*----------------------------------*\
| =========                 |                                                 |
| \\      /  F ield         | OpenFOAM: The Open Source CFD Toolbox           |
|  \\    /   O peration     | Version:  4.x                                   |
|   \\  /    A nd           | Web:      www.OpenFOAM.org                      |
|    \\/     M anipulation  |                                                 |
\*---------------------------------------------------------------------------*/
FoamFile
{
    version     2.0;
    format      ascii;
    class       faceList;
    location    "constant/polyMesh";
    object      faces;
}
// * * * * * * * * * * * * * * * * * * * * * * * * * * * * * * * * * * * * * //


4237
(
4(83 261 493 122)
4(25 36 493 261)
4(12 122 493 36)
4(1 83 122 12)
4(84 262 494 121)
4(261 493 494 262)
4(122 121 494 493)
4(83 84 121 122)
4(85 263 495 120)
4(262 494 495 263)
4(121 120 495 494)
4(84 85 120 121)
4(86 264 496 119)
4(263 495 496 264)
4(120 119 496 495)
4(85 86 119 120)
4(87 265 497 118)
4(264 496 497 265)
4(119 118 497 496)
4(86 87 118 119)
4(88 266 498 117)
4(265 497 498 266)
4(118 117 498 497)
4(87 88 117 118)
4(89 267 499 116)
4(266 498 499 267)
4(117 116 499 498)
4(88 89 116 117)
4(90 268 500 115)
4(267 499 500 268)
4(116 115 500 499)
4(89 90 115 116)
4(91 269 501 114)
4(268 500 501 269)
4(115 114 501 500)
4(90 91 114 115)
4(92 270 502 113)
4(269 501 502 270)
4(114 113 502 501)
4(91 92 113 114)
4(93 271 503 112)
4(270 502 503 271)
4(113 112 503 502)
4(92 93 112 113)
4(94 272 504 111)
4(271 503 504 272)
4(112 111 504 503)
4(93 94 111 112)
4(95 273 505 110)
4(272 504 505 273)
4(111 110 505 504)
4(94 95 110 111)
4(96 274 506 109)
4(273 505 506 274)
4(110 109 506 505)
4(95 96 109 110)
4(97 275 507 108)
4(274 506 507 275)
4(109 108 507 506)
4(96 97 108 109)
4(275 507 463 260)
4(108 107 463 507)
4(261 276 508 493)
4(24 37 508 276)
4(36 493 508 37)
4(262 277 509 494)
4(276 508 509 277)
4(493 494 509 508)
4(263 278 510 495)
4(277 509 510 278)
4(494 495 510 509)
4(264 279 511 496)
4(278 510 511 279)
4(495 496 511 510)
4(265 280 512 497)
4(279 511 512 280)
4(496 497 512 511)
4(266 281 513 498)
4(280 512 513 281)
4(497 498 513 512)
4(267 282 514 499)
4(281 513 514 282)
4(498 499 514 513)
4(268 283 515 500)
4(282 514 515 283)
4(499 500 515 514)
4(269 284 516 501)
4(283 515 516 284)
4(500 501 516 515)
4(270 285 517 502)
4(284 516 517 285)
4(501 502 517 516)
4(271 286 518 503)
4(285 517 518 286)
4(502 503 518 517)
4(272 287 519 504)
4(286 518 519 287)
4(503 504 519 518)
4(273 288 520 505)
4(287 519 520 288)
4(504 505 520 519)
4(274 289 521 506)
4(288 520 521 289)
4(505 506 521 520)
4(275 290 522 507)
4(289 521 522 290)
4(506 507 522 521)
4(290 522 464 259)
4(507 463 464 522)
4(276 291 523 508)
4(23 38 523 291)
4(37 508 523 38)
4(277 292 524 509)
4(291 523 524 292)
4(508 509 524 523)
4(278 293 525 510)
4(292 524 525 293)
4(509 510 525 524)
4(279 294 526 511)
4(293 525 526 294)
4(510 511 526 525)
4(280 295 527 512)
4(294 526 527 295)
4(511 512 527 526)
4(281 296 528 513)
4(295 527 528 296)
4(512 513 528 527)
4(282 297 529 514)
4(296 528 529 297)
4(513 514 529 528)
4(283 298 530 515)
4(297 529 530 298)
4(514 515 530 529)
4(284 299 531 516)
4(298 530 531 299)
4(515 516 531 530)
4(285 300 532 517)
4(299 531 532 300)
4(516 517 532 531)
4(286 301 533 518)
4(300 532 533 301)
4(517 518 533 532)
4(287 302 534 519)
4(301 533 534 302)
4(518 519 534 533)
4(288 303 535 520)
4(302 534 535 303)
4(519 520 535 534)
4(289 304 536 521)
4(303 535 536 304)
4(520 521 536 535)
4(290 305 537 522)
4(304 536 537 305)
4(521 522 537 536)
4(305 537 465 258)
4(522 464 465 537)
4(291 67 316 523)
4(38 523 316 35)
4(292 68 317 524)
4(523 524 317 316)
4(293 69 318 525)
4(524 525 318 317)
4(294 70 319 526)
4(525 526 319 318)
4(295 71 320 527)
4(526 527 320 319)
4(296 72 321 528)
4(527 528 321 320)
4(297 73 322 529)
4(528 529 322 321)
4(298 74 323 530)
4(529 530 323 322)
4(299 75 324 531)
4(530 531 324 323)
4(300 76 325 532)
4(531 532 325 324)
4(301 77 326 533)
4(532 533 326 325)
4(302 78 327 534)
4(533 534 327 326)
4(303 79 328 535)
4(534 535 328 327)
4(304 80 329 536)
4(535 536 329 328)
4(305 81 330 537)
4(536 537 330 329)
4(537 465 315 330)
4(122 493 538 137)
4(36 39 538 493)
4(11 137 538 39)
4(12 122 137 11)
4(121 494 539 136)
4(493 538 539 494)
4(137 136 539 538)
4(122 121 136 137)
4(120 495 540 135)
4(494 539 540 495)
4(136 135 540 539)
4(121 120 135 136)
4(119 496 541 134)
4(495 540 541 496)
4(135 134 541 540)
4(120 119 134 135)
4(118 497 542 133)
4(496 541 542 497)
4(134 133 542 541)
4(119 118 133 134)
4(117 498 543 132)
4(497 542 543 498)
4(133 132 543 542)
4(118 117 132 133)
4(116 499 544 131)
4(498 543 544 499)
4(132 131 544 543)
4(117 116 131 132)
4(115 500 545 130)
4(499 544 545 500)
4(131 130 545 544)
4(116 115 130 131)
4(114 501 546 129)
4(500 545 546 501)
4(130 129 546 545)
4(115 114 129 130)
4(113 502 547 128)
4(501 546 547 502)
4(129 128 547 546)
4(114 113 128 129)
4(112 503 548 127)
4(502 547 548 503)
4(128 127 548 547)
4(113 112 127 128)
4(111 504 549 126)
4(503 548 549 504)
4(127 126 549 548)
4(112 111 126 127)
4(110 505 550 125)
4(504 549 550 505)
4(126 125 550 549)
4(111 110 125 126)
4(109 506 551 124)
4(505 550 551 506)
4(125 124 551 550)
4(110 109 124 125)
4(108 507 552 123)
4(506 551 552 507)
4(124 123 552 551)
4(109 108 123 124)
4(507 552 466 463)
4(123 106 466 552)
4(493 508 553 538)
4(37 40 553 508)
4(39 538 553 40)
4(494 509 554 539)
4(508 553 554 509)
4(538 539 554 553)
4(495 510 555 540)
4(509 554 555 510)
4(539 540 555 554)
4(496 511 556 541)
4(510 555 556 511)
4(540 541 556 555)
4(497 512 557 542)
4(511 556 557 512)
4(541 542 557 556)
4(498 513 558 543)
4(512 557 558 513)
4(542 543 558 557)
4(499 514 559 544)
4(513 558 559 514)
4(543 544 559 558)
4(500 515 560 545)
4(514 559 560 515)
4(544 545 560 559)
4(501 516 561 546)
4(515 560 561 516)
4(545 546 561 560)
4(502 517 562 547)
4(516 561 562 517)
4(546 547 562 561)
4(503 518 563 548)
4(517 562 563 518)
4(547 548 563 562)
4(504 519 564 549)
4(518 563 564 519)
4(548 549 564 563)
4(505 520 565 550)
4(519 564 565 520)
4(549 550 565 564)
4(506 521 566 551)
4(520 565 566 521)
4(550 551 566 565)
4(507 522 567 552)
4(521 566 567 522)
4(551 552 567 566)
4(522 567 467 464)
4(552 466 467 567)
4(508 523 568 553)
4(38 41 568 523)
4(40 553 568 41)
4(509 524 569 554)
4(523 568 569 524)
4(553 554 569 568)
4(510 525 570 555)
4(524 569 570 525)
4(554 555 570 569)
4(511 526 571 556)
4(525 570 571 526)
4(555 556 571 570)
4(512 527 572 557)
4(526 571 572 527)
4(556 557 572 571)
4(513 528 573 558)
4(527 572 573 528)
4(557 558 573 572)
4(514 529 574 559)
4(528 573 574 529)
4(558 559 574 573)
4(515 530 575 560)
4(529 574 575 530)
4(559 560 575 574)
4(516 531 576 561)
4(530 575 576 531)
4(560 561 576 575)
4(517 532 577 562)
4(531 576 577 532)
4(561 562 577 576)
4(518 533 578 563)
4(532 577 578 533)
4(562 563 578 577)
4(519 534 579 564)
4(533 578 579 534)
4(563 564 579 578)
4(520 535 580 565)
4(534 579 580 535)
4(564 565 580 579)
4(521 536 581 566)
4(535 580 581 536)
4(565 566 581 580)
4(522 537 582 567)
4(536 581 582 537)
4(566 567 582 581)
4(537 582 468 465)
4(567 467 468 582)
4(523 316 331 568)
4(41 568 331 34)
4(524 317 332 569)
4(568 569 332 331)
4(525 318 333 570)
4(569 570 333 332)
4(526 319 334 571)
4(570 571 334 333)
4(527 320 335 572)
4(571 572 335 334)
4(528 321 336 573)
4(572 573 336 335)
4(529 322 337 574)
4(573 574 337 336)
4(530 323 338 575)
4(574 575 338 337)
4(531 324 339 576)
4(575 576 339 338)
4(532 325 340 577)
4(576 577 340 339)
4(533 326 341 578)
4(577 578 341 340)
4(534 327 342 579)
4(578 579 342 341)
4(535 328 343 580)
4(579 580 343 342)
4(536 329 344 581)
4(580 581 344 343)
4(537 330 345 582)
4(581 582 345 344)
4(582 468 314 345)
4(137 538 583 152)
4(39 42 583 538)
4(10 152 583 42)
4(11 137 152 10)
4(136 539 584 151)
4(538 583 584 539)
4(152 151 584 583)
4(137 136 151 152)
4(135 540 585 150)
4(539 584 585 540)
4(151 150 585 584)
4(136 135 150 151)
4(134 541 586 149)
4(540 585 586 541)
4(150 149 586 585)
4(135 134 149 150)
4(133 542 587 148)
4(541 586 587 542)
4(149 148 587 586)
4(134 133 148 149)
4(132 543 588 147)
4(542 587 588 543)
4(148 147 588 587)
4(133 132 147 148)
4(131 544 589 146)
4(543 588 589 544)
4(147 146 589 588)
4(132 131 146 147)
4(130 545 590 145)
4(544 589 590 545)
4(146 145 590 589)
4(131 130 145 146)
4(129 546 591 144)
4(545 590 591 546)
4(145 144 591 590)
4(130 129 144 145)
4(128 547 592 143)
4(546 591 592 547)
4(144 143 592 591)
4(129 128 143 144)
4(127 548 593 142)
4(547 592 593 548)
4(143 142 593 592)
4(128 127 142 143)
4(126 549 594 141)
4(548 593 594 549)
4(142 141 594 593)
4(127 126 141 142)
4(125 550 595 140)
4(549 594 595 550)
4(141 140 595 594)
4(126 125 140 141)
4(124 551 596 139)
4(550 595 596 551)
4(140 139 596 595)
4(125 124 139 140)
4(123 552 597 138)
4(551 596 597 552)
4(139 138 597 596)
4(124 123 138 139)
4(552 597 469 466)
4(138 105 469 597)
4(538 553 598 583)
4(40 43 598 553)
4(42 583 598 43)
4(539 554 599 584)
4(553 598 599 554)
4(583 584 599 598)
4(540 555 600 585)
4(554 599 600 555)
4(584 585 600 599)
4(541 556 601 586)
4(555 600 601 556)
4(585 586 601 600)
4(542 557 602 587)
4(556 601 602 557)
4(586 587 602 601)
4(543 558 603 588)
4(557 602 603 558)
4(587 588 603 602)
4(544 559 604 589)
4(558 603 604 559)
4(588 589 604 603)
4(545 560 605 590)
4(559 604 605 560)
4(589 590 605 604)
4(546 561 606 591)
4(560 605 606 561)
4(590 591 606 605)
4(547 562 607 592)
4(561 606 607 562)
4(591 592 607 606)
4(548 563 608 593)
4(562 607 608 563)
4(592 593 608 607)
4(549 564 609 594)
4(563 608 609 564)
4(593 594 609 608)
4(550 565 610 595)
4(564 609 610 565)
4(594 595 610 609)
4(551 566 611 596)
4(565 610 611 566)
4(595 596 611 610)
4(552 567 612 597)
4(566 611 612 567)
4(596 597 612 611)
4(567 612 470 467)
4(597 469 470 612)
4(553 568 613 598)
4(41 44 613 568)
4(43 598 613 44)
4(554 569 614 599)
4(568 613 614 569)
4(598 599 614 613)
4(555 570 615 600)
4(569 614 615 570)
4(599 600 615 614)
4(556 571 616 601)
4(570 615 616 571)
4(600 601 616 615)
4(557 572 617 602)
4(571 616 617 572)
4(601 602 617 616)
4(558 573 618 603)
4(572 617 618 573)
4(602 603 618 617)
4(559 574 619 604)
4(573 618 619 574)
4(603 604 619 618)
4(560 575 620 605)
4(574 619 620 575)
4(604 605 620 619)
4(561 576 621 606)
4(575 620 621 576)
4(605 606 621 620)
4(562 577 622 607)
4(576 621 622 577)
4(606 607 622 621)
4(563 578 623 608)
4(577 622 623 578)
4(607 608 623 622)
4(564 579 624 609)
4(578 623 624 579)
4(608 609 624 623)
4(565 580 625 610)
4(579 624 625 580)
4(609 610 625 624)
4(566 581 626 611)
4(580 625 626 581)
4(610 611 626 625)
4(567 582 627 612)
4(581 626 627 582)
4(611 612 627 626)
4(582 627 471 468)
4(612 470 471 627)
4(568 331 346 613)
4(44 613 346 33)
4(569 332 347 614)
4(613 614 347 346)
4(570 333 348 615)
4(614 615 348 347)
4(571 334 349 616)
4(615 616 349 348)
4(572 335 350 617)
4(616 617 350 349)
4(573 336 351 618)
4(617 618 351 350)
4(574 337 352 619)
4(618 619 352 351)
4(575 338 353 620)
4(619 620 353 352)
4(576 339 354 621)
4(620 621 354 353)
4(577 340 355 622)
4(621 622 355 354)
4(578 341 356 623)
4(622 623 356 355)
4(579 342 357 624)
4(623 624 357 356)
4(580 343 358 625)
4(624 625 358 357)
4(581 344 359 626)
4(625 626 359 358)
4(582 345 360 627)
4(626 627 360 359)
4(627 471 313 360)
4(152 583 628 167)
4(42 45 628 583)
4(9 167 628 45)
4(10 152 167 9)
4(151 584 629 166)
4(583 628 629 584)
4(167 166 629 628)
4(152 151 166 167)
4(150 585 630 165)
4(584 629 630 585)
4(166 165 630 629)
4(151 150 165 166)
4(149 586 631 164)
4(585 630 631 586)
4(165 164 631 630)
4(150 149 164 165)
4(148 587 632 163)
4(586 631 632 587)
4(164 163 632 631)
4(149 148 163 164)
4(147 588 633 162)
4(587 632 633 588)
4(163 162 633 632)
4(148 147 162 163)
4(146 589 634 161)
4(588 633 634 589)
4(162 161 634 633)
4(147 146 161 162)
4(145 590 635 160)
4(589 634 635 590)
4(161 160 635 634)
4(146 145 160 161)
4(144 591 636 159)
4(590 635 636 591)
4(160 159 636 635)
4(145 144 159 160)
4(143 592 637 158)
4(591 636 637 592)
4(159 158 637 636)
4(144 143 158 159)
4(142 593 638 157)
4(592 637 638 593)
4(158 157 638 637)
4(143 142 157 158)
4(141 594 639 156)
4(593 638 639 594)
4(157 156 639 638)
4(142 141 156 157)
4(140 595 640 155)
4(594 639 640 595)
4(156 155 640 639)
4(141 140 155 156)
4(139 596 641 154)
4(595 640 641 596)
4(155 154 641 640)
4(140 139 154 155)
4(138 597 642 153)
4(596 641 642 597)
4(154 153 642 641)
4(139 138 153 154)
4(597 642 472 469)
4(153 104 472 642)
4(583 598 643 628)
4(43 46 643 598)
4(45 628 643 46)
4(584 599 644 629)
4(598 643 644 599)
4(628 629 644 643)
4(585 600 645 630)
4(599 644 645 600)
4(629 630 645 644)
4(586 601 646 631)
4(600 645 646 601)
4(630 631 646 645)
4(587 602 647 632)
4(601 646 647 602)
4(631 632 647 646)
4(588 603 648 633)
4(602 647 648 603)
4(632 633 648 647)
4(589 604 649 634)
4(603 648 649 604)
4(633 634 649 648)
4(590 605 650 635)
4(604 649 650 605)
4(634 635 650 649)
4(591 606 651 636)
4(605 650 651 606)
4(635 636 651 650)
4(592 607 652 637)
4(606 651 652 607)
4(636 637 652 651)
4(593 608 653 638)
4(607 652 653 608)
4(637 638 653 652)
4(594 609 654 639)
4(608 653 654 609)
4(638 639 654 653)
4(595 610 655 640)
4(609 654 655 610)
4(639 640 655 654)
4(596 611 656 641)
4(610 655 656 611)
4(640 641 656 655)
4(597 612 657 642)
4(611 656 657 612)
4(641 642 657 656)
4(612 657 473 470)
4(642 472 473 657)
4(598 613 658 643)
4(44 47 658 613)
4(46 643 658 47)
4(599 614 659 644)
4(613 658 659 614)
4(643 644 659 658)
4(600 615 660 645)
4(614 659 660 615)
4(644 645 660 659)
4(601 616 661 646)
4(615 660 661 616)
4(645 646 661 660)
4(602 617 662 647)
4(616 661 662 617)
4(646 647 662 661)
4(603 618 663 648)
4(617 662 663 618)
4(647 648 663 662)
4(604 619 664 649)
4(618 663 664 619)
4(648 649 664 663)
4(605 620 665 650)
4(619 664 665 620)
4(649 650 665 664)
4(606 621 666 651)
4(620 665 666 621)
4(650 651 666 665)
4(607 622 667 652)
4(621 666 667 622)
4(651 652 667 666)
4(608 623 668 653)
4(622 667 668 623)
4(652 653 668 667)
4(609 624 669 654)
4(623 668 669 624)
4(653 654 669 668)
4(610 625 670 655)
4(624 669 670 625)
4(654 655 670 669)
4(611 626 671 656)
4(625 670 671 626)
4(655 656 671 670)
4(612 627 672 657)
4(626 671 672 627)
4(656 657 672 671)
4(627 672 474 471)
4(657 473 474 672)
4(613 346 361 658)
4(47 658 361 32)
4(614 347 362 659)
4(658 659 362 361)
4(615 348 363 660)
4(659 660 363 362)
4(616 349 364 661)
4(660 661 364 363)
4(617 350 365 662)
4(661 662 365 364)
4(618 351 366 663)
4(662 663 366 365)
4(619 352 367 664)
4(663 664 367 366)
4(620 353 368 665)
4(664 665 368 367)
4(621 354 369 666)
4(665 666 369 368)
4(622 355 370 667)
4(666 667 370 369)
4(623 356 371 668)
4(667 668 371 370)
4(624 357 372 669)
4(668 669 372 371)
4(625 358 373 670)
4(669 670 373 372)
4(626 359 374 671)
4(670 671 374 373)
4(627 360 375 672)
4(671 672 375 374)
4(672 474 312 375)
4(167 628 673 182)
4(45 48 673 628)
4(8 182 673 48)
4(9 167 182 8)
4(166 629 674 181)
4(628 673 674 629)
4(182 181 674 673)
4(167 166 181 182)
4(165 630 675 180)
4(629 674 675 630)
4(181 180 675 674)
4(166 165 180 181)
4(164 631 676 179)
4(630 675 676 631)
4(180 179 676 675)
4(165 164 179 180)
4(163 632 677 178)
4(631 676 677 632)
4(179 178 677 676)
4(164 163 178 179)
4(162 633 678 177)
4(632 677 678 633)
4(178 177 678 677)
4(163 162 177 178)
4(161 634 679 176)
4(633 678 679 634)
4(177 176 679 678)
4(162 161 176 177)
4(160 635 680 175)
4(634 679 680 635)
4(176 175 680 679)
4(161 160 175 176)
4(159 636 681 174)
4(635 680 681 636)
4(175 174 681 680)
4(160 159 174 175)
4(158 637 682 173)
4(636 681 682 637)
4(174 173 682 681)
4(159 158 173 174)
4(157 638 683 172)
4(637 682 683 638)
4(173 172 683 682)
4(158 157 172 173)
4(156 639 684 171)
4(638 683 684 639)
4(172 171 684 683)
4(157 156 171 172)
4(155 640 685 170)
4(639 684 685 640)
4(171 170 685 684)
4(156 155 170 171)
4(154 641 686 169)
4(640 685 686 641)
4(170 169 686 685)
4(155 154 169 170)
4(153 642 687 168)
4(641 686 687 642)
4(169 168 687 686)
4(154 153 168 169)
4(642 687 475 472)
4(168 103 475 687)
4(628 643 688 673)
4(46 49 688 643)
4(48 673 688 49)
4(629 644 689 674)
4(643 688 689 644)
4(673 674 689 688)
4(630 645 690 675)
4(644 689 690 645)
4(674 675 690 689)
4(631 646 691 676)
4(645 690 691 646)
4(675 676 691 690)
4(632 647 692 677)
4(646 691 692 647)
4(676 677 692 691)
4(633 648 693 678)
4(647 692 693 648)
4(677 678 693 692)
4(634 649 694 679)
4(648 693 694 649)
4(678 679 694 693)
4(635 650 695 680)
4(649 694 695 650)
4(679 680 695 694)
4(636 651 696 681)
4(650 695 696 651)
4(680 681 696 695)
4(637 652 697 682)
4(651 696 697 652)
4(681 682 697 696)
4(638 653 698 683)
4(652 697 698 653)
4(682 683 698 697)
4(639 654 699 684)
4(653 698 699 654)
4(683 684 699 698)
4(640 655 700 685)
4(654 699 700 655)
4(684 685 700 699)
4(641 656 701 686)
4(655 700 701 656)
4(685 686 701 700)
4(642 657 702 687)
4(656 701 702 657)
4(686 687 702 701)
4(657 702 476 473)
4(687 475 476 702)
4(643 658 703 688)
4(47 50 703 658)
4(49 688 703 50)
4(644 659 704 689)
4(658 703 704 659)
4(688 689 704 703)
4(645 660 705 690)
4(659 704 705 660)
4(689 690 705 704)
4(646 661 706 691)
4(660 705 706 661)
4(690 691 706 705)
4(647 662 707 692)
4(661 706 707 662)
4(691 692 707 706)
4(648 663 708 693)
4(662 707 708 663)
4(692 693 708 707)
4(649 664 709 694)
4(663 708 709 664)
4(693 694 709 708)
4(650 665 710 695)
4(664 709 710 665)
4(694 695 710 709)
4(651 666 711 696)
4(665 710 711 666)
4(695 696 711 710)
4(652 667 712 697)
4(666 711 712 667)
4(696 697 712 711)
4(653 668 713 698)
4(667 712 713 668)
4(697 698 713 712)
4(654 669 714 699)
4(668 713 714 669)
4(698 699 714 713)
4(655 670 715 700)
4(669 714 715 670)
4(699 700 715 714)
4(656 671 716 701)
4(670 715 716 671)
4(700 701 716 715)
4(657 672 717 702)
4(671 716 717 672)
4(701 702 717 716)
4(672 717 477 474)
4(702 476 477 717)
4(658 361 376 703)
4(50 703 376 31)
4(659 362 377 704)
4(703 704 377 376)
4(660 363 378 705)
4(704 705 378 377)
4(661 364 379 706)
4(705 706 379 378)
4(662 365 380 707)
4(706 707 380 379)
4(663 366 381 708)
4(707 708 381 380)
4(664 367 382 709)
4(708 709 382 381)
4(665 368 383 710)
4(709 710 383 382)
4(666 369 384 711)
4(710 711 384 383)
4(667 370 385 712)
4(711 712 385 384)
4(668 371 386 713)
4(712 713 386 385)
4(669 372 387 714)
4(713 714 387 386)
4(670 373 388 715)
4(714 715 388 387)
4(671 374 389 716)
4(715 716 389 388)
4(672 375 390 717)
4(716 717 390 389)
4(717 477 311 390)
4(182 673 718 197)
4(48 51 718 673)
4(7 197 718 51)
4(8 182 197 7)
4(181 674 719 196)
4(673 718 719 674)
4(197 196 719 718)
4(182 181 196 197)
4(180 675 720 195)
4(674 719 720 675)
4(196 195 720 719)
4(181 180 195 196)
4(179 676 721 194)
4(675 720 721 676)
4(195 194 721 720)
4(180 179 194 195)
4(178 677 722 193)
4(676 721 722 677)
4(194 193 722 721)
4(179 178 193 194)
4(177 678 723 192)
4(677 722 723 678)
4(193 192 723 722)
4(178 177 192 193)
4(176 679 724 191)
4(678 723 724 679)
4(192 191 724 723)
4(177 176 191 192)
4(175 680 725 190)
4(679 724 725 680)
4(191 190 725 724)
4(176 175 190 191)
4(174 681 726 189)
4(680 725 726 681)
4(190 189 726 725)
4(175 174 189 190)
4(173 682 727 188)
4(681 726 727 682)
4(189 188 727 726)
4(174 173 188 189)
4(172 683 728 187)
4(682 727 728 683)
4(188 187 728 727)
4(173 172 187 188)
4(171 684 729 186)
4(683 728 729 684)
4(187 186 729 728)
4(172 171 186 187)
4(170 685 730 185)
4(684 729 730 685)
4(186 185 730 729)
4(171 170 185 186)
4(169 686 731 184)
4(685 730 731 686)
4(185 184 731 730)
4(170 169 184 185)
4(168 687 732 183)
4(686 731 732 687)
4(184 183 732 731)
4(169 168 183 184)
4(687 732 478 475)
4(183 102 478 732)
4(673 688 733 718)
4(49 52 733 688)
4(51 718 733 52)
4(674 689 734 719)
4(688 733 734 689)
4(718 719 734 733)
4(675 690 735 720)
4(689 734 735 690)
4(719 720 735 734)
4(676 691 736 721)
4(690 735 736 691)
4(720 721 736 735)
4(677 692 737 722)
4(691 736 737 692)
4(721 722 737 736)
4(678 693 738 723)
4(692 737 738 693)
4(722 723 738 737)
4(679 694 739 724)
4(693 738 739 694)
4(723 724 739 738)
4(680 695 740 725)
4(694 739 740 695)
4(724 725 740 739)
4(681 696 741 726)
4(695 740 741 696)
4(725 726 741 740)
4(682 697 742 727)
4(696 741 742 697)
4(726 727 742 741)
4(683 698 743 728)
4(697 742 743 698)
4(727 728 743 742)
4(684 699 744 729)
4(698 743 744 699)
4(728 729 744 743)
4(685 700 745 730)
4(699 744 745 700)
4(729 730 745 744)
4(686 701 746 731)
4(700 745 746 701)
4(730 731 746 745)
4(687 702 747 732)
4(701 746 747 702)
4(731 732 747 746)
4(702 747 479 476)
4(732 478 479 747)
4(688 703 748 733)
4(50 53 748 703)
4(52 733 748 53)
4(689 704 749 734)
4(703 748 749 704)
4(733 734 749 748)
4(690 705 750 735)
4(704 749 750 705)
4(734 735 750 749)
4(691 706 751 736)
4(705 750 751 706)
4(735 736 751 750)
4(692 707 752 737)
4(706 751 752 707)
4(736 737 752 751)
4(693 708 753 738)
4(707 752 753 708)
4(737 738 753 752)
4(694 709 754 739)
4(708 753 754 709)
4(738 739 754 753)
4(695 710 755 740)
4(709 754 755 710)
4(739 740 755 754)
4(696 711 756 741)
4(710 755 756 711)
4(740 741 756 755)
4(697 712 757 742)
4(711 756 757 712)
4(741 742 757 756)
4(698 713 758 743)
4(712 757 758 713)
4(742 743 758 757)
4(699 714 759 744)
4(713 758 759 714)
4(743 744 759 758)
4(700 715 760 745)
4(714 759 760 715)
4(744 745 760 759)
4(701 716 761 746)
4(715 760 761 716)
4(745 746 761 760)
4(702 717 762 747)
4(716 761 762 717)
4(746 747 762 761)
4(717 762 480 477)
4(747 479 480 762)
4(703 376 391 748)
4(53 748 391 30)
4(704 377 392 749)
4(748 749 392 391)
4(705 378 393 750)
4(749 750 393 392)
4(706 379 394 751)
4(750 751 394 393)
4(707 380 395 752)
4(751 752 395 394)
4(708 381 396 753)
4(752 753 396 395)
4(709 382 397 754)
4(753 754 397 396)
4(710 383 398 755)
4(754 755 398 397)
4(711 384 399 756)
4(755 756 399 398)
4(712 385 400 757)
4(756 757 400 399)
4(713 386 401 758)
4(757 758 401 400)
4(714 387 402 759)
4(758 759 402 401)
4(715 388 403 760)
4(759 760 403 402)
4(716 389 404 761)
4(760 761 404 403)
4(717 390 405 762)
4(761 762 405 404)
4(762 480 310 405)
4(197 718 763 212)
4(51 54 763 718)
4(6 212 763 54)
4(7 197 212 6)
4(196 719 764 211)
4(718 763 764 719)
4(212 211 764 763)
4(197 196 211 212)
4(195 720 765 210)
4(719 764 765 720)
4(211 210 765 764)
4(196 195 210 211)
4(194 721 766 209)
4(720 765 766 721)
4(210 209 766 765)
4(195 194 209 210)
4(193 722 767 208)
4(721 766 767 722)
4(209 208 767 766)
4(194 193 208 209)
4(192 723 768 207)
4(722 767 768 723)
4(208 207 768 767)
4(193 192 207 208)
4(191 724 769 206)
4(723 768 769 724)
4(207 206 769 768)
4(192 191 206 207)
4(190 725 770 205)
4(724 769 770 725)
4(206 205 770 769)
4(191 190 205 206)
4(189 726 771 204)
4(725 770 771 726)
4(205 204 771 770)
4(190 189 204 205)
4(188 727 772 203)
4(726 771 772 727)
4(204 203 772 771)
4(189 188 203 204)
4(187 728 773 202)
4(727 772 773 728)
4(203 202 773 772)
4(188 187 202 203)
4(186 729 774 201)
4(728 773 774 729)
4(202 201 774 773)
4(187 186 201 202)
4(185 730 775 200)
4(729 774 775 730)
4(201 200 775 774)
4(186 185 200 201)
4(184 731 776 199)
4(730 775 776 731)
4(200 199 776 775)
4(185 184 199 200)
4(183 732 777 198)
4(731 776 777 732)
4(199 198 777 776)
4(184 183 198 199)
4(732 777 481 478)
4(198 101 481 777)
4(718 733 778 763)
4(52 55 778 733)
4(54 763 778 55)
4(719 734 779 764)
4(733 778 779 734)
4(763 764 779 778)
4(720 735 780 765)
4(734 779 780 735)
4(764 765 780 779)
4(721 736 781 766)
4(735 780 781 736)
4(765 766 781 780)
4(722 737 782 767)
4(736 781 782 737)
4(766 767 782 781)
4(723 738 783 768)
4(737 782 783 738)
4(767 768 783 782)
4(724 739 784 769)
4(738 783 784 739)
4(768 769 784 783)
4(725 740 785 770)
4(739 784 785 740)
4(769 770 785 784)
4(726 741 786 771)
4(740 785 786 741)
4(770 771 786 785)
4(727 742 787 772)
4(741 786 787 742)
4(771 772 787 786)
4(728 743 788 773)
4(742 787 788 743)
4(772 773 788 787)
4(729 744 789 774)
4(743 788 789 744)
4(773 774 789 788)
4(730 745 790 775)
4(744 789 790 745)
4(774 775 790 789)
4(731 746 791 776)
4(745 790 791 746)
4(775 776 791 790)
4(732 747 792 777)
4(746 791 792 747)
4(776 777 792 791)
4(747 792 482 479)
4(777 481 482 792)
4(733 748 793 778)
4(53 56 793 748)
4(55 778 793 56)
4(734 749 794 779)
4(748 793 794 749)
4(778 779 794 793)
4(735 750 795 780)
4(749 794 795 750)
4(779 780 795 794)
4(736 751 796 781)
4(750 795 796 751)
4(780 781 796 795)
4(737 752 797 782)
4(751 796 797 752)
4(781 782 797 796)
4(738 753 798 783)
4(752 797 798 753)
4(782 783 798 797)
4(739 754 799 784)
4(753 798 799 754)
4(783 784 799 798)
4(740 755 800 785)
4(754 799 800 755)
4(784 785 800 799)
4(741 756 801 786)
4(755 800 801 756)
4(785 786 801 800)
4(742 757 802 787)
4(756 801 802 757)
4(786 787 802 801)
4(743 758 803 788)
4(757 802 803 758)
4(787 788 803 802)
4(744 759 804 789)
4(758 803 804 759)
4(788 789 804 803)
4(745 760 805 790)
4(759 804 805 760)
4(789 790 805 804)
4(746 761 806 791)
4(760 805 806 761)
4(790 791 806 805)
4(747 762 807 792)
4(761 806 807 762)
4(791 792 807 806)
4(762 807 483 480)
4(792 482 483 807)
4(748 391 406 793)
4(56 793 406 29)
4(749 392 407 794)
4(793 794 407 406)
4(750 393 408 795)
4(794 795 408 407)
4(751 394 409 796)
4(795 796 409 408)
4(752 395 410 797)
4(796 797 410 409)
4(753 396 411 798)
4(797 798 411 410)
4(754 397 412 799)
4(798 799 412 411)
4(755 398 413 800)
4(799 800 413 412)
4(756 399 414 801)
4(800 801 414 413)
4(757 400 415 802)
4(801 802 415 414)
4(758 401 416 803)
4(802 803 416 415)
4(759 402 417 804)
4(803 804 417 416)
4(760 403 418 805)
4(804 805 418 417)
4(761 404 419 806)
4(805 806 419 418)
4(762 405 420 807)
4(806 807 420 419)
4(807 483 309 420)
4(212 763 808 227)
4(54 57 808 763)
4(5 227 808 57)
4(6 212 227 5)
4(211 764 809 226)
4(763 808 809 764)
4(227 226 809 808)
4(212 211 226 227)
4(210 765 810 225)
4(764 809 810 765)
4(226 225 810 809)
4(211 210 225 226)
4(209 766 811 224)
4(765 810 811 766)
4(225 224 811 810)
4(210 209 224 225)
4(208 767 812 223)
4(766 811 812 767)
4(224 223 812 811)
4(209 208 223 224)
4(207 768 813 222)
4(767 812 813 768)
4(223 222 813 812)
4(208 207 222 223)
4(206 769 814 221)
4(768 813 814 769)
4(222 221 814 813)
4(207 206 221 222)
4(205 770 815 220)
4(769 814 815 770)
4(221 220 815 814)
4(206 205 220 221)
4(204 771 816 219)
4(770 815 816 771)
4(220 219 816 815)
4(205 204 219 220)
4(203 772 817 218)
4(771 816 817 772)
4(219 218 817 816)
4(204 203 218 219)
4(202 773 818 217)
4(772 817 818 773)
4(218 217 818 817)
4(203 202 217 218)
4(201 774 819 216)
4(773 818 819 774)
4(217 216 819 818)
4(202 201 216 217)
4(200 775 820 215)
4(774 819 820 775)
4(216 215 820 819)
4(201 200 215 216)
4(199 776 821 214)
4(775 820 821 776)
4(215 214 821 820)
4(200 199 214 215)
4(198 777 822 213)
4(776 821 822 777)
4(214 213 822 821)
4(199 198 213 214)
4(777 822 484 481)
4(213 100 484 822)
4(763 778 823 808)
4(55 58 823 778)
4(57 808 823 58)
4(764 779 824 809)
4(778 823 824 779)
4(808 809 824 823)
4(765 780 825 810)
4(779 824 825 780)
4(809 810 825 824)
4(766 781 826 811)
4(780 825 826 781)
4(810 811 826 825)
4(767 782 827 812)
4(781 826 827 782)
4(811 812 827 826)
4(768 783 828 813)
4(782 827 828 783)
4(812 813 828 827)
4(769 784 829 814)
4(783 828 829 784)
4(813 814 829 828)
4(770 785 830 815)
4(784 829 830 785)
4(814 815 830 829)
4(771 786 831 816)
4(785 830 831 786)
4(815 816 831 830)
4(772 787 832 817)
4(786 831 832 787)
4(816 817 832 831)
4(773 788 833 818)
4(787 832 833 788)
4(817 818 833 832)
4(774 789 834 819)
4(788 833 834 789)
4(818 819 834 833)
4(775 790 835 820)
4(789 834 835 790)
4(819 820 835 834)
4(776 791 836 821)
4(790 835 836 791)
4(820 821 836 835)
4(777 792 837 822)
4(791 836 837 792)
4(821 822 837 836)
4(792 837 485 482)
4(822 484 485 837)
4(778 793 838 823)
4(56 59 838 793)
4(58 823 838 59)
4(779 794 839 824)
4(793 838 839 794)
4(823 824 839 838)
4(780 795 840 825)
4(794 839 840 795)
4(824 825 840 839)
4(781 796 841 826)
4(795 840 841 796)
4(825 826 841 840)
4(782 797 842 827)
4(796 841 842 797)
4(826 827 842 841)
4(783 798 843 828)
4(797 842 843 798)
4(827 828 843 842)
4(784 799 844 829)
4(798 843 844 799)
4(828 829 844 843)
4(785 800 845 830)
4(799 844 845 800)
4(829 830 845 844)
4(786 801 846 831)
4(800 845 846 801)
4(830 831 846 845)
4(787 802 847 832)
4(801 846 847 802)
4(831 832 847 846)
4(788 803 848 833)
4(802 847 848 803)
4(832 833 848 847)
4(789 804 849 834)
4(803 848 849 804)
4(833 834 849 848)
4(790 805 850 835)
4(804 849 850 805)
4(834 835 850 849)
4(791 806 851 836)
4(805 850 851 806)
4(835 836 851 850)
4(792 807 852 837)
4(806 851 852 807)
4(836 837 852 851)
4(807 852 486 483)
4(837 485 486 852)
4(793 406 421 838)
4(59 838 421 28)
4(794 407 422 839)
4(838 839 422 421)
4(795 408 423 840)
4(839 840 423 422)
4(796 409 424 841)
4(840 841 424 423)
4(797 410 425 842)
4(841 842 425 424)
4(798 411 426 843)
4(842 843 426 425)
4(799 412 427 844)
4(843 844 427 426)
4(800 413 428 845)
4(844 845 428 427)
4(801 414 429 846)
4(845 846 429 428)
4(802 415 430 847)
4(846 847 430 429)
4(803 416 431 848)
4(847 848 431 430)
4(804 417 432 849)
4(848 849 432 431)
4(805 418 433 850)
4(849 850 433 432)
4(806 419 434 851)
4(850 851 434 433)
4(807 420 435 852)
4(851 852 435 434)
4(852 486 308 435)
4(227 808 853 242)
4(57 60 853 808)
4(4 242 853 60)
4(5 227 242 4)
4(226 809 854 241)
4(808 853 854 809)
4(242 241 854 853)
4(227 226 241 242)
4(225 810 855 240)
4(809 854 855 810)
4(241 240 855 854)
4(226 225 240 241)
4(224 811 856 239)
4(810 855 856 811)
4(240 239 856 855)
4(225 224 239 240)
4(223 812 857 238)
4(811 856 857 812)
4(239 238 857 856)
4(224 223 238 239)
4(222 813 858 237)
4(812 857 858 813)
4(238 237 858 857)
4(223 222 237 238)
4(221 814 859 236)
4(813 858 859 814)
4(237 236 859 858)
4(222 221 236 237)
4(220 815 860 235)
4(814 859 860 815)
4(236 235 860 859)
4(221 220 235 236)
4(219 816 861 234)
4(815 860 861 816)
4(235 234 861 860)
4(220 219 234 235)
4(218 817 862 233)
4(816 861 862 817)
4(234 233 862 861)
4(219 218 233 234)
4(217 818 863 232)
4(817 862 863 818)
4(233 232 863 862)
4(218 217 232 233)
4(216 819 864 231)
4(818 863 864 819)
4(232 231 864 863)
4(217 216 231 232)
4(215 820 865 230)
4(819 864 865 820)
4(231 230 865 864)
4(216 215 230 231)
4(214 821 866 229)
4(820 865 866 821)
4(230 229 866 865)
4(215 214 229 230)
4(213 822 867 228)
4(821 866 867 822)
4(229 228 867 866)
4(214 213 228 229)
4(822 867 487 484)
4(228 99 487 867)
4(808 823 868 853)
4(58 61 868 823)
4(60 853 868 61)
4(809 824 869 854)
4(823 868 869 824)
4(853 854 869 868)
4(810 825 870 855)
4(824 869 870 825)
4(854 855 870 869)
4(811 826 871 856)
4(825 870 871 826)
4(855 856 871 870)
4(812 827 872 857)
4(826 871 872 827)
4(856 857 872 871)
4(813 828 873 858)
4(827 872 873 828)
4(857 858 873 872)
4(814 829 874 859)
4(828 873 874 829)
4(858 859 874 873)
4(815 830 875 860)
4(829 874 875 830)
4(859 860 875 874)
4(816 831 876 861)
4(830 875 876 831)
4(860 861 876 875)
4(817 832 877 862)
4(831 876 877 832)
4(861 862 877 876)
4(818 833 878 863)
4(832 877 878 833)
4(862 863 878 877)
4(819 834 879 864)
4(833 878 879 834)
4(863 864 879 878)
4(820 835 880 865)
4(834 879 880 835)
4(864 865 880 879)
4(821 836 881 866)
4(835 880 881 836)
4(865 866 881 880)
4(822 837 882 867)
4(836 881 882 837)
4(866 867 882 881)
4(837 882 488 485)
4(867 487 488 882)
4(823 838 883 868)
4(59 62 883 838)
4(61 868 883 62)
4(824 839 884 869)
4(838 883 884 839)
4(868 869 884 883)
4(825 840 885 870)
4(839 884 885 840)
4(869 870 885 884)
4(826 841 886 871)
4(840 885 886 841)
4(870 871 886 885)
4(827 842 887 872)
4(841 886 887 842)
4(871 872 887 886)
4(828 843 888 873)
4(842 887 888 843)
4(872 873 888 887)
4(829 844 889 874)
4(843 888 889 844)
4(873 874 889 888)
4(830 845 890 875)
4(844 889 890 845)
4(874 875 890 889)
4(831 846 891 876)
4(845 890 891 846)
4(875 876 891 890)
4(832 847 892 877)
4(846 891 892 847)
4(876 877 892 891)
4(833 848 893 878)
4(847 892 893 848)
4(877 878 893 892)
4(834 849 894 879)
4(848 893 894 849)
4(878 879 894 893)
4(835 850 895 880)
4(849 894 895 850)
4(879 880 895 894)
4(836 851 896 881)
4(850 895 896 851)
4(880 881 896 895)
4(837 852 897 882)
4(851 896 897 852)
4(881 882 897 896)
4(852 897 489 486)
4(882 488 489 897)
4(838 421 436 883)
4(62 883 436 27)
4(839 422 437 884)
4(883 884 437 436)
4(840 423 438 885)
4(884 885 438 437)
4(841 424 439 886)
4(885 886 439 438)
4(842 425 440 887)
4(886 887 440 439)
4(843 426 441 888)
4(887 888 441 440)
4(844 427 442 889)
4(845 428 443 890)
4(846 429 444 891)
4(847 430 445 892)
4(848 431 446 893)
4(892 893 446 445)
4(849 432 447 894)
4(893 894 447 446)
4(850 433 448 895)
4(894 895 448 447)
4(851 434 449 896)
4(895 896 449 448)
4(852 435 450 897)
4(896 897 450 449)
4(897 489 307 450)
4(242 853 898 257)
4(60 63 898 853)
4(4 242 257 3)
4(241 854 899 256)
4(853 898 899 854)
4(242 241 256 257)
4(240 855 900 255)
4(854 899 900 855)
4(241 240 255 256)
4(239 856 901 254)
4(855 900 901 856)
4(240 239 254 255)
4(238 857 902 253)
4(856 901 902 857)
4(239 238 253 254)
4(237 858 903 252)
4(857 902 903 858)
4(238 237 252 253)
4(236 859 904 251)
4(858 903 904 859)
4(237 236 251 252)
4(235 860 905 250)
4(859 904 905 860)
4(236 235 250 251)
4(234 861 906 249)
4(860 905 906 861)
4(235 234 249 250)
4(233 862 907 248)
4(861 906 907 862)
4(234 233 248 249)
4(232 863 908 247)
4(862 907 908 863)
4(233 232 247 248)
4(231 864 909 246)
4(863 908 909 864)
4(232 231 246 247)
4(230 865 910 245)
4(864 909 910 865)
4(231 230 245 246)
4(229 866 911 244)
4(865 910 911 866)
4(230 229 244 245)
4(228 867 912 243)
4(866 911 912 867)
4(229 228 243 244)
4(867 912 490 487)
4(853 868 913 898)
4(61 64 913 868)
4(854 869 914 899)
4(868 913 914 869)
4(855 870 915 900)
4(869 914 915 870)
4(856 871 916 901)
4(870 915 916 871)
4(857 872 917 902)
4(871 916 917 872)
4(858 873 918 903)
4(872 917 918 873)
4(859 874 919 904)
4(873 918 919 874)
4(860 875 920 905)
4(874 919 920 875)
4(861 876 921 906)
4(875 920 921 876)
4(862 877 922 907)
4(876 921 922 877)
4(863 878 923 908)
4(877 922 923 878)
4(864 879 924 909)
4(878 923 924 879)
4(865 880 925 910)
4(879 924 925 880)
4(866 881 926 911)
4(880 925 926 881)
4(867 882 927 912)
4(881 926 927 882)
4(882 927 491 488)
4(868 883 928 913)
4(62 65 928 883)
4(869 884 929 914)
4(883 928 929 884)
4(870 885 930 915)
4(884 929 930 885)
4(871 886 931 916)
4(885 930 931 886)
4(872 887 932 917)
4(886 931 932 887)
4(873 888 933 918)
4(887 932 933 888)
4(874 889 934 919)
4(875 890 935 920)
4(876 891 936 921)
4(877 892 937 922)
4(878 893 938 923)
4(892 937 938 893)
4(879 894 939 924)
4(893 938 939 894)
4(880 895 940 925)
4(894 939 940 895)
4(881 896 941 926)
4(895 940 941 896)
4(882 897 942 927)
4(896 941 942 897)
4(897 942 492 489)
4(883 436 451 928)
4(884 437 452 929)
4(885 438 453 930)
4(886 439 454 931)
4(887 440 455 932)
4(893 446 458 938)
4(894 447 459 939)
4(895 448 460 940)
4(896 449 461 941)
4(897 450 462 942)
4(972 980 1018 1017)
4(1014 1017 1018 1015)
4(972 1017 1022 973)
4(965 973 1022 1021)
4(1016 1021 1022 1017)
4(980 1018 1023 981)
4(973 981 1023 1022)
4(1017 1022 1023 1018)
4(981 988 1024 1023)
4(1018 1023 1024 1019)
4(965 1021 1028 966)
4(959 966 1028 1027)
4(1020 1027 1028 1021)
4(973 1022 1029 974)
4(966 974 1029 1028)
4(1021 1028 1029 1022)
4(981 1023 1030 982)
4(974 982 1030 1029)
4(1022 1029 1030 1023)
4(988 1024 1031 989)
4(982 989 1031 1030)
4(1023 1030 1031 1024)
4(989 995 1032 1031)
4(1024 1031 1032 1025)
4(959 1027 1036 960)
4(954 960 1036 1035)
4(1026 1035 1036 1027)
4(966 1028 1037 967)
4(960 967 1037 1036)
4(1027 1036 1037 1028)
4(974 1029 1038 975)
4(967 975 1038 1037)
4(1028 1037 1038 1029)
4(982 1030 1039 983)
4(975 983 1039 1038)
4(1029 1038 1039 1030)
4(989 1031 1040 990)
4(983 990 1040 1039)
4(1030 1039 1040 1031)
4(995 1032 1041 996)
4(990 996 1041 1040)
4(1031 1040 1041 1032)
4(996 1001 1042 1041)
4(1032 1041 1042 1033)
4(954 1035 1046 955)
4(950 955 1046 1045)
4(1034 1045 1046 1035)
4(960 1036 1047 961)
4(955 961 1047 1046)
4(1035 1046 1047 1036)
4(967 1037 1048 968)
4(961 968 1048 1047)
4(1036 1047 1048 1037)
4(975 1038 1049 976)
4(968 976 1049 1048)
4(1037 1048 1049 1038)
4(983 1039 1050 984)
4(976 984 1050 1049)
4(1038 1049 1050 1039)
4(990 1040 1051 991)
4(984 991 1051 1050)
4(1039 1050 1051 1040)
4(996 1041 1052 997)
4(991 997 1052 1051)
4(1040 1051 1052 1041)
4(1001 1042 1053 1002)
4(997 1002 1053 1052)
4(1041 1052 1053 1042)
4(1002 1006 1054 1053)
4(1042 1053 1054 1043)
4(950 1045 1058 951)
4(947 951 1058 1057)
4(1044 1057 1058 1045)
4(955 1046 1059 956)
4(951 956 1059 1058)
4(1045 1058 1059 1046)
4(961 1047 1060 962)
4(956 962 1060 1059)
4(1046 1059 1060 1047)
4(968 1048 1061 969)
4(962 969 1061 1060)
4(1047 1060 1061 1048)
4(976 1049 1062 977)
4(969 977 1062 1061)
4(1048 1061 1062 1049)
4(984 1050 1063 985)
4(977 985 1063 1062)
4(1049 1062 1063 1050)
4(991 1051 1064 992)
4(985 992 1064 1063)
4(1050 1063 1064 1051)
4(997 1052 1065 998)
4(992 998 1065 1064)
4(1051 1064 1065 1052)
4(1002 1053 1066 1003)
4(998 1003 1066 1065)
4(1052 1065 1066 1053)
4(1006 1054 1067 1007)
4(1003 1007 1067 1066)
4(1053 1066 1067 1054)
4(1007 1010 1068 1067)
4(1054 1067 1068 1055)
4(947 1057 1072 948)
4(945 948 1072 1071)
4(1056 1071 1072 1057)
4(951 1058 1073 952)
4(948 952 1073 1072)
4(1057 1072 1073 1058)
4(956 1059 1074 957)
4(952 957 1074 1073)
4(1058 1073 1074 1059)
4(962 1060 1075 963)
4(957 963 1075 1074)
4(1059 1074 1075 1060)
4(969 1061 1076 970)
4(963 970 1076 1075)
4(1060 1075 1076 1061)
4(977 1062 1077 978)
4(970 978 1077 1076)
4(1061 1076 1077 1062)
4(985 1063 1078 986)
4(978 986 1078 1077)
4(1062 1077 1078 1063)
4(992 1064 1079 993)
4(986 993 1079 1078)
4(1063 1078 1079 1064)
4(998 1065 1080 999)
4(993 999 1080 1079)
4(1064 1079 1080 1065)
4(1003 1066 1081 1004)
4(999 1004 1081 1080)
4(1065 1080 1081 1066)
4(1007 1067 1082 1008)
4(1004 1008 1082 1081)
4(1066 1081 1082 1067)
4(1010 1068 1083 1011)
4(1008 1011 1083 1082)
4(1067 1082 1083 1068)
4(1011 1013 1084 1083)
4(1068 1083 1084 1069)
4(945 1071 109 96)
4(1070 108 109 1071)
4(948 1072 110 95)
4(1071 109 110 1072)
4(952 1073 111 94)
4(1072 110 111 1073)
4(957 1074 112 93)
4(1073 111 112 1074)
4(963 1075 113 92)
4(1074 112 113 1075)
4(970 1076 114 91)
4(1075 113 114 1076)
4(978 1077 115 90)
4(1076 114 115 1077)
4(986 1078 116 89)
4(1077 115 116 1078)
4(993 1079 117 88)
4(1078 116 117 1079)
4(999 1080 118 87)
4(1079 117 118 1080)
4(1004 1081 119 86)
4(1080 118 119 1081)
4(1008 1082 120 85)
4(1081 119 120 1082)
4(1011 1083 121 84)
4(1082 120 121 1083)
4(1013 1084 122 83)
4(1083 121 122 1084)
4(1084 122 12 13)
4(1017 1018 1089 1088)
4(1085 1088 1089 1086)
4(1017 1088 1093 1022)
4(1021 1022 1093 1092)
4(1087 1092 1093 1088)
4(1018 1089 1094 1023)
4(1022 1023 1094 1093)
4(1088 1093 1094 1089)
4(1023 1024 1095 1094)
4(1089 1094 1095 1090)
4(1021 1092 1099 1028)
4(1027 1028 1099 1098)
4(1091 1098 1099 1092)
4(1022 1093 1100 1029)
4(1028 1029 1100 1099)
4(1092 1099 1100 1093)
4(1023 1094 1101 1030)
4(1029 1030 1101 1100)
4(1093 1100 1101 1094)
4(1024 1095 1102 1031)
4(1030 1031 1102 1101)
4(1094 1101 1102 1095)
4(1031 1032 1103 1102)
4(1095 1102 1103 1096)
4(1027 1098 1107 1036)
4(1035 1036 1107 1106)
4(1097 1106 1107 1098)
4(1028 1099 1108 1037)
4(1036 1037 1108 1107)
4(1098 1107 1108 1099)
4(1029 1100 1109 1038)
4(1037 1038 1109 1108)
4(1099 1108 1109 1100)
4(1030 1101 1110 1039)
4(1038 1039 1110 1109)
4(1100 1109 1110 1101)
4(1031 1102 1111 1040)
4(1039 1040 1111 1110)
4(1101 1110 1111 1102)
4(1032 1103 1112 1041)
4(1040 1041 1112 1111)
4(1102 1111 1112 1103)
4(1041 1042 1113 1112)
4(1103 1112 1113 1104)
4(1035 1106 1117 1046)
4(1045 1046 1117 1116)
4(1105 1116 1117 1106)
4(1036 1107 1118 1047)
4(1046 1047 1118 1117)
4(1106 1117 1118 1107)
4(1037 1108 1119 1048)
4(1047 1048 1119 1118)
4(1107 1118 1119 1108)
4(1038 1109 1120 1049)
4(1048 1049 1120 1119)
4(1108 1119 1120 1109)
4(1039 1110 1121 1050)
4(1049 1050 1121 1120)
4(1109 1120 1121 1110)
4(1040 1111 1122 1051)
4(1050 1051 1122 1121)
4(1110 1121 1122 1111)
4(1041 1112 1123 1052)
4(1051 1052 1123 1122)
4(1111 1122 1123 1112)
4(1042 1113 1124 1053)
4(1052 1053 1124 1123)
4(1112 1123 1124 1113)
4(1053 1054 1125 1124)
4(1113 1124 1125 1114)
4(1045 1116 1129 1058)
4(1057 1058 1129 1128)
4(1115 1128 1129 1116)
4(1046 1117 1130 1059)
4(1058 1059 1130 1129)
4(1116 1129 1130 1117)
4(1047 1118 1131 1060)
4(1059 1060 1131 1130)
4(1117 1130 1131 1118)
4(1048 1119 1132 1061)
4(1060 1061 1132 1131)
4(1118 1131 1132 1119)
4(1049 1120 1133 1062)
4(1061 1062 1133 1132)
4(1119 1132 1133 1120)
4(1050 1121 1134 1063)
4(1062 1063 1134 1133)
4(1120 1133 1134 1121)
4(1051 1122 1135 1064)
4(1063 1064 1135 1134)
4(1121 1134 1135 1122)
4(1052 1123 1136 1065)
4(1064 1065 1136 1135)
4(1122 1135 1136 1123)
4(1053 1124 1137 1066)
4(1065 1066 1137 1136)
4(1123 1136 1137 1124)
4(1054 1125 1138 1067)
4(1066 1067 1138 1137)
4(1124 1137 1138 1125)
4(1067 1068 1139 1138)
4(1125 1138 1139 1126)
4(1057 1128 1143 1072)
4(1071 1072 1143 1142)
4(1127 1142 1143 1128)
4(1058 1129 1144 1073)
4(1072 1073 1144 1143)
4(1128 1143 1144 1129)
4(1059 1130 1145 1074)
4(1073 1074 1145 1144)
4(1129 1144 1145 1130)
4(1060 1131 1146 1075)
4(1074 1075 1146 1145)
4(1130 1145 1146 1131)
4(1061 1132 1147 1076)
4(1075 1076 1147 1146)
4(1131 1146 1147 1132)
4(1062 1133 1148 1077)
4(1076 1077 1148 1147)
4(1132 1147 1148 1133)
4(1063 1134 1149 1078)
4(1077 1078 1149 1148)
4(1133 1148 1149 1134)
4(1064 1135 1150 1079)
4(1078 1079 1150 1149)
4(1134 1149 1150 1135)
4(1065 1136 1151 1080)
4(1079 1080 1151 1150)
4(1135 1150 1151 1136)
4(1066 1137 1152 1081)
4(1080 1081 1152 1151)
4(1136 1151 1152 1137)
4(1067 1138 1153 1082)
4(1081 1082 1153 1152)
4(1137 1152 1153 1138)
4(1068 1139 1154 1083)
4(1082 1083 1154 1153)
4(1138 1153 1154 1139)
4(1083 1084 1155 1154)
4(1139 1154 1155 1140)
4(1071 1142 124 109)
4(1141 123 124 1142)
4(1072 1143 125 110)
4(1142 124 125 1143)
4(1073 1144 126 111)
4(1143 125 126 1144)
4(1074 1145 127 112)
4(1144 126 127 1145)
4(1075 1146 128 113)
4(1145 127 128 1146)
4(1076 1147 129 114)
4(1146 128 129 1147)
4(1077 1148 130 115)
4(1147 129 130 1148)
4(1078 1149 131 116)
4(1148 130 131 1149)
4(1079 1150 132 117)
4(1149 131 132 1150)
4(1080 1151 133 118)
4(1150 132 133 1151)
4(1081 1152 134 119)
4(1151 133 134 1152)
4(1082 1153 135 120)
4(1152 134 135 1153)
4(1083 1154 136 121)
4(1153 135 136 1154)
4(1084 1155 137 122)
4(1154 136 137 1155)
4(1155 137 11 14)
4(1088 1089 1160 1159)
4(1156 1159 1160 1157)
4(1088 1159 1164 1093)
4(1092 1093 1164 1163)
4(1158 1163 1164 1159)
4(1089 1160 1165 1094)
4(1093 1094 1165 1164)
4(1159 1164 1165 1160)
4(1094 1095 1166 1165)
4(1160 1165 1166 1161)
4(1092 1163 1170 1099)
4(1098 1099 1170 1169)
4(1162 1169 1170 1163)
4(1093 1164 1171 1100)
4(1099 1100 1171 1170)
4(1163 1170 1171 1164)
4(1094 1165 1172 1101)
4(1100 1101 1172 1171)
4(1164 1171 1172 1165)
4(1095 1166 1173 1102)
4(1101 1102 1173 1172)
4(1165 1172 1173 1166)
4(1102 1103 1174 1173)
4(1166 1173 1174 1167)
4(1098 1169 1178 1107)
4(1106 1107 1178 1177)
4(1168 1177 1178 1169)
4(1099 1170 1179 1108)
4(1107 1108 1179 1178)
4(1169 1178 1179 1170)
4(1100 1171 1180 1109)
4(1108 1109 1180 1179)
4(1170 1179 1180 1171)
4(1101 1172 1181 1110)
4(1109 1110 1181 1180)
4(1171 1180 1181 1172)
4(1102 1173 1182 1111)
4(1110 1111 1182 1181)
4(1172 1181 1182 1173)
4(1103 1174 1183 1112)
4(1111 1112 1183 1182)
4(1173 1182 1183 1174)
4(1112 1113 1184 1183)
4(1174 1183 1184 1175)
4(1106 1177 1188 1117)
4(1116 1117 1188 1187)
4(1176 1187 1188 1177)
4(1107 1178 1189 1118)
4(1117 1118 1189 1188)
4(1177 1188 1189 1178)
4(1108 1179 1190 1119)
4(1118 1119 1190 1189)
4(1178 1189 1190 1179)
4(1109 1180 1191 1120)
4(1119 1120 1191 1190)
4(1179 1190 1191 1180)
4(1110 1181 1192 1121)
4(1120 1121 1192 1191)
4(1180 1191 1192 1181)
4(1111 1182 1193 1122)
4(1121 1122 1193 1192)
4(1181 1192 1193 1182)
4(1112 1183 1194 1123)
4(1122 1123 1194 1193)
4(1182 1193 1194 1183)
4(1113 1184 1195 1124)
4(1123 1124 1195 1194)
4(1183 1194 1195 1184)
4(1124 1125 1196 1195)
4(1184 1195 1196 1185)
4(1116 1187 1200 1129)
4(1128 1129 1200 1199)
4(1186 1199 1200 1187)
4(1117 1188 1201 1130)
4(1129 1130 1201 1200)
4(1187 1200 1201 1188)
4(1118 1189 1202 1131)
4(1130 1131 1202 1201)
4(1188 1201 1202 1189)
4(1119 1190 1203 1132)
4(1131 1132 1203 1202)
4(1189 1202 1203 1190)
4(1120 1191 1204 1133)
4(1132 1133 1204 1203)
4(1190 1203 1204 1191)
4(1121 1192 1205 1134)
4(1133 1134 1205 1204)
4(1191 1204 1205 1192)
4(1122 1193 1206 1135)
4(1134 1135 1206 1205)
4(1192 1205 1206 1193)
4(1123 1194 1207 1136)
4(1135 1136 1207 1206)
4(1193 1206 1207 1194)
4(1124 1195 1208 1137)
4(1136 1137 1208 1207)
4(1194 1207 1208 1195)
4(1125 1196 1209 1138)
4(1137 1138 1209 1208)
4(1195 1208 1209 1196)
4(1138 1139 1210 1209)
4(1196 1209 1210 1197)
4(1128 1199 1214 1143)
4(1142 1143 1214 1213)
4(1198 1213 1214 1199)
4(1129 1200 1215 1144)
4(1143 1144 1215 1214)
4(1199 1214 1215 1200)
4(1130 1201 1216 1145)
4(1144 1145 1216 1215)
4(1200 1215 1216 1201)
4(1131 1202 1217 1146)
4(1145 1146 1217 1216)
4(1201 1216 1217 1202)
4(1132 1203 1218 1147)
4(1146 1147 1218 1217)
4(1202 1217 1218 1203)
4(1133 1204 1219 1148)
4(1147 1148 1219 1218)
4(1203 1218 1219 1204)
4(1134 1205 1220 1149)
4(1148 1149 1220 1219)
4(1204 1219 1220 1205)
4(1135 1206 1221 1150)
4(1149 1150 1221 1220)
4(1205 1220 1221 1206)
4(1136 1207 1222 1151)
4(1150 1151 1222 1221)
4(1206 1221 1222 1207)
4(1137 1208 1223 1152)
4(1151 1152 1223 1222)
4(1207 1222 1223 1208)
4(1138 1209 1224 1153)
4(1152 1153 1224 1223)
4(1208 1223 1224 1209)
4(1139 1210 1225 1154)
4(1153 1154 1225 1224)
4(1209 1224 1225 1210)
4(1154 1155 1226 1225)
4(1210 1225 1226 1211)
4(1142 1213 139 124)
4(1212 138 139 1213)
4(1143 1214 140 125)
4(1213 139 140 1214)
4(1144 1215 141 126)
4(1214 140 141 1215)
4(1145 1216 142 127)
4(1215 141 142 1216)
4(1146 1217 143 128)
4(1216 142 143 1217)
4(1147 1218 144 129)
4(1217 143 144 1218)
4(1148 1219 145 130)
4(1218 144 145 1219)
4(1149 1220 146 131)
4(1219 145 146 1220)
4(1150 1221 147 132)
4(1220 146 147 1221)
4(1151 1222 148 133)
4(1221 147 148 1222)
4(1152 1223 149 134)
4(1222 148 149 1223)
4(1153 1224 150 135)
4(1223 149 150 1224)
4(1154 1225 151 136)
4(1224 150 151 1225)
4(1155 1226 152 137)
4(1225 151 152 1226)
4(1226 152 10 15)
4(1159 1160 1231 1230)
4(1227 1230 1231 1228)
4(1159 1230 1235 1164)
4(1163 1164 1235 1234)
4(1229 1234 1235 1230)
4(1160 1231 1236 1165)
4(1164 1165 1236 1235)
4(1230 1235 1236 1231)
4(1165 1166 1237 1236)
4(1231 1236 1237 1232)
4(1163 1234 1241 1170)
4(1169 1170 1241 1240)
4(1233 1240 1241 1234)
4(1164 1235 1242 1171)
4(1170 1171 1242 1241)
4(1234 1241 1242 1235)
4(1165 1236 1243 1172)
4(1171 1172 1243 1242)
4(1235 1242 1243 1236)
4(1166 1237 1244 1173)
4(1172 1173 1244 1243)
4(1236 1243 1244 1237)
4(1173 1174 1245 1244)
4(1237 1244 1245 1238)
4(1169 1240 1249 1178)
4(1177 1178 1249 1248)
4(1239 1248 1249 1240)
4(1170 1241 1250 1179)
4(1178 1179 1250 1249)
4(1240 1249 1250 1241)
4(1171 1242 1251 1180)
4(1179 1180 1251 1250)
4(1241 1250 1251 1242)
4(1172 1243 1252 1181)
4(1180 1181 1252 1251)
4(1242 1251 1252 1243)
4(1173 1244 1253 1182)
4(1181 1182 1253 1252)
4(1243 1252 1253 1244)
4(1174 1245 1254 1183)
4(1182 1183 1254 1253)
4(1244 1253 1254 1245)
4(1183 1184 1255 1254)
4(1245 1254 1255 1246)
4(1177 1248 1259 1188)
4(1187 1188 1259 1258)
4(1247 1258 1259 1248)
4(1178 1249 1260 1189)
4(1188 1189 1260 1259)
4(1248 1259 1260 1249)
4(1179 1250 1261 1190)
4(1189 1190 1261 1260)
4(1249 1260 1261 1250)
4(1180 1251 1262 1191)
4(1190 1191 1262 1261)
4(1250 1261 1262 1251)
4(1181 1252 1263 1192)
4(1191 1192 1263 1262)
4(1251 1262 1263 1252)
4(1182 1253 1264 1193)
4(1192 1193 1264 1263)
4(1252 1263 1264 1253)
4(1183 1254 1265 1194)
4(1193 1194 1265 1264)
4(1253 1264 1265 1254)
4(1184 1255 1266 1195)
4(1194 1195 1266 1265)
4(1254 1265 1266 1255)
4(1195 1196 1267 1266)
4(1255 1266 1267 1256)
4(1187 1258 1271 1200)
4(1199 1200 1271 1270)
4(1257 1270 1271 1258)
4(1188 1259 1272 1201)
4(1200 1201 1272 1271)
4(1258 1271 1272 1259)
4(1189 1260 1273 1202)
4(1201 1202 1273 1272)
4(1259 1272 1273 1260)
4(1190 1261 1274 1203)
4(1202 1203 1274 1273)
4(1260 1273 1274 1261)
4(1191 1262 1275 1204)
4(1203 1204 1275 1274)
4(1261 1274 1275 1262)
4(1192 1263 1276 1205)
4(1204 1205 1276 1275)
4(1262 1275 1276 1263)
4(1193 1264 1277 1206)
4(1205 1206 1277 1276)
4(1263 1276 1277 1264)
4(1194 1265 1278 1207)
4(1206 1207 1278 1277)
4(1264 1277 1278 1265)
4(1195 1266 1279 1208)
4(1207 1208 1279 1278)
4(1265 1278 1279 1266)
4(1196 1267 1280 1209)
4(1208 1209 1280 1279)
4(1266 1279 1280 1267)
4(1209 1210 1281 1280)
4(1267 1280 1281 1268)
4(1199 1270 1285 1214)
4(1213 1214 1285 1284)
4(1269 1284 1285 1270)
4(1200 1271 1286 1215)
4(1214 1215 1286 1285)
4(1270 1285 1286 1271)
4(1201 1272 1287 1216)
4(1215 1216 1287 1286)
4(1271 1286 1287 1272)
4(1202 1273 1288 1217)
4(1216 1217 1288 1287)
4(1272 1287 1288 1273)
4(1203 1274 1289 1218)
4(1217 1218 1289 1288)
4(1273 1288 1289 1274)
4(1204 1275 1290 1219)
4(1218 1219 1290 1289)
4(1274 1289 1290 1275)
4(1205 1276 1291 1220)
4(1219 1220 1291 1290)
4(1275 1290 1291 1276)
4(1206 1277 1292 1221)
4(1220 1221 1292 1291)
4(1276 1291 1292 1277)
4(1207 1278 1293 1222)
4(1221 1222 1293 1292)
4(1277 1292 1293 1278)
4(1208 1279 1294 1223)
4(1222 1223 1294 1293)
4(1278 1293 1294 1279)
4(1209 1280 1295 1224)
4(1223 1224 1295 1294)
4(1279 1294 1295 1280)
4(1210 1281 1296 1225)
4(1224 1225 1296 1295)
4(1280 1295 1296 1281)
4(1225 1226 1297 1296)
4(1281 1296 1297 1282)
4(1213 1284 154 139)
4(1283 153 154 1284)
4(1214 1285 155 140)
4(1284 154 155 1285)
4(1215 1286 156 141)
4(1285 155 156 1286)
4(1216 1287 157 142)
4(1286 156 157 1287)
4(1217 1288 158 143)
4(1287 157 158 1288)
4(1218 1289 159 144)
4(1288 158 159 1289)
4(1219 1290 160 145)
4(1289 159 160 1290)
4(1220 1291 161 146)
4(1290 160 161 1291)
4(1221 1292 162 147)
4(1291 161 162 1292)
4(1222 1293 163 148)
4(1292 162 163 1293)
4(1223 1294 164 149)
4(1293 163 164 1294)
4(1224 1295 165 150)
4(1294 164 165 1295)
4(1225 1296 166 151)
4(1295 165 166 1296)
4(1226 1297 167 152)
4(1296 166 167 1297)
4(1297 167 9 16)
4(1230 1231 1302 1301)
4(1298 1301 1302 1299)
4(1230 1301 1306 1235)
4(1234 1235 1306 1305)
4(1300 1305 1306 1301)
4(1231 1302 1307 1236)
4(1235 1236 1307 1306)
4(1301 1306 1307 1302)
4(1236 1237 1308 1307)
4(1302 1307 1308 1303)
4(1234 1305 1312 1241)
4(1240 1241 1312 1311)
4(1304 1311 1312 1305)
4(1235 1306 1313 1242)
4(1241 1242 1313 1312)
4(1305 1312 1313 1306)
4(1236 1307 1314 1243)
4(1242 1243 1314 1313)
4(1306 1313 1314 1307)
4(1237 1308 1315 1244)
4(1243 1244 1315 1314)
4(1307 1314 1315 1308)
4(1244 1245 1316 1315)
4(1308 1315 1316 1309)
4(1240 1311 1320 1249)
4(1248 1249 1320 1319)
4(1310 1319 1320 1311)
4(1241 1312 1321 1250)
4(1249 1250 1321 1320)
4(1311 1320 1321 1312)
4(1242 1313 1322 1251)
4(1250 1251 1322 1321)
4(1312 1321 1322 1313)
4(1243 1314 1323 1252)
4(1251 1252 1323 1322)
4(1313 1322 1323 1314)
4(1244 1315 1324 1253)
4(1252 1253 1324 1323)
4(1314 1323 1324 1315)
4(1245 1316 1325 1254)
4(1253 1254 1325 1324)
4(1315 1324 1325 1316)
4(1254 1255 1326 1325)
4(1316 1325 1326 1317)
4(1248 1319 1330 1259)
4(1258 1259 1330 1329)
4(1318 1329 1330 1319)
4(1249 1320 1331 1260)
4(1259 1260 1331 1330)
4(1319 1330 1331 1320)
4(1250 1321 1332 1261)
4(1260 1261 1332 1331)
4(1320 1331 1332 1321)
4(1251 1322 1333 1262)
4(1261 1262 1333 1332)
4(1321 1332 1333 1322)
4(1252 1323 1334 1263)
4(1262 1263 1334 1333)
4(1322 1333 1334 1323)
4(1253 1324 1335 1264)
4(1263 1264 1335 1334)
4(1323 1334 1335 1324)
4(1254 1325 1336 1265)
4(1264 1265 1336 1335)
4(1324 1335 1336 1325)
4(1255 1326 1337 1266)
4(1265 1266 1337 1336)
4(1325 1336 1337 1326)
4(1266 1267 1338 1337)
4(1326 1337 1338 1327)
4(1258 1329 1342 1271)
4(1270 1271 1342 1341)
4(1328 1341 1342 1329)
4(1259 1330 1343 1272)
4(1271 1272 1343 1342)
4(1329 1342 1343 1330)
4(1260 1331 1344 1273)
4(1272 1273 1344 1343)
4(1330 1343 1344 1331)
4(1261 1332 1345 1274)
4(1273 1274 1345 1344)
4(1331 1344 1345 1332)
4(1262 1333 1346 1275)
4(1274 1275 1346 1345)
4(1332 1345 1346 1333)
4(1263 1334 1347 1276)
4(1275 1276 1347 1346)
4(1333 1346 1347 1334)
4(1264 1335 1348 1277)
4(1276 1277 1348 1347)
4(1334 1347 1348 1335)
4(1265 1336 1349 1278)
4(1277 1278 1349 1348)
4(1335 1348 1349 1336)
4(1266 1337 1350 1279)
4(1278 1279 1350 1349)
4(1336 1349 1350 1337)
4(1267 1338 1351 1280)
4(1279 1280 1351 1350)
4(1337 1350 1351 1338)
4(1280 1281 1352 1351)
4(1338 1351 1352 1339)
4(1270 1341 1356 1285)
4(1284 1285 1356 1355)
4(1340 1355 1356 1341)
4(1271 1342 1357 1286)
4(1285 1286 1357 1356)
4(1341 1356 1357 1342)
4(1272 1343 1358 1287)
4(1286 1287 1358 1357)
4(1342 1357 1358 1343)
4(1273 1344 1359 1288)
4(1287 1288 1359 1358)
4(1343 1358 1359 1344)
4(1274 1345 1360 1289)
4(1288 1289 1360 1359)
4(1344 1359 1360 1345)
4(1275 1346 1361 1290)
4(1289 1290 1361 1360)
4(1345 1360 1361 1346)
4(1276 1347 1362 1291)
4(1290 1291 1362 1361)
4(1346 1361 1362 1347)
4(1277 1348 1363 1292)
4(1291 1292 1363 1362)
4(1347 1362 1363 1348)
4(1278 1349 1364 1293)
4(1292 1293 1364 1363)
4(1348 1363 1364 1349)
4(1279 1350 1365 1294)
4(1293 1294 1365 1364)
4(1349 1364 1365 1350)
4(1280 1351 1366 1295)
4(1294 1295 1366 1365)
4(1350 1365 1366 1351)
4(1281 1352 1367 1296)
4(1295 1296 1367 1366)
4(1351 1366 1367 1352)
4(1296 1297 1368 1367)
4(1352 1367 1368 1353)
4(1284 1355 169 154)
4(1354 168 169 1355)
4(1285 1356 170 155)
4(1355 169 170 1356)
4(1286 1357 171 156)
4(1356 170 171 1357)
4(1287 1358 172 157)
4(1357 171 172 1358)
4(1288 1359 173 158)
4(1358 172 173 1359)
4(1289 1360 174 159)
4(1359 173 174 1360)
4(1290 1361 175 160)
4(1360 174 175 1361)
4(1291 1362 176 161)
4(1361 175 176 1362)
4(1292 1363 177 162)
4(1362 176 177 1363)
4(1293 1364 178 163)
4(1363 177 178 1364)
4(1294 1365 179 164)
4(1364 178 179 1365)
4(1295 1366 180 165)
4(1365 179 180 1366)
4(1296 1367 181 166)
4(1366 180 181 1367)
4(1297 1368 182 167)
4(1367 181 182 1368)
4(1368 182 8 17)
4(1301 1302 1373 1372)
4(1369 1372 1373 1370)
4(1301 1372 1377 1306)
4(1305 1306 1377 1376)
4(1371 1376 1377 1372)
4(1302 1373 1378 1307)
4(1306 1307 1378 1377)
4(1372 1377 1378 1373)
4(1307 1308 1379 1378)
4(1373 1378 1379 1374)
4(1305 1376 1383 1312)
4(1311 1312 1383 1382)
4(1375 1382 1383 1376)
4(1306 1377 1384 1313)
4(1312 1313 1384 1383)
4(1376 1383 1384 1377)
4(1307 1378 1385 1314)
4(1313 1314 1385 1384)
4(1377 1384 1385 1378)
4(1308 1379 1386 1315)
4(1314 1315 1386 1385)
4(1378 1385 1386 1379)
4(1315 1316 1387 1386)
4(1379 1386 1387 1380)
4(1311 1382 1391 1320)
4(1319 1320 1391 1390)
4(1381 1390 1391 1382)
4(1312 1383 1392 1321)
4(1320 1321 1392 1391)
4(1382 1391 1392 1383)
4(1313 1384 1393 1322)
4(1321 1322 1393 1392)
4(1383 1392 1393 1384)
4(1314 1385 1394 1323)
4(1322 1323 1394 1393)
4(1384 1393 1394 1385)
4(1315 1386 1395 1324)
4(1323 1324 1395 1394)
4(1385 1394 1395 1386)
4(1316 1387 1396 1325)
4(1324 1325 1396 1395)
4(1386 1395 1396 1387)
4(1325 1326 1397 1396)
4(1387 1396 1397 1388)
4(1319 1390 1401 1330)
4(1329 1330 1401 1400)
4(1389 1400 1401 1390)
4(1320 1391 1402 1331)
4(1330 1331 1402 1401)
4(1390 1401 1402 1391)
4(1321 1392 1403 1332)
4(1331 1332 1403 1402)
4(1391 1402 1403 1392)
4(1322 1393 1404 1333)
4(1332 1333 1404 1403)
4(1392 1403 1404 1393)
4(1323 1394 1405 1334)
4(1333 1334 1405 1404)
4(1393 1404 1405 1394)
4(1324 1395 1406 1335)
4(1334 1335 1406 1405)
4(1394 1405 1406 1395)
4(1325 1396 1407 1336)
4(1335 1336 1407 1406)
4(1395 1406 1407 1396)
4(1326 1397 1408 1337)
4(1336 1337 1408 1407)
4(1396 1407 1408 1397)
4(1337 1338 1409 1408)
4(1397 1408 1409 1398)
4(1329 1400 1413 1342)
4(1341 1342 1413 1412)
4(1399 1412 1413 1400)
4(1330 1401 1414 1343)
4(1342 1343 1414 1413)
4(1400 1413 1414 1401)
4(1331 1402 1415 1344)
4(1343 1344 1415 1414)
4(1401 1414 1415 1402)
4(1332 1403 1416 1345)
4(1344 1345 1416 1415)
4(1402 1415 1416 1403)
4(1333 1404 1417 1346)
4(1345 1346 1417 1416)
4(1403 1416 1417 1404)
4(1334 1405 1418 1347)
4(1346 1347 1418 1417)
4(1404 1417 1418 1405)
4(1335 1406 1419 1348)
4(1347 1348 1419 1418)
4(1405 1418 1419 1406)
4(1336 1407 1420 1349)
4(1348 1349 1420 1419)
4(1406 1419 1420 1407)
4(1337 1408 1421 1350)
4(1349 1350 1421 1420)
4(1407 1420 1421 1408)
4(1338 1409 1422 1351)
4(1350 1351 1422 1421)
4(1408 1421 1422 1409)
4(1351 1352 1423 1422)
4(1409 1422 1423 1410)
4(1341 1412 1427 1356)
4(1355 1356 1427 1426)
4(1411 1426 1427 1412)
4(1342 1413 1428 1357)
4(1356 1357 1428 1427)
4(1412 1427 1428 1413)
4(1343 1414 1429 1358)
4(1357 1358 1429 1428)
4(1413 1428 1429 1414)
4(1344 1415 1430 1359)
4(1358 1359 1430 1429)
4(1414 1429 1430 1415)
4(1345 1416 1431 1360)
4(1359 1360 1431 1430)
4(1415 1430 1431 1416)
4(1346 1417 1432 1361)
4(1360 1361 1432 1431)
4(1416 1431 1432 1417)
4(1347 1418 1433 1362)
4(1361 1362 1433 1432)
4(1417 1432 1433 1418)
4(1348 1419 1434 1363)
4(1362 1363 1434 1433)
4(1418 1433 1434 1419)
4(1349 1420 1435 1364)
4(1363 1364 1435 1434)
4(1419 1434 1435 1420)
4(1350 1421 1436 1365)
4(1364 1365 1436 1435)
4(1420 1435 1436 1421)
4(1351 1422 1437 1366)
4(1365 1366 1437 1436)
4(1421 1436 1437 1422)
4(1352 1423 1438 1367)
4(1366 1367 1438 1437)
4(1422 1437 1438 1423)
4(1367 1368 1439 1438)
4(1423 1438 1439 1424)
4(1355 1426 184 169)
4(1425 183 184 1426)
4(1356 1427 185 170)
4(1426 184 185 1427)
4(1357 1428 186 171)
4(1427 185 186 1428)
4(1358 1429 187 172)
4(1428 186 187 1429)
4(1359 1430 188 173)
4(1429 187 188 1430)
4(1360 1431 189 174)
4(1430 188 189 1431)
4(1361 1432 190 175)
4(1431 189 190 1432)
4(1362 1433 191 176)
4(1432 190 191 1433)
4(1363 1434 192 177)
4(1433 191 192 1434)
4(1364 1435 193 178)
4(1434 192 193 1435)
4(1365 1436 194 179)
4(1435 193 194 1436)
4(1366 1437 195 180)
4(1436 194 195 1437)
4(1367 1438 196 181)
4(1437 195 196 1438)
4(1368 1439 197 182)
4(1438 196 197 1439)
4(1439 197 7 18)
4(1372 1373 1444 1443)
4(1440 1443 1444 1441)
4(1372 1443 1448 1377)
4(1376 1377 1448 1447)
4(1442 1447 1448 1443)
4(1373 1444 1449 1378)
4(1377 1378 1449 1448)
4(1443 1448 1449 1444)
4(1378 1379 1450 1449)
4(1444 1449 1450 1445)
4(1376 1447 1454 1383)
4(1382 1383 1454 1453)
4(1446 1453 1454 1447)
4(1377 1448 1455 1384)
4(1383 1384 1455 1454)
4(1447 1454 1455 1448)
4(1378 1449 1456 1385)
4(1384 1385 1456 1455)
4(1448 1455 1456 1449)
4(1379 1450 1457 1386)
4(1385 1386 1457 1456)
4(1449 1456 1457 1450)
4(1386 1387 1458 1457)
4(1450 1457 1458 1451)
4(1382 1453 1462 1391)
4(1390 1391 1462 1461)
4(1452 1461 1462 1453)
4(1383 1454 1463 1392)
4(1391 1392 1463 1462)
4(1453 1462 1463 1454)
4(1384 1455 1464 1393)
4(1392 1393 1464 1463)
4(1454 1463 1464 1455)
4(1385 1456 1465 1394)
4(1393 1394 1465 1464)
4(1455 1464 1465 1456)
4(1386 1457 1466 1395)
4(1394 1395 1466 1465)
4(1456 1465 1466 1457)
4(1387 1458 1467 1396)
4(1395 1396 1467 1466)
4(1457 1466 1467 1458)
4(1396 1397 1468 1467)
4(1458 1467 1468 1459)
4(1390 1461 1472 1401)
4(1400 1401 1472 1471)
4(1460 1471 1472 1461)
4(1391 1462 1473 1402)
4(1401 1402 1473 1472)
4(1461 1472 1473 1462)
4(1392 1463 1474 1403)
4(1402 1403 1474 1473)
4(1462 1473 1474 1463)
4(1393 1464 1475 1404)
4(1403 1404 1475 1474)
4(1463 1474 1475 1464)
4(1394 1465 1476 1405)
4(1404 1405 1476 1475)
4(1464 1475 1476 1465)
4(1395 1466 1477 1406)
4(1405 1406 1477 1476)
4(1465 1476 1477 1466)
4(1396 1467 1478 1407)
4(1406 1407 1478 1477)
4(1466 1477 1478 1467)
4(1397 1468 1479 1408)
4(1407 1408 1479 1478)
4(1467 1478 1479 1468)
4(1408 1409 1480 1479)
4(1468 1479 1480 1469)
4(1400 1471 1484 1413)
4(1412 1413 1484 1483)
4(1470 1483 1484 1471)
4(1401 1472 1485 1414)
4(1413 1414 1485 1484)
4(1471 1484 1485 1472)
4(1402 1473 1486 1415)
4(1414 1415 1486 1485)
4(1472 1485 1486 1473)
4(1403 1474 1487 1416)
4(1415 1416 1487 1486)
4(1473 1486 1487 1474)
4(1404 1475 1488 1417)
4(1416 1417 1488 1487)
4(1474 1487 1488 1475)
4(1405 1476 1489 1418)
4(1417 1418 1489 1488)
4(1475 1488 1489 1476)
4(1406 1477 1490 1419)
4(1418 1419 1490 1489)
4(1476 1489 1490 1477)
4(1407 1478 1491 1420)
4(1419 1420 1491 1490)
4(1477 1490 1491 1478)
4(1408 1479 1492 1421)
4(1420 1421 1492 1491)
4(1478 1491 1492 1479)
4(1409 1480 1493 1422)
4(1421 1422 1493 1492)
4(1479 1492 1493 1480)
4(1422 1423 1494 1493)
4(1480 1493 1494 1481)
4(1412 1483 1498 1427)
4(1426 1427 1498 1497)
4(1482 1497 1498 1483)
4(1413 1484 1499 1428)
4(1427 1428 1499 1498)
4(1483 1498 1499 1484)
4(1414 1485 1500 1429)
4(1428 1429 1500 1499)
4(1484 1499 1500 1485)
4(1415 1486 1501 1430)
4(1429 1430 1501 1500)
4(1485 1500 1501 1486)
4(1416 1487 1502 1431)
4(1430 1431 1502 1501)
4(1486 1501 1502 1487)
4(1417 1488 1503 1432)
4(1431 1432 1503 1502)
4(1487 1502 1503 1488)
4(1418 1489 1504 1433)
4(1432 1433 1504 1503)
4(1488 1503 1504 1489)
4(1419 1490 1505 1434)
4(1433 1434 1505 1504)
4(1489 1504 1505 1490)
4(1420 1491 1506 1435)
4(1434 1435 1506 1505)
4(1490 1505 1506 1491)
4(1421 1492 1507 1436)
4(1435 1436 1507 1506)
4(1491 1506 1507 1492)
4(1422 1493 1508 1437)
4(1436 1437 1508 1507)
4(1492 1507 1508 1493)
4(1423 1494 1509 1438)
4(1437 1438 1509 1508)
4(1493 1508 1509 1494)
4(1438 1439 1510 1509)
4(1494 1509 1510 1495)
4(1426 1497 199 184)
4(1496 198 199 1497)
4(1427 1498 200 185)
4(1497 199 200 1498)
4(1428 1499 201 186)
4(1498 200 201 1499)
4(1429 1500 202 187)
4(1499 201 202 1500)
4(1430 1501 203 188)
4(1500 202 203 1501)
4(1431 1502 204 189)
4(1501 203 204 1502)
4(1432 1503 205 190)
4(1502 204 205 1503)
4(1433 1504 206 191)
4(1503 205 206 1504)
4(1434 1505 207 192)
4(1504 206 207 1505)
4(1435 1506 208 193)
4(1505 207 208 1506)
4(1436 1507 209 194)
4(1506 208 209 1507)
4(1437 1508 210 195)
4(1507 209 210 1508)
4(1438 1509 211 196)
4(1508 210 211 1509)
4(1439 1510 212 197)
4(1509 211 212 1510)
4(1510 212 6 19)
4(1443 1444 1515 1514)
4(1511 1514 1515 1512)
4(1443 1514 1519 1448)
4(1447 1448 1519 1518)
4(1513 1518 1519 1514)
4(1444 1515 1520 1449)
4(1448 1449 1520 1519)
4(1514 1519 1520 1515)
4(1449 1450 1521 1520)
4(1515 1520 1521 1516)
4(1447 1518 1525 1454)
4(1453 1454 1525 1524)
4(1517 1524 1525 1518)
4(1448 1519 1526 1455)
4(1454 1455 1526 1525)
4(1518 1525 1526 1519)
4(1449 1520 1527 1456)
4(1455 1456 1527 1526)
4(1519 1526 1527 1520)
4(1450 1521 1528 1457)
4(1456 1457 1528 1527)
4(1520 1527 1528 1521)
4(1457 1458 1529 1528)
4(1521 1528 1529 1522)
4(1453 1524 1533 1462)
4(1461 1462 1533 1532)
4(1523 1532 1533 1524)
4(1454 1525 1534 1463)
4(1462 1463 1534 1533)
4(1524 1533 1534 1525)
4(1455 1526 1535 1464)
4(1463 1464 1535 1534)
4(1525 1534 1535 1526)
4(1456 1527 1536 1465)
4(1464 1465 1536 1535)
4(1526 1535 1536 1527)
4(1457 1528 1537 1466)
4(1465 1466 1537 1536)
4(1527 1536 1537 1528)
4(1458 1529 1538 1467)
4(1466 1467 1538 1537)
4(1528 1537 1538 1529)
4(1467 1468 1539 1538)
4(1529 1538 1539 1530)
4(1461 1532 1543 1472)
4(1471 1472 1543 1542)
4(1531 1542 1543 1532)
4(1462 1533 1544 1473)
4(1472 1473 1544 1543)
4(1532 1543 1544 1533)
4(1463 1534 1545 1474)
4(1473 1474 1545 1544)
4(1533 1544 1545 1534)
4(1464 1535 1546 1475)
4(1474 1475 1546 1545)
4(1534 1545 1546 1535)
4(1465 1536 1547 1476)
4(1475 1476 1547 1546)
4(1535 1546 1547 1536)
4(1466 1537 1548 1477)
4(1476 1477 1548 1547)
4(1536 1547 1548 1537)
4(1467 1538 1549 1478)
4(1477 1478 1549 1548)
4(1537 1548 1549 1538)
4(1468 1539 1550 1479)
4(1478 1479 1550 1549)
4(1538 1549 1550 1539)
4(1479 1480 1551 1550)
4(1539 1550 1551 1540)
4(1471 1542 1555 1484)
4(1483 1484 1555 1554)
4(1541 1554 1555 1542)
4(1472 1543 1556 1485)
4(1484 1485 1556 1555)
4(1542 1555 1556 1543)
4(1473 1544 1557 1486)
4(1485 1486 1557 1556)
4(1543 1556 1557 1544)
4(1474 1545 1558 1487)
4(1486 1487 1558 1557)
4(1544 1557 1558 1545)
4(1475 1546 1559 1488)
4(1487 1488 1559 1558)
4(1545 1558 1559 1546)
4(1476 1547 1560 1489)
4(1488 1489 1560 1559)
4(1546 1559 1560 1547)
4(1477 1548 1561 1490)
4(1489 1490 1561 1560)
4(1547 1560 1561 1548)
4(1478 1549 1562 1491)
4(1490 1491 1562 1561)
4(1548 1561 1562 1549)
4(1479 1550 1563 1492)
4(1491 1492 1563 1562)
4(1549 1562 1563 1550)
4(1480 1551 1564 1493)
4(1492 1493 1564 1563)
4(1550 1563 1564 1551)
4(1493 1494 1565 1564)
4(1551 1564 1565 1552)
4(1483 1554 1569 1498)
4(1497 1498 1569 1568)
4(1553 1568 1569 1554)
4(1484 1555 1570 1499)
4(1498 1499 1570 1569)
4(1554 1569 1570 1555)
4(1485 1556 1571 1500)
4(1499 1500 1571 1570)
4(1555 1570 1571 1556)
4(1486 1557 1572 1501)
4(1500 1501 1572 1571)
4(1556 1571 1572 1557)
4(1487 1558 1573 1502)
4(1501 1502 1573 1572)
4(1557 1572 1573 1558)
4(1488 1559 1574 1503)
4(1502 1503 1574 1573)
4(1558 1573 1574 1559)
4(1489 1560 1575 1504)
4(1503 1504 1575 1574)
4(1559 1574 1575 1560)
4(1490 1561 1576 1505)
4(1504 1505 1576 1575)
4(1560 1575 1576 1561)
4(1491 1562 1577 1506)
4(1505 1506 1577 1576)
4(1561 1576 1577 1562)
4(1492 1563 1578 1507)
4(1506 1507 1578 1577)
4(1562 1577 1578 1563)
4(1493 1564 1579 1508)
4(1507 1508 1579 1578)
4(1563 1578 1579 1564)
4(1494 1565 1580 1509)
4(1508 1509 1580 1579)
4(1564 1579 1580 1565)
4(1509 1510 1581 1580)
4(1565 1580 1581 1566)
4(1497 1568 214 199)
4(1567 213 214 1568)
4(1498 1569 215 200)
4(1568 214 215 1569)
4(1499 1570 216 201)
4(1569 215 216 1570)
4(1500 1571 217 202)
4(1570 216 217 1571)
4(1501 1572 218 203)
4(1571 217 218 1572)
4(1502 1573 219 204)
4(1572 218 219 1573)
4(1503 1574 220 205)
4(1573 219 220 1574)
4(1504 1575 221 206)
4(1574 220 221 1575)
4(1505 1576 222 207)
4(1575 221 222 1576)
4(1506 1577 223 208)
4(1576 222 223 1577)
4(1507 1578 224 209)
4(1577 223 224 1578)
4(1508 1579 225 210)
4(1578 224 225 1579)
4(1509 1580 226 211)
4(1579 225 226 1580)
4(1510 1581 227 212)
4(1580 226 227 1581)
4(1581 227 5 20)
4(1514 1515 1586 1585)
4(1582 1585 1586 1583)
4(1514 1585 1590 1519)
4(1518 1519 1590 1589)
4(1584 1589 1590 1585)
4(1515 1586 1591 1520)
4(1519 1520 1591 1590)
4(1585 1590 1591 1586)
4(1520 1521 1592 1591)
4(1586 1591 1592 1587)
4(1518 1589 1596 1525)
4(1524 1525 1596 1595)
4(1588 1595 1596 1589)
4(1519 1590 1597 1526)
4(1525 1526 1597 1596)
4(1589 1596 1597 1590)
4(1520 1591 1598 1527)
4(1526 1527 1598 1597)
4(1590 1597 1598 1591)
4(1521 1592 1599 1528)
4(1527 1528 1599 1598)
4(1591 1598 1599 1592)
4(1528 1529 1600 1599)
4(1592 1599 1600 1593)
4(1524 1595 1604 1533)
4(1532 1533 1604 1603)
4(1594 1603 1604 1595)
4(1525 1596 1605 1534)
4(1533 1534 1605 1604)
4(1595 1604 1605 1596)
4(1526 1597 1606 1535)
4(1534 1535 1606 1605)
4(1596 1605 1606 1597)
4(1527 1598 1607 1536)
4(1535 1536 1607 1606)
4(1597 1606 1607 1598)
4(1528 1599 1608 1537)
4(1536 1537 1608 1607)
4(1598 1607 1608 1599)
4(1529 1600 1609 1538)
4(1537 1538 1609 1608)
4(1599 1608 1609 1600)
4(1538 1539 1610 1609)
4(1600 1609 1610 1601)
4(1532 1603 1614 1543)
4(1542 1543 1614 1613)
4(1602 1613 1614 1603)
4(1533 1604 1615 1544)
4(1543 1544 1615 1614)
4(1603 1614 1615 1604)
4(1534 1605 1616 1545)
4(1544 1545 1616 1615)
4(1604 1615 1616 1605)
4(1535 1606 1617 1546)
4(1545 1546 1617 1616)
4(1605 1616 1617 1606)
4(1536 1607 1618 1547)
4(1546 1547 1618 1617)
4(1606 1617 1618 1607)
4(1537 1608 1619 1548)
4(1547 1548 1619 1618)
4(1607 1618 1619 1608)
4(1538 1609 1620 1549)
4(1548 1549 1620 1619)
4(1608 1619 1620 1609)
4(1539 1610 1621 1550)
4(1549 1550 1621 1620)
4(1609 1620 1621 1610)
4(1550 1551 1622 1621)
4(1610 1621 1622 1611)
4(1542 1613 1626 1555)
4(1554 1555 1626 1625)
4(1612 1625 1626 1613)
4(1543 1614 1627 1556)
4(1555 1556 1627 1626)
4(1613 1626 1627 1614)
4(1544 1615 1628 1557)
4(1556 1557 1628 1627)
4(1614 1627 1628 1615)
4(1545 1616 1629 1558)
4(1557 1558 1629 1628)
4(1615 1628 1629 1616)
4(1546 1617 1630 1559)
4(1558 1559 1630 1629)
4(1616 1629 1630 1617)
4(1547 1618 1631 1560)
4(1559 1560 1631 1630)
4(1617 1630 1631 1618)
4(1548 1619 1632 1561)
4(1560 1561 1632 1631)
4(1618 1631 1632 1619)
4(1549 1620 1633 1562)
4(1561 1562 1633 1632)
4(1619 1632 1633 1620)
4(1550 1621 1634 1563)
4(1562 1563 1634 1633)
4(1620 1633 1634 1621)
4(1551 1622 1635 1564)
4(1563 1564 1635 1634)
4(1621 1634 1635 1622)
4(1564 1565 1636 1635)
4(1622 1635 1636 1623)
4(1554 1625 1640 1569)
4(1568 1569 1640 1639)
4(1624 1639 1640 1625)
4(1555 1626 1641 1570)
4(1569 1570 1641 1640)
4(1625 1640 1641 1626)
4(1556 1627 1642 1571)
4(1570 1571 1642 1641)
4(1626 1641 1642 1627)
4(1557 1628 1643 1572)
4(1571 1572 1643 1642)
4(1627 1642 1643 1628)
4(1558 1629 1644 1573)
4(1572 1573 1644 1643)
4(1628 1643 1644 1629)
4(1559 1630 1645 1574)
4(1573 1574 1645 1644)
4(1629 1644 1645 1630)
4(1560 1631 1646 1575)
4(1574 1575 1646 1645)
4(1630 1645 1646 1631)
4(1561 1632 1647 1576)
4(1575 1576 1647 1646)
4(1631 1646 1647 1632)
4(1562 1633 1648 1577)
4(1576 1577 1648 1647)
4(1632 1647 1648 1633)
4(1563 1634 1649 1578)
4(1577 1578 1649 1648)
4(1633 1648 1649 1634)
4(1564 1635 1650 1579)
4(1578 1579 1650 1649)
4(1634 1649 1650 1635)
4(1565 1636 1651 1580)
4(1579 1580 1651 1650)
4(1635 1650 1651 1636)
4(1580 1581 1652 1651)
4(1636 1651 1652 1637)
4(1568 1639 229 214)
4(1638 228 229 1639)
4(1569 1640 230 215)
4(1639 229 230 1640)
4(1570 1641 231 216)
4(1640 230 231 1641)
4(1571 1642 232 217)
4(1641 231 232 1642)
4(1572 1643 233 218)
4(1642 232 233 1643)
4(1573 1644 234 219)
4(1643 233 234 1644)
4(1574 1645 235 220)
4(1644 234 235 1645)
4(1575 1646 236 221)
4(1645 235 236 1646)
4(1576 1647 237 222)
4(1646 236 237 1647)
4(1577 1648 238 223)
4(1647 237 238 1648)
4(1578 1649 239 224)
4(1648 238 239 1649)
4(1579 1650 240 225)
4(1649 239 240 1650)
4(1580 1651 241 226)
4(1650 240 241 1651)
4(1581 1652 242 227)
4(1651 241 242 1652)
4(1652 242 4 21)
4(1585 1586 1657 1656)
4(1585 1656 1661 1590)
4(1589 1590 1661 1660)
4(1586 1657 1662 1591)
4(1590 1591 1662 1661)
4(1591 1592 1663 1662)
4(1589 1660 1667 1596)
4(1595 1596 1667 1666)
4(1590 1661 1668 1597)
4(1596 1597 1668 1667)
4(1591 1662 1669 1598)
4(1597 1598 1669 1668)
4(1592 1663 1670 1599)
4(1598 1599 1670 1669)
4(1599 1600 1671 1670)
4(1595 1666 1675 1604)
4(1603 1604 1675 1674)
4(1596 1667 1676 1605)
4(1604 1605 1676 1675)
4(1597 1668 1677 1606)
4(1605 1606 1677 1676)
4(1598 1669 1678 1607)
4(1606 1607 1678 1677)
4(1599 1670 1679 1608)
4(1607 1608 1679 1678)
4(1600 1671 1680 1609)
4(1608 1609 1680 1679)
4(1609 1610 1681 1680)
4(1603 1674 1685 1614)
4(1613 1614 1685 1684)
4(1604 1675 1686 1615)
4(1614 1615 1686 1685)
4(1605 1676 1687 1616)
4(1615 1616 1687 1686)
4(1606 1677 1688 1617)
4(1616 1617 1688 1687)
4(1607 1678 1689 1618)
4(1617 1618 1689 1688)
4(1608 1679 1690 1619)
4(1618 1619 1690 1689)
4(1609 1680 1691 1620)
4(1619 1620 1691 1690)
4(1610 1681 1692 1621)
4(1620 1621 1692 1691)
4(1621 1622 1693 1692)
4(1613 1684 1697 1626)
4(1625 1626 1697 1696)
4(1614 1685 1698 1627)
4(1626 1627 1698 1697)
4(1615 1686 1699 1628)
4(1627 1628 1699 1698)
4(1616 1687 1700 1629)
4(1628 1629 1700 1699)
4(1617 1688 1701 1630)
4(1629 1630 1701 1700)
4(1618 1689 1702 1631)
4(1630 1631 1702 1701)
4(1619 1690 1703 1632)
4(1631 1632 1703 1702)
4(1620 1691 1704 1633)
4(1632 1633 1704 1703)
4(1621 1692 1705 1634)
4(1633 1634 1705 1704)
4(1622 1693 1706 1635)
4(1634 1635 1706 1705)
4(1635 1636 1707 1706)
4(1625 1696 1711 1640)
4(1639 1640 1711 1710)
4(1626 1697 1712 1641)
4(1640 1641 1712 1711)
4(1627 1698 1713 1642)
4(1641 1642 1713 1712)
4(1628 1699 1714 1643)
4(1642 1643 1714 1713)
4(1629 1700 1715 1644)
4(1643 1644 1715 1714)
4(1630 1701 1716 1645)
4(1644 1645 1716 1715)
4(1631 1702 1717 1646)
4(1645 1646 1717 1716)
4(1632 1703 1718 1647)
4(1646 1647 1718 1717)
4(1633 1704 1719 1648)
4(1647 1648 1719 1718)
4(1634 1705 1720 1649)
4(1648 1649 1720 1719)
4(1635 1706 1721 1650)
4(1649 1650 1721 1720)
4(1636 1707 1722 1651)
4(1650 1651 1722 1721)
4(1651 1652 1723 1722)
4(1639 1710 244 229)
4(1640 1711 245 230)
4(1641 1712 246 231)
4(1642 1713 247 232)
4(1643 1714 248 233)
4(1644 1715 249 234)
4(1645 1716 250 235)
4(1646 1717 251 236)
4(1647 1718 252 237)
4(1648 1719 253 238)
4(1649 1720 254 239)
4(1650 1721 255 240)
4(1651 1722 256 241)
4(1652 1723 257 242)
4(24 23 291 276)
4(276 291 292 277)
4(277 292 293 278)
4(278 293 294 279)
4(279 294 295 280)
4(280 295 296 281)
4(281 296 297 282)
4(282 297 298 283)
4(283 298 299 284)
4(284 299 300 285)
4(285 300 301 286)
4(286 301 302 287)
4(287 302 303 288)
4(288 303 304 289)
4(289 304 305 290)
4(290 305 258 259)
4(23 0 67 291)
4(291 67 68 292)
4(292 68 69 293)
4(293 69 70 294)
4(294 70 71 295)
4(295 71 72 296)
4(296 72 73 297)
4(297 73 74 298)
4(298 74 75 299)
4(299 75 76 300)
4(300 76 77 301)
4(301 77 78 302)
4(302 78 79 303)
4(303 79 80 304)
4(304 80 81 305)
4(305 81 66 258)
4(1 25 261 83)
4(83 261 262 84)
4(84 262 263 85)
4(85 263 264 86)
4(86 264 265 87)
4(87 265 266 88)
4(88 266 267 89)
4(89 267 268 90)
4(90 268 269 91)
4(91 269 270 92)
4(92 270 271 93)
4(93 271 272 94)
4(94 272 273 95)
4(95 273 274 96)
4(96 274 275 97)
4(97 275 260 82)
4(25 24 276 261)
4(261 276 277 262)
4(262 277 278 263)
4(263 278 279 264)
4(264 279 280 265)
4(265 280 281 266)
4(266 281 282 267)
4(267 282 283 268)
4(268 283 284 269)
4(269 284 285 270)
4(270 285 286 271)
4(271 286 287 272)
4(272 287 288 273)
4(273 288 289 274)
4(274 289 290 275)
4(275 290 259 260)
4(943 945 96 97)
4(944 947 948 945)
4(945 948 95 96)
4(946 950 951 947)
4(947 951 952 948)
4(948 952 94 95)
4(949 954 955 950)
4(950 955 956 951)
4(951 956 957 952)
4(952 957 93 94)
4(953 959 960 954)
4(954 960 961 955)
4(955 961 962 956)
4(956 962 963 957)
4(957 963 92 93)
4(958 965 966 959)
4(959 966 967 960)
4(960 967 968 961)
4(961 968 969 962)
4(962 969 970 963)
4(963 970 91 92)
4(964 972 973 965)
4(965 973 974 966)
4(966 974 975 967)
4(967 975 976 968)
4(968 976 977 969)
4(969 977 978 970)
4(970 978 90 91)
4(971 979 980 972)
4(972 980 981 973)
4(973 981 982 974)
4(974 982 983 975)
4(975 983 984 976)
4(976 984 985 977)
4(977 985 986 978)
4(978 986 89 90)
4(980 987 988 981)
4(981 988 989 982)
4(982 989 990 983)
4(983 990 991 984)
4(984 991 992 985)
4(985 992 993 986)
4(986 993 88 89)
4(988 994 995 989)
4(989 995 996 990)
4(990 996 997 991)
4(991 997 998 992)
4(992 998 999 993)
4(993 999 87 88)
4(995 1000 1001 996)
4(996 1001 1002 997)
4(997 1002 1003 998)
4(998 1003 1004 999)
4(999 1004 86 87)
4(1001 1005 1006 1002)
4(1002 1006 1007 1003)
4(1003 1007 1008 1004)
4(1004 1008 85 86)
4(1006 1009 1010 1007)
4(1007 1010 1011 1008)
4(1008 1011 84 85)
4(1010 1012 1013 1011)
4(1011 1013 83 84)
4(1013 2 1 83)
4(0 35 316 67)
4(67 316 317 68)
4(68 317 318 69)
4(69 318 319 70)
4(70 319 320 71)
4(71 320 321 72)
4(72 321 322 73)
4(73 322 323 74)
4(74 323 324 75)
4(75 324 325 76)
4(76 325 326 77)
4(77 326 327 78)
4(78 327 328 79)
4(79 328 329 80)
4(80 329 330 81)
4(81 330 315 66)
4(35 34 331 316)
4(316 331 332 317)
4(317 332 333 318)
4(318 333 334 319)
4(319 334 335 320)
4(320 335 336 321)
4(321 336 337 322)
4(322 337 338 323)
4(323 338 339 324)
4(324 339 340 325)
4(325 340 341 326)
4(326 341 342 327)
4(327 342 343 328)
4(328 343 344 329)
4(329 344 345 330)
4(330 345 314 315)
4(34 33 346 331)
4(331 346 347 332)
4(332 347 348 333)
4(333 348 349 334)
4(334 349 350 335)
4(335 350 351 336)
4(336 351 352 337)
4(337 352 353 338)
4(338 353 354 339)
4(339 354 355 340)
4(340 355 356 341)
4(341 356 357 342)
4(342 357 358 343)
4(343 358 359 344)
4(344 359 360 345)
4(345 360 313 314)
4(33 32 361 346)
4(346 361 362 347)
4(347 362 363 348)
4(348 363 364 349)
4(349 364 365 350)
4(350 365 366 351)
4(351 366 367 352)
4(352 367 368 353)
4(353 368 369 354)
4(354 369 370 355)
4(355 370 371 356)
4(356 371 372 357)
4(357 372 373 358)
4(358 373 374 359)
4(359 374 375 360)
4(360 375 312 313)
4(32 31 376 361)
4(361 376 377 362)
4(362 377 378 363)
4(363 378 379 364)
4(364 379 380 365)
4(365 380 381 366)
4(366 381 382 367)
4(367 382 383 368)
4(368 383 384 369)
4(369 384 385 370)
4(370 385 386 371)
4(371 386 387 372)
4(372 387 388 373)
4(373 388 389 374)
4(374 389 390 375)
4(375 390 311 312)
4(31 30 391 376)
4(376 391 392 377)
4(377 392 393 378)
4(378 393 394 379)
4(379 394 395 380)
4(380 395 396 381)
4(381 396 397 382)
4(382 397 398 383)
4(383 398 399 384)
4(384 399 400 385)
4(385 400 401 386)
4(386 401 402 387)
4(387 402 403 388)
4(388 403 404 389)
4(389 404 405 390)
4(390 405 310 311)
4(30 29 406 391)
4(391 406 407 392)
4(392 407 408 393)
4(393 408 409 394)
4(394 409 410 395)
4(395 410 411 396)
4(396 411 412 397)
4(397 412 413 398)
4(398 413 414 399)
4(399 414 415 400)
4(400 415 416 401)
4(401 416 417 402)
4(402 417 418 403)
4(403 418 419 404)
4(404 419 420 405)
4(405 420 309 310)
4(29 28 421 406)
4(406 421 422 407)
4(407 422 423 408)
4(408 423 424 409)
4(409 424 425 410)
4(410 425 426 411)
4(411 426 427 412)
4(412 427 428 413)
4(413 428 429 414)
4(414 429 430 415)
4(415 430 431 416)
4(416 431 432 417)
4(417 432 433 418)
4(418 433 434 419)
4(419 434 435 420)
4(420 435 308 309)
4(28 27 436 421)
4(421 436 437 422)
4(422 437 438 423)
4(423 438 439 424)
4(424 439 440 425)
4(425 440 441 426)
4(426 441 442 427)
4(427 442 443 428)
4(428 443 444 429)
4(429 444 445 430)
4(430 445 446 431)
4(431 446 447 432)
4(432 447 448 433)
4(433 448 449 434)
4(434 449 450 435)
4(435 450 307 308)
4(27 26 451 436)
4(436 451 452 437)
4(437 452 453 438)
4(438 453 454 439)
4(439 454 455 440)
4(440 455 456 441)
4(445 457 458 446)
4(446 458 459 447)
4(447 459 460 448)
4(448 460 461 449)
4(449 461 462 450)
4(450 462 306 307)
4(888 889 442 441)
4(889 890 443 442)
4(890 891 444 443)
4(891 892 445 444)
4(3 257 898 63)
4(257 256 899 898)
4(256 255 900 899)
4(255 254 901 900)
4(254 253 902 901)
4(253 252 903 902)
4(252 251 904 903)
4(251 250 905 904)
4(250 249 906 905)
4(249 248 907 906)
4(248 247 908 907)
4(247 246 909 908)
4(246 245 910 909)
4(245 244 911 910)
4(244 243 912 911)
4(243 98 490 912)
4(63 898 913 64)
4(898 899 914 913)
4(899 900 915 914)
4(900 901 916 915)
4(901 902 917 916)
4(902 903 918 917)
4(903 904 919 918)
4(904 905 920 919)
4(905 906 921 920)
4(906 907 922 921)
4(907 908 923 922)
4(908 909 924 923)
4(909 910 925 924)
4(910 911 926 925)
4(911 912 927 926)
4(912 490 491 927)
4(64 913 928 65)
4(913 914 929 928)
4(914 915 930 929)
4(915 916 931 930)
4(916 917 932 931)
4(917 918 933 932)
4(888 933 934 889)
4(918 919 934 933)
4(889 934 935 890)
4(919 920 935 934)
4(890 935 936 891)
4(920 921 936 935)
4(891 936 937 892)
4(921 922 937 936)
4(922 923 938 937)
4(923 924 939 938)
4(924 925 940 939)
4(925 926 941 940)
4(926 927 942 941)
4(927 491 492 942)
4(65 928 451 26)
4(928 929 452 451)
4(929 930 453 452)
4(930 931 454 453)
4(931 932 455 454)
4(888 441 456 933)
4(932 933 456 455)
4(892 937 457 445)
4(937 938 458 457)
4(938 939 459 458)
4(939 940 460 459)
4(940 941 461 460)
4(941 942 462 461)
4(942 492 306 462)
4(1655 1660 1661 1656)
4(1656 1661 1662 1657)
4(1657 1662 1663 1658)
4(1659 1666 1667 1660)
4(1660 1667 1668 1661)
4(1661 1668 1669 1662)
4(1662 1669 1670 1663)
4(1663 1670 1671 1664)
4(1665 1674 1675 1666)
4(1666 1675 1676 1667)
4(1667 1676 1677 1668)
4(1668 1677 1678 1669)
4(1669 1678 1679 1670)
4(1670 1679 1680 1671)
4(1671 1680 1681 1672)
4(1673 1684 1685 1674)
4(1674 1685 1686 1675)
4(1675 1686 1687 1676)
4(1676 1687 1688 1677)
4(1677 1688 1689 1678)
4(1678 1689 1690 1679)
4(1679 1690 1691 1680)
4(1680 1691 1692 1681)
4(1681 1692 1693 1682)
4(1683 1696 1697 1684)
4(1684 1697 1698 1685)
4(1685 1698 1699 1686)
4(1686 1699 1700 1687)
4(1687 1700 1701 1688)
4(1688 1701 1702 1689)
4(1689 1702 1703 1690)
4(1690 1703 1704 1691)
4(1691 1704 1705 1692)
4(1692 1705 1706 1693)
4(1693 1706 1707 1694)
4(1695 1710 1711 1696)
4(1696 1711 1712 1697)
4(1697 1712 1713 1698)
4(1698 1713 1714 1699)
4(1699 1714 1715 1700)
4(1700 1715 1716 1701)
4(1701 1716 1717 1702)
4(1702 1717 1718 1703)
4(1703 1718 1719 1704)
4(1704 1719 1720 1705)
4(1705 1720 1721 1706)
4(1706 1721 1722 1707)
4(1707 1722 1723 1708)
4(1709 243 244 1710)
4(1710 244 245 1711)
4(1711 245 246 1712)
4(1712 246 247 1713)
4(1713 247 248 1714)
4(1714 248 249 1715)
4(1715 249 250 1716)
4(1716 250 251 1717)
4(1717 251 252 1718)
4(1718 252 253 1719)
4(1719 253 254 1720)
4(1720 254 255 1721)
4(1721 255 256 1722)
4(1722 256 257 1723)
4(1723 257 3 22)
4(1653 1656 1657 1654)
4(82 260 463 107)
4(97 82 107 108)
4(260 259 464 463)
4(259 258 465 464)
4(258 66 315 465)
4(107 463 466 106)
4(108 107 106 123)
4(463 464 467 466)
4(464 465 468 467)
4(465 315 314 468)
4(106 466 469 105)
4(123 106 105 138)
4(466 467 470 469)
4(467 468 471 470)
4(468 314 313 471)
4(105 469 472 104)
4(138 105 104 153)
4(469 470 473 472)
4(470 471 474 473)
4(471 313 312 474)
4(104 472 475 103)
4(153 104 103 168)
4(472 473 476 475)
4(473 474 477 476)
4(474 312 311 477)
4(103 475 478 102)
4(168 103 102 183)
4(475 476 479 478)
4(476 477 480 479)
4(477 311 310 480)
4(102 478 481 101)
4(183 102 101 198)
4(478 479 482 481)
4(479 480 483 482)
4(480 310 309 483)
4(101 481 484 100)
4(198 101 100 213)
4(481 482 485 484)
4(482 483 486 485)
4(483 309 308 486)
4(100 484 487 99)
4(213 100 99 228)
4(484 485 488 487)
4(485 486 489 488)
4(486 308 307 489)
4(99 487 490 98)
4(228 99 98 243)
4(487 488 491 490)
4(488 489 492 491)
4(489 307 306 492)
4(971 972 1017 1014)
4(964 1016 1017 972)
4(964 965 1021 1016)
4(958 1020 1021 965)
4(958 959 1027 1020)
4(953 1026 1027 959)
4(953 954 1035 1026)
4(949 1034 1035 954)
4(949 950 1045 1034)
4(946 1044 1045 950)
4(946 947 1057 1044)
4(944 1056 1057 947)
4(944 945 1071 1056)
4(943 1070 1071 945)
4(943 97 108 1070)
4(1014 1017 1088 1085)
4(1016 1087 1088 1017)
4(1016 1021 1092 1087)
4(1020 1091 1092 1021)
4(1020 1027 1098 1091)
4(1026 1097 1098 1027)
4(1026 1035 1106 1097)
4(1034 1105 1106 1035)
4(1034 1045 1116 1105)
4(1044 1115 1116 1045)
4(1044 1057 1128 1115)
4(1056 1127 1128 1057)
4(1056 1071 1142 1127)
4(1070 1141 1142 1071)
4(1070 108 123 1141)
4(1085 1088 1159 1156)
4(1087 1158 1159 1088)
4(1087 1092 1163 1158)
4(1091 1162 1163 1092)
4(1091 1098 1169 1162)
4(1097 1168 1169 1098)
4(1097 1106 1177 1168)
4(1105 1176 1177 1106)
4(1105 1116 1187 1176)
4(1115 1186 1187 1116)
4(1115 1128 1199 1186)
4(1127 1198 1199 1128)
4(1127 1142 1213 1198)
4(1141 1212 1213 1142)
4(1141 123 138 1212)
4(1156 1159 1230 1227)
4(1158 1229 1230 1159)
4(1158 1163 1234 1229)
4(1162 1233 1234 1163)
4(1162 1169 1240 1233)
4(1168 1239 1240 1169)
4(1168 1177 1248 1239)
4(1176 1247 1248 1177)
4(1176 1187 1258 1247)
4(1186 1257 1258 1187)
4(1186 1199 1270 1257)
4(1198 1269 1270 1199)
4(1198 1213 1284 1269)
4(1212 1283 1284 1213)
4(1212 138 153 1283)
4(1227 1230 1301 1298)
4(1229 1300 1301 1230)
4(1229 1234 1305 1300)
4(1233 1304 1305 1234)
4(1233 1240 1311 1304)
4(1239 1310 1311 1240)
4(1239 1248 1319 1310)
4(1247 1318 1319 1248)
4(1247 1258 1329 1318)
4(1257 1328 1329 1258)
4(1257 1270 1341 1328)
4(1269 1340 1341 1270)
4(1269 1284 1355 1340)
4(1283 1354 1355 1284)
4(1283 153 168 1354)
4(1298 1301 1372 1369)
4(1300 1371 1372 1301)
4(1300 1305 1376 1371)
4(1304 1375 1376 1305)
4(1304 1311 1382 1375)
4(1310 1381 1382 1311)
4(1310 1319 1390 1381)
4(1318 1389 1390 1319)
4(1318 1329 1400 1389)
4(1328 1399 1400 1329)
4(1328 1341 1412 1399)
4(1340 1411 1412 1341)
4(1340 1355 1426 1411)
4(1354 1425 1426 1355)
4(1354 168 183 1425)
4(1369 1372 1443 1440)
4(1371 1442 1443 1372)
4(1371 1376 1447 1442)
4(1375 1446 1447 1376)
4(1375 1382 1453 1446)
4(1381 1452 1453 1382)
4(1381 1390 1461 1452)
4(1389 1460 1461 1390)
4(1389 1400 1471 1460)
4(1399 1470 1471 1400)
4(1399 1412 1483 1470)
4(1411 1482 1483 1412)
4(1411 1426 1497 1482)
4(1425 1496 1497 1426)
4(1425 183 198 1496)
4(1440 1443 1514 1511)
4(1442 1513 1514 1443)
4(1442 1447 1518 1513)
4(1446 1517 1518 1447)
4(1446 1453 1524 1517)
4(1452 1523 1524 1453)
4(1452 1461 1532 1523)
4(1460 1531 1532 1461)
4(1460 1471 1542 1531)
4(1470 1541 1542 1471)
4(1470 1483 1554 1541)
4(1482 1553 1554 1483)
4(1482 1497 1568 1553)
4(1496 1567 1568 1497)
4(1496 198 213 1567)
4(1511 1514 1585 1582)
4(1513 1584 1585 1514)
4(1513 1518 1589 1584)
4(1517 1588 1589 1518)
4(1517 1524 1595 1588)
4(1523 1594 1595 1524)
4(1523 1532 1603 1594)
4(1531 1602 1603 1532)
4(1531 1542 1613 1602)
4(1541 1612 1613 1542)
4(1541 1554 1625 1612)
4(1553 1624 1625 1554)
4(1553 1568 1639 1624)
4(1567 1638 1639 1568)
4(1567 213 228 1638)
4(1582 1585 1656 1653)
4(1584 1655 1656 1585)
4(1584 1589 1660 1655)
4(1588 1659 1660 1589)
4(1588 1595 1666 1659)
4(1594 1665 1666 1595)
4(1594 1603 1674 1665)
4(1602 1673 1674 1603)
4(1602 1613 1684 1673)
4(1612 1683 1684 1613)
4(1612 1625 1696 1683)
4(1624 1695 1696 1625)
4(1624 1639 1710 1695)
4(1638 1709 1710 1639)
4(1638 228 243 1709)
4(1 12 36 25)
4(2 13 12 1)
4(25 36 37 24)
4(24 37 38 23)
4(23 38 35 0)
4(12 11 39 36)
4(13 14 11 12)
4(36 39 40 37)
4(37 40 41 38)
4(38 41 34 35)
4(11 10 42 39)
4(14 15 10 11)
4(39 42 43 40)
4(40 43 44 41)
4(41 44 33 34)
4(10 9 45 42)
4(15 16 9 10)
4(42 45 46 43)
4(43 46 47 44)
4(44 47 32 33)
4(9 8 48 45)
4(16 17 8 9)
4(45 48 49 46)
4(46 49 50 47)
4(47 50 31 32)
4(8 7 51 48)
4(17 18 7 8)
4(48 51 52 49)
4(49 52 53 50)
4(50 53 30 31)
4(7 6 54 51)
4(18 19 6 7)
4(51 54 55 52)
4(52 55 56 53)
4(53 56 29 30)
4(6 5 57 54)
4(19 20 5 6)
4(54 57 58 55)
4(55 58 59 56)
4(56 59 28 29)
4(5 4 60 57)
4(20 21 4 5)
4(57 60 61 58)
4(58 61 62 59)
4(59 62 27 28)
4(4 3 63 60)
4(21 22 3 4)
4(60 63 64 61)
4(61 64 65 62)
4(62 65 26 27)
4(979 1015 1018 980)
4(980 1018 1019 987)
4(987 1019 1024 988)
4(988 1024 1025 994)
4(994 1025 1032 995)
4(995 1032 1033 1000)
4(1000 1033 1042 1001)
4(1001 1042 1043 1005)
4(1005 1043 1054 1006)
4(1006 1054 1055 1009)
4(1009 1055 1068 1010)
4(1010 1068 1069 1012)
4(1012 1069 1084 1013)
4(1013 1084 13 2)
4(1015 1086 1089 1018)
4(1018 1089 1090 1019)
4(1019 1090 1095 1024)
4(1024 1095 1096 1025)
4(1025 1096 1103 1032)
4(1032 1103 1104 1033)
4(1033 1104 1113 1042)
4(1042 1113 1114 1043)
4(1043 1114 1125 1054)
4(1054 1125 1126 1055)
4(1055 1126 1139 1068)
4(1068 1139 1140 1069)
4(1069 1140 1155 1084)
4(1084 1155 14 13)
4(1086 1157 1160 1089)
4(1089 1160 1161 1090)
4(1090 1161 1166 1095)
4(1095 1166 1167 1096)
4(1096 1167 1174 1103)
4(1103 1174 1175 1104)
4(1104 1175 1184 1113)
4(1113 1184 1185 1114)
4(1114 1185 1196 1125)
4(1125 1196 1197 1126)
4(1126 1197 1210 1139)
4(1139 1210 1211 1140)
4(1140 1211 1226 1155)
4(1155 1226 15 14)
4(1157 1228 1231 1160)
4(1160 1231 1232 1161)
4(1161 1232 1237 1166)
4(1166 1237 1238 1167)
4(1167 1238 1245 1174)
4(1174 1245 1246 1175)
4(1175 1246 1255 1184)
4(1184 1255 1256 1185)
4(1185 1256 1267 1196)
4(1196 1267 1268 1197)
4(1197 1268 1281 1210)
4(1210 1281 1282 1211)
4(1211 1282 1297 1226)
4(1226 1297 16 15)
4(1228 1299 1302 1231)
4(1231 1302 1303 1232)
4(1232 1303 1308 1237)
4(1237 1308 1309 1238)
4(1238 1309 1316 1245)
4(1245 1316 1317 1246)
4(1246 1317 1326 1255)
4(1255 1326 1327 1256)
4(1256 1327 1338 1267)
4(1267 1338 1339 1268)
4(1268 1339 1352 1281)
4(1281 1352 1353 1282)
4(1282 1353 1368 1297)
4(1297 1368 17 16)
4(1299 1370 1373 1302)
4(1302 1373 1374 1303)
4(1303 1374 1379 1308)
4(1308 1379 1380 1309)
4(1309 1380 1387 1316)
4(1316 1387 1388 1317)
4(1317 1388 1397 1326)
4(1326 1397 1398 1327)
4(1327 1398 1409 1338)
4(1338 1409 1410 1339)
4(1339 1410 1423 1352)
4(1352 1423 1424 1353)
4(1353 1424 1439 1368)
4(1368 1439 18 17)
4(1370 1441 1444 1373)
4(1373 1444 1445 1374)
4(1374 1445 1450 1379)
4(1379 1450 1451 1380)
4(1380 1451 1458 1387)
4(1387 1458 1459 1388)
4(1388 1459 1468 1397)
4(1397 1468 1469 1398)
4(1398 1469 1480 1409)
4(1409 1480 1481 1410)
4(1410 1481 1494 1423)
4(1423 1494 1495 1424)
4(1424 1495 1510 1439)
4(1439 1510 19 18)
4(1441 1512 1515 1444)
4(1444 1515 1516 1445)
4(1445 1516 1521 1450)
4(1450 1521 1522 1451)
4(1451 1522 1529 1458)
4(1458 1529 1530 1459)
4(1459 1530 1539 1468)
4(1468 1539 1540 1469)
4(1469 1540 1551 1480)
4(1480 1551 1552 1481)
4(1481 1552 1565 1494)
4(1494 1565 1566 1495)
4(1495 1566 1581 1510)
4(1510 1581 20 19)
4(1512 1583 1586 1515)
4(1515 1586 1587 1516)
4(1516 1587 1592 1521)
4(1521 1592 1593 1522)
4(1522 1593 1600 1529)
4(1529 1600 1601 1530)
4(1530 1601 1610 1539)
4(1539 1610 1611 1540)
4(1540 1611 1622 1551)
4(1551 1622 1623 1552)
4(1552 1623 1636 1565)
4(1565 1636 1637 1566)
4(1566 1637 1652 1581)
4(1581 1652 21 20)
4(1583 1654 1657 1586)
4(1586 1657 1658 1587)
4(1587 1658 1663 1592)
4(1592 1663 1664 1593)
4(1593 1664 1671 1600)
4(1600 1671 1672 1601)
4(1601 1672 1681 1610)
4(1610 1681 1682 1611)
4(1611 1682 1693 1622)
4(1622 1693 1694 1623)
4(1623 1694 1707 1636)
4(1636 1707 1708 1637)
4(1637 1708 1723 1652)
4(1652 1723 22 21)
4(971 1014 1015 979)
4(1014 1085 1086 1015)
4(1085 1156 1157 1086)
4(1156 1227 1228 1157)
4(1227 1298 1299 1228)
4(1298 1369 1370 1299)
4(1369 1440 1441 1370)
4(1440 1511 1512 1441)
4(1511 1582 1583 1512)
4(1582 1653 1654 1583)
)


// ************************************************************************* //
