/*--------------------------------*- C++ -*----------------------------------*\
| =========                 |                                                 |
| \\      /  F ield         | OpenFOAM: The Open Source CFD Toolbox           |
|  \\    /   O peration     | Version:  4.x                                   |
|   \\  /    A nd           | Web:      www.OpenFOAM.org                      |
|    \\/     M anipulation  |                                                 |
\*---------------------------------------------------------------------------*/
FoamFile
{
    version     2.0;
    format      ascii;
    class       labelList;
    note        "nPoints: 1724 nCells: 1276 nFaces: 4237 nInternalFaces: 3419";
    location    "constant/polyMesh";
    object      neighbour;
}
// * * * * * * * * * * * * * * * * * * * * * * * * * * * * * * * * * * * * * //


3419
(
1
16
64
699
2
17
65
698
3
18
66
697
4
19
67
696
5
20
68
695
6
21
69
694
7
22
70
693
8
23
71
692
9
24
72
691
10
25
73
690
11
26
74
689
12
27
75
688
13
28
76
687
14
29
77
686
15
30
78
685
31
79
17
32
80
18
33
81
19
34
82
20
35
83
21
36
84
22
37
85
23
38
86
24
39
87
25
40
88
26
41
89
27
42
90
28
43
91
29
44
92
30
45
93
31
46
94
47
95
33
48
96
34
49
97
35
50
98
36
51
99
37
52
100
38
53
101
39
54
102
40
55
103
41
56
104
42
57
105
43
58
106
44
59
107
45
60
108
46
61
109
47
62
110
63
111
49
112
50
113
51
114
52
115
53
116
54
117
55
118
56
119
57
120
58
121
59
122
60
123
61
124
62
125
63
126
127
65
80
128
763
66
81
129
762
67
82
130
761
68
83
131
760
69
84
132
759
70
85
133
758
71
86
134
757
72
87
135
756
73
88
136
755
74
89
137
754
75
90
138
753
76
91
139
752
77
92
140
751
78
93
141
750
79
94
142
749
95
143
81
96
144
82
97
145
83
98
146
84
99
147
85
100
148
86
101
149
87
102
150
88
103
151
89
104
152
90
105
153
91
106
154
92
107
155
93
108
156
94
109
157
95
110
158
111
159
97
112
160
98
113
161
99
114
162
100
115
163
101
116
164
102
117
165
103
118
166
104
119
167
105
120
168
106
121
169
107
122
170
108
123
171
109
124
172
110
125
173
111
126
174
127
175
113
176
114
177
115
178
116
179
117
180
118
181
119
182
120
183
121
184
122
185
123
186
124
187
125
188
126
189
127
190
191
129
144
192
827
130
145
193
826
131
146
194
825
132
147
195
824
133
148
196
823
134
149
197
822
135
150
198
821
136
151
199
820
137
152
200
819
138
153
201
818
139
154
202
817
140
155
203
816
141
156
204
815
142
157
205
814
143
158
206
813
159
207
145
160
208
146
161
209
147
162
210
148
163
211
149
164
212
150
165
213
151
166
214
152
167
215
153
168
216
154
169
217
155
170
218
156
171
219
157
172
220
158
173
221
159
174
222
175
223
161
176
224
162
177
225
163
178
226
164
179
227
165
180
228
166
181
229
167
182
230
168
183
231
169
184
232
170
185
233
171
186
234
172
187
235
173
188
236
174
189
237
175
190
238
191
239
177
240
178
241
179
242
180
243
181
244
182
245
183
246
184
247
185
248
186
249
187
250
188
251
189
252
190
253
191
254
255
193
208
256
891
194
209
257
890
195
210
258
889
196
211
259
888
197
212
260
887
198
213
261
886
199
214
262
885
200
215
263
884
201
216
264
883
202
217
265
882
203
218
266
881
204
219
267
880
205
220
268
879
206
221
269
878
207
222
270
877
223
271
209
224
272
210
225
273
211
226
274
212
227
275
213
228
276
214
229
277
215
230
278
216
231
279
217
232
280
218
233
281
219
234
282
220
235
283
221
236
284
222
237
285
223
238
286
239
287
225
240
288
226
241
289
227
242
290
228
243
291
229
244
292
230
245
293
231
246
294
232
247
295
233
248
296
234
249
297
235
250
298
236
251
299
237
252
300
238
253
301
239
254
302
255
303
241
304
242
305
243
306
244
307
245
308
246
309
247
310
248
311
249
312
250
313
251
314
252
315
253
316
254
317
255
318
319
257
272
320
955
258
273
321
954
259
274
322
953
260
275
323
952
261
276
324
951
262
277
325
950
263
278
326
949
264
279
327
948
265
280
328
947
266
281
329
946
267
282
330
945
268
283
331
944
269
284
332
943
270
285
333
942
271
286
334
941
287
335
273
288
336
274
289
337
275
290
338
276
291
339
277
292
340
278
293
341
279
294
342
280
295
343
281
296
344
282
297
345
283
298
346
284
299
347
285
300
348
286
301
349
287
302
350
303
351
289
304
352
290
305
353
291
306
354
292
307
355
293
308
356
294
309
357
295
310
358
296
311
359
297
312
360
298
313
361
299
314
362
300
315
363
301
316
364
302
317
365
303
318
366
319
367
305
368
306
369
307
370
308
371
309
372
310
373
311
374
312
375
313
376
314
377
315
378
316
379
317
380
318
381
319
382
383
321
336
384
1019
322
337
385
1018
323
338
386
1017
324
339
387
1016
325
340
388
1015
326
341
389
1014
327
342
390
1013
328
343
391
1012
329
344
392
1011
330
345
393
1010
331
346
394
1009
332
347
395
1008
333
348
396
1007
334
349
397
1006
335
350
398
1005
351
399
337
352
400
338
353
401
339
354
402
340
355
403
341
356
404
342
357
405
343
358
406
344
359
407
345
360
408
346
361
409
347
362
410
348
363
411
349
364
412
350
365
413
351
366
414
367
415
353
368
416
354
369
417
355
370
418
356
371
419
357
372
420
358
373
421
359
374
422
360
375
423
361
376
424
362
377
425
363
378
426
364
379
427
365
380
428
366
381
429
367
382
430
383
431
369
432
370
433
371
434
372
435
373
436
374
437
375
438
376
439
377
440
378
441
379
442
380
443
381
444
382
445
383
446
447
385
400
448
1083
386
401
449
1082
387
402
450
1081
388
403
451
1080
389
404
452
1079
390
405
453
1078
391
406
454
1077
392
407
455
1076
393
408
456
1075
394
409
457
1074
395
410
458
1073
396
411
459
1072
397
412
460
1071
398
413
461
1070
399
414
462
1069
415
463
401
416
464
402
417
465
403
418
466
404
419
467
405
420
468
406
421
469
407
422
470
408
423
471
409
424
472
410
425
473
411
426
474
412
427
475
413
428
476
414
429
477
415
430
478
431
479
417
432
480
418
433
481
419
434
482
420
435
483
421
436
484
422
437
485
423
438
486
424
439
487
425
440
488
426
441
489
427
442
490
428
443
491
429
444
492
430
445
493
431
446
494
447
495
433
496
434
497
435
498
436
499
437
500
438
501
439
502
440
503
441
504
442
505
443
506
444
507
445
508
446
509
447
510
511
449
464
512
1147
450
465
513
1146
451
466
514
1145
452
467
515
1144
453
468
516
1143
454
469
517
1142
455
470
518
1141
456
471
519
1140
457
472
520
1139
458
473
521
1138
459
474
522
1137
460
475
523
1136
461
476
524
1135
462
477
525
1134
463
478
526
1133
479
527
465
480
528
466
481
529
467
482
530
468
483
531
469
484
532
470
485
533
471
486
534
472
487
535
473
488
536
474
489
537
475
490
538
476
491
539
477
492
540
478
493
541
479
494
542
495
543
481
496
544
482
497
545
483
498
546
484
499
547
485
500
548
486
501
549
487
502
550
488
503
551
489
504
552
490
505
553
491
506
554
492
507
555
493
508
556
494
509
557
495
510
558
511
559
497
560
498
561
499
562
500
563
501
564
502
565
503
566
504
567
505
568
506
569
507
570
508
571
509
572
510
573
511
574
575
513
528
576
1211
514
529
577
1210
515
530
578
1209
516
531
579
1208
517
532
580
1207
518
533
581
1206
519
534
582
1205
520
535
583
1204
521
536
584
1203
522
537
585
1202
523
538
586
1201
524
539
587
1200
525
540
588
1199
526
541
589
1198
527
542
590
1197
543
591
529
544
592
530
545
593
531
546
594
532
547
595
533
548
596
534
549
597
535
550
598
536
551
599
537
552
600
538
553
601
539
554
602
540
555
603
541
556
604
542
557
605
543
558
606
559
607
545
560
608
546
561
609
547
562
610
548
563
611
549
564
612
550
565
613
551
566
614
552
567
615
553
568
616
554
569
617
555
570
618
556
571
619
557
572
620
558
573
621
559
574
622
575
623
561
624
562
625
563
626
564
627
565
628
566
629
567
568
569
570
571
630
572
631
573
632
574
633
575
634
635
577
592
1275
578
593
1274
579
594
1273
580
595
1272
581
596
1271
582
597
1270
583
598
1269
584
599
1268
585
600
1267
586
601
1266
587
602
1265
588
603
1264
589
604
1263
590
605
1262
591
606
1261
607
593
608
594
609
595
610
596
611
597
612
598
613
599
614
600
615
601
616
602
617
603
618
604
619
605
620
606
621
607
622
623
609
624
610
625
611
626
612
627
613
628
614
629
615
616
617
618
619
630
620
631
621
632
622
633
623
634
635
625
626
627
628
629
631
632
633
634
635
638
700
638
641
701
639
642
702
643
703
641
646
704
642
647
705
643
648
706
644
649
707
650
708
646
653
709
647
654
710
648
655
711
649
656
712
650
657
713
651
658
714
659
715
653
662
716
654
663
717
655
664
718
656
665
719
657
666
720
658
667
721
659
668
722
660
669
723
670
724
662
673
725
663
674
726
664
675
727
665
676
728
666
677
729
667
678
730
668
679
731
669
680
732
670
681
733
671
682
734
683
735
673
686
736
674
687
737
675
688
738
676
689
739
677
690
740
678
691
741
679
692
742
680
693
743
681
694
744
682
695
745
683
696
746
684
697
747
698
748
686
749
687
750
688
751
689
752
690
753
691
754
692
755
693
756
694
757
695
758
696
759
697
760
698
761
699
762
763
702
764
702
705
765
703
706
766
707
767
705
710
768
706
711
769
707
712
770
708
713
771
714
772
710
717
773
711
718
774
712
719
775
713
720
776
714
721
777
715
722
778
723
779
717
726
780
718
727
781
719
728
782
720
729
783
721
730
784
722
731
785
723
732
786
724
733
787
734
788
726
737
789
727
738
790
728
739
791
729
740
792
730
741
793
731
742
794
732
743
795
733
744
796
734
745
797
735
746
798
747
799
737
750
800
738
751
801
739
752
802
740
753
803
741
754
804
742
755
805
743
756
806
744
757
807
745
758
808
746
759
809
747
760
810
748
761
811
762
812
750
813
751
814
752
815
753
816
754
817
755
818
756
819
757
820
758
821
759
822
760
823
761
824
762
825
763
826
827
766
828
766
769
829
767
770
830
771
831
769
774
832
770
775
833
771
776
834
772
777
835
778
836
774
781
837
775
782
838
776
783
839
777
784
840
778
785
841
779
786
842
787
843
781
790
844
782
791
845
783
792
846
784
793
847
785
794
848
786
795
849
787
796
850
788
797
851
798
852
790
801
853
791
802
854
792
803
855
793
804
856
794
805
857
795
806
858
796
807
859
797
808
860
798
809
861
799
810
862
811
863
801
814
864
802
815
865
803
816
866
804
817
867
805
818
868
806
819
869
807
820
870
808
821
871
809
822
872
810
823
873
811
824
874
812
825
875
826
876
814
877
815
878
816
879
817
880
818
881
819
882
820
883
821
884
822
885
823
886
824
887
825
888
826
889
827
890
891
830
892
830
833
893
831
834
894
835
895
833
838
896
834
839
897
835
840
898
836
841
899
842
900
838
845
901
839
846
902
840
847
903
841
848
904
842
849
905
843
850
906
851
907
845
854
908
846
855
909
847
856
910
848
857
911
849
858
912
850
859
913
851
860
914
852
861
915
862
916
854
865
917
855
866
918
856
867
919
857
868
920
858
869
921
859
870
922
860
871
923
861
872
924
862
873
925
863
874
926
875
927
865
878
928
866
879
929
867
880
930
868
881
931
869
882
932
870
883
933
871
884
934
872
885
935
873
886
936
874
887
937
875
888
938
876
889
939
890
940
878
941
879
942
880
943
881
944
882
945
883
946
884
947
885
948
886
949
887
950
888
951
889
952
890
953
891
954
955
894
956
894
897
957
895
898
958
899
959
897
902
960
898
903
961
899
904
962
900
905
963
906
964
902
909
965
903
910
966
904
911
967
905
912
968
906
913
969
907
914
970
915
971
909
918
972
910
919
973
911
920
974
912
921
975
913
922
976
914
923
977
915
924
978
916
925
979
926
980
918
929
981
919
930
982
920
931
983
921
932
984
922
933
985
923
934
986
924
935
987
925
936
988
926
937
989
927
938
990
939
991
929
942
992
930
943
993
931
944
994
932
945
995
933
946
996
934
947
997
935
948
998
936
949
999
937
950
1000
938
951
1001
939
952
1002
940
953
1003
954
1004
942
1005
943
1006
944
1007
945
1008
946
1009
947
1010
948
1011
949
1012
950
1013
951
1014
952
1015
953
1016
954
1017
955
1018
1019
958
1020
958
961
1021
959
962
1022
963
1023
961
966
1024
962
967
1025
963
968
1026
964
969
1027
970
1028
966
973
1029
967
974
1030
968
975
1031
969
976
1032
970
977
1033
971
978
1034
979
1035
973
982
1036
974
983
1037
975
984
1038
976
985
1039
977
986
1040
978
987
1041
979
988
1042
980
989
1043
990
1044
982
993
1045
983
994
1046
984
995
1047
985
996
1048
986
997
1049
987
998
1050
988
999
1051
989
1000
1052
990
1001
1053
991
1002
1054
1003
1055
993
1006
1056
994
1007
1057
995
1008
1058
996
1009
1059
997
1010
1060
998
1011
1061
999
1012
1062
1000
1013
1063
1001
1014
1064
1002
1015
1065
1003
1016
1066
1004
1017
1067
1018
1068
1006
1069
1007
1070
1008
1071
1009
1072
1010
1073
1011
1074
1012
1075
1013
1076
1014
1077
1015
1078
1016
1079
1017
1080
1018
1081
1019
1082
1083
1022
1084
1022
1025
1085
1023
1026
1086
1027
1087
1025
1030
1088
1026
1031
1089
1027
1032
1090
1028
1033
1091
1034
1092
1030
1037
1093
1031
1038
1094
1032
1039
1095
1033
1040
1096
1034
1041
1097
1035
1042
1098
1043
1099
1037
1046
1100
1038
1047
1101
1039
1048
1102
1040
1049
1103
1041
1050
1104
1042
1051
1105
1043
1052
1106
1044
1053
1107
1054
1108
1046
1057
1109
1047
1058
1110
1048
1059
1111
1049
1060
1112
1050
1061
1113
1051
1062
1114
1052
1063
1115
1053
1064
1116
1054
1065
1117
1055
1066
1118
1067
1119
1057
1070
1120
1058
1071
1121
1059
1072
1122
1060
1073
1123
1061
1074
1124
1062
1075
1125
1063
1076
1126
1064
1077
1127
1065
1078
1128
1066
1079
1129
1067
1080
1130
1068
1081
1131
1082
1132
1070
1133
1071
1134
1072
1135
1073
1136
1074
1137
1075
1138
1076
1139
1077
1140
1078
1141
1079
1142
1080
1143
1081
1144
1082
1145
1083
1146
1147
1086
1148
1086
1089
1149
1087
1090
1150
1091
1151
1089
1094
1152
1090
1095
1153
1091
1096
1154
1092
1097
1155
1098
1156
1094
1101
1157
1095
1102
1158
1096
1103
1159
1097
1104
1160
1098
1105
1161
1099
1106
1162
1107
1163
1101
1110
1164
1102
1111
1165
1103
1112
1166
1104
1113
1167
1105
1114
1168
1106
1115
1169
1107
1116
1170
1108
1117
1171
1118
1172
1110
1121
1173
1111
1122
1174
1112
1123
1175
1113
1124
1176
1114
1125
1177
1115
1126
1178
1116
1127
1179
1117
1128
1180
1118
1129
1181
1119
1130
1182
1131
1183
1121
1134
1184
1122
1135
1185
1123
1136
1186
1124
1137
1187
1125
1138
1188
1126
1139
1189
1127
1140
1190
1128
1141
1191
1129
1142
1192
1130
1143
1193
1131
1144
1194
1132
1145
1195
1146
1196
1134
1197
1135
1198
1136
1199
1137
1200
1138
1201
1139
1202
1140
1203
1141
1204
1142
1205
1143
1206
1144
1207
1145
1208
1146
1209
1147
1210
1211
1150
1212
1150
1153
1213
1151
1154
1214
1155
1215
1153
1158
1216
1154
1159
1217
1155
1160
1218
1156
1161
1219
1162
1220
1158
1165
1221
1159
1166
1222
1160
1167
1223
1161
1168
1224
1162
1169
1225
1163
1170
1226
1171
1227
1165
1174
1228
1166
1175
1229
1167
1176
1230
1168
1177
1231
1169
1178
1232
1170
1179
1233
1171
1180
1234
1172
1181
1235
1182
1236
1174
1185
1237
1175
1186
1238
1176
1187
1239
1177
1188
1240
1178
1189
1241
1179
1190
1242
1180
1191
1243
1181
1192
1244
1182
1193
1245
1183
1194
1246
1195
1247
1185
1198
1248
1186
1199
1249
1187
1200
1250
1188
1201
1251
1189
1202
1252
1190
1203
1253
1191
1204
1254
1192
1205
1255
1193
1206
1256
1194
1207
1257
1195
1208
1258
1196
1209
1259
1210
1260
1198
1261
1199
1262
1200
1263
1201
1264
1202
1265
1203
1266
1204
1267
1205
1268
1206
1269
1207
1270
1208
1271
1209
1272
1210
1273
1211
1274
1275
1214
1214
1217
1215
1218
1219
1217
1222
1218
1223
1219
1224
1220
1225
1226
1222
1229
1223
1230
1224
1231
1225
1232
1226
1233
1227
1234
1235
1229
1238
1230
1239
1231
1240
1232
1241
1233
1242
1234
1243
1235
1244
1236
1245
1246
1238
1249
1239
1250
1240
1251
1241
1252
1242
1253
1243
1254
1244
1255
1245
1256
1246
1257
1247
1258
1259
1249
1262
1250
1263
1251
1264
1252
1265
1253
1266
1254
1267
1255
1268
1256
1269
1257
1270
1258
1271
1259
1272
1260
1273
1274
1262
1263
1264
1265
1266
1267
1268
1269
1270
1271
1272
1273
1274
1275
)


// ************************************************************************* //
