/*--------------------------------*- C++ -*----------------------------------*\
| =========                 |                                                 |
| \\      /  F ield         | OpenFOAM: The Open Source CFD Toolbox           |
|  \\    /   O peration     | Version:  4.x                                   |
|   \\  /    A nd           | Web:      www.OpenFOAM.org                      |
|    \\/     M anipulation  |                                                 |
\*---------------------------------------------------------------------------*/
FoamFile
{
    version     2.0;
    format      ascii;
    class       vectorField;
    location    "constant/polyMesh";
    object      points;
}
// * * * * * * * * * * * * * * * * * * * * * * * * * * * * * * * * * * * * * //


1724
(
(-0.5 1.11022e-16 1)
(-0.335 7.43849e-17 1)
(-0.314063 0.0209375 1)
(-0.335 7.43849e-17 0.5)
(-0.335 7.43849e-17 0.55)
(-0.335 7.43849e-17 0.6)
(-0.335 7.43849e-17 0.65)
(-0.335 7.43849e-17 0.7)
(-0.335 7.43849e-17 0.75)
(-0.335 7.43849e-17 0.8)
(-0.335 7.43849e-17 0.85)
(-0.335 7.43849e-17 0.9)
(-0.335 7.43849e-17 0.95)
(-0.314063 0.0209375 0.95)
(-0.314063 0.0209375 0.9)
(-0.314063 0.0209375 0.85)
(-0.314063 0.0209375 0.8)
(-0.314063 0.0209375 0.75)
(-0.314063 0.0209375 0.7)
(-0.314063 0.0209375 0.65)
(-0.314063 0.0209375 0.6)
(-0.314063 0.0209375 0.55)
(-0.314063 0.0209375 0.5)
(-0.45875 1.01863e-16 1)
(-0.4175 9.27036e-17 1)
(-0.37625 8.35443e-17 1)
(-0.5 1.11022e-16 0.5)
(-0.5 1.11022e-16 0.55)
(-0.5 1.11022e-16 0.6)
(-0.5 1.11022e-16 0.65)
(-0.5 1.11022e-16 0.7)
(-0.5 1.11022e-16 0.75)
(-0.5 1.11022e-16 0.8)
(-0.5 1.11022e-16 0.85)
(-0.5 1.11022e-16 0.9)
(-0.5 1.11022e-16 0.95)
(-0.37625 5.55112e-17 0.95)
(-0.4175 -2.22045e-16 0.95)
(-0.45875 -4.44089e-16 0.95)
(-0.37625 5.55112e-17 0.9)
(-0.4175 -2.22045e-16 0.9)
(-0.45875 -4.44089e-16 0.9)
(-0.37625 1.11022e-16 0.85)
(-0.4175 -1.66533e-16 0.85)
(-0.45875 -3.88578e-16 0.85)
(-0.37625 1.11022e-16 0.8)
(-0.4175 -1.66533e-16 0.8)
(-0.45875 -3.88578e-16 0.8)
(-0.37625 1.11022e-16 0.75)
(-0.4175 -1.66533e-16 0.75)
(-0.45875 -3.88578e-16 0.75)
(-0.37625 1.11022e-16 0.7)
(-0.4175 -1.66533e-16 0.7)
(-0.45875 -3.88578e-16 0.7)
(-0.37625 1.11022e-16 0.65)
(-0.4175 -1.66533e-16 0.65)
(-0.45875 -3.88578e-16 0.65)
(-0.37625 1.11022e-16 0.6)
(-0.4175 -1.66533e-16 0.6)
(-0.45875 -3.88578e-16 0.6)
(-0.37625 1.11022e-16 0.55)
(-0.4175 -1.66533e-16 0.55)
(-0.45875 -3.88578e-16 0.55)
(-0.37625 1.11022e-16 0.5)
(-0.4175 -1.66533e-16 0.5)
(-0.45875 -3.88578e-16 0.5)
(-1.66533e-16 -0.5 1)
(-0.497592 -0.0490086 1)
(-0.490393 -0.0975452 1)
(-0.47847 -0.145142 1)
(-0.46194 -0.191342 1)
(-0.440961 -0.235698 1)
(-0.415735 -0.277785 1)
(-0.386505 -0.317197 1)
(-0.353553 -0.353553 1)
(-0.317197 -0.386505 1)
(-0.277785 -0.415735 1)
(-0.235698 -0.440961 1)
(-0.191342 -0.46194 1)
(-0.145142 -0.47847 1)
(-0.0975452 -0.490393 1)
(-0.0490086 -0.497592 1)
(-1.11577e-16 -0.335 1)
(-0.314063 -0.0209375 1)
(-0.293125 -0.041875 1)
(-0.272187 -0.0628125 1)
(-0.25125 -0.08375 1)
(-0.230312 -0.104688 1)
(-0.209375 -0.125625 1)
(-0.188437 -0.146563 1)
(-0.1675 -0.1675 1)
(-0.146562 -0.188438 1)
(-0.125625 -0.209375 1)
(-0.104688 -0.230312 1)
(-0.08375 -0.25125 1)
(-0.0628125 -0.272187 1)
(-0.041875 -0.293125 1)
(-0.0209375 -0.314062 1)
(-1.11577e-16 -0.335 0.5)
(-1.11577e-16 -0.335 0.55)
(-1.11577e-16 -0.335 0.6)
(-1.11577e-16 -0.335 0.65)
(-1.11577e-16 -0.335 0.7)
(-1.11577e-16 -0.335 0.75)
(-1.11577e-16 -0.335 0.8)
(-1.11577e-16 -0.335 0.85)
(-1.11577e-16 -0.335 0.9)
(-1.11577e-16 -0.335 0.95)
(-0.0209375 -0.314062 0.95)
(-0.041875 -0.293125 0.95)
(-0.0628125 -0.272187 0.95)
(-0.08375 -0.25125 0.95)
(-0.104688 -0.230312 0.95)
(-0.125625 -0.209375 0.95)
(-0.146562 -0.188438 0.95)
(-0.1675 -0.1675 0.95)
(-0.188437 -0.146563 0.95)
(-0.209375 -0.125625 0.95)
(-0.230312 -0.104688 0.95)
(-0.25125 -0.08375 0.95)
(-0.272187 -0.0628125 0.95)
(-0.293125 -0.041875 0.95)
(-0.314063 -0.0209375 0.95)
(-0.0209375 -0.314062 0.9)
(-0.041875 -0.293125 0.9)
(-0.0628125 -0.272187 0.9)
(-0.08375 -0.25125 0.9)
(-0.104688 -0.230312 0.9)
(-0.125625 -0.209375 0.9)
(-0.146562 -0.188438 0.9)
(-0.1675 -0.1675 0.9)
(-0.188437 -0.146563 0.9)
(-0.209375 -0.125625 0.9)
(-0.230312 -0.104688 0.9)
(-0.25125 -0.08375 0.9)
(-0.272187 -0.0628125 0.9)
(-0.293125 -0.041875 0.9)
(-0.314063 -0.0209375 0.9)
(-0.0209375 -0.314062 0.85)
(-0.041875 -0.293125 0.85)
(-0.0628125 -0.272187 0.85)
(-0.08375 -0.25125 0.85)
(-0.104688 -0.230312 0.85)
(-0.125625 -0.209375 0.85)
(-0.146562 -0.188438 0.85)
(-0.1675 -0.1675 0.85)
(-0.188437 -0.146563 0.85)
(-0.209375 -0.125625 0.85)
(-0.230312 -0.104688 0.85)
(-0.25125 -0.08375 0.85)
(-0.272188 -0.0628125 0.85)
(-0.293125 -0.041875 0.85)
(-0.314062 -0.0209375 0.85)
(-0.0209375 -0.314062 0.8)
(-0.041875 -0.293125 0.8)
(-0.0628125 -0.272187 0.8)
(-0.08375 -0.25125 0.8)
(-0.104688 -0.230312 0.8)
(-0.125625 -0.209375 0.8)
(-0.146562 -0.188438 0.8)
(-0.1675 -0.1675 0.8)
(-0.188437 -0.146563 0.8)
(-0.209375 -0.125625 0.8)
(-0.230312 -0.104688 0.8)
(-0.25125 -0.08375 0.8)
(-0.272187 -0.0628125 0.8)
(-0.293125 -0.041875 0.8)
(-0.314063 -0.0209375 0.8)
(-0.0209375 -0.314062 0.75)
(-0.041875 -0.293125 0.75)
(-0.0628125 -0.272187 0.75)
(-0.08375 -0.25125 0.75)
(-0.104688 -0.230312 0.75)
(-0.125625 -0.209375 0.75)
(-0.146562 -0.188438 0.75)
(-0.1675 -0.1675 0.75)
(-0.188437 -0.146563 0.75)
(-0.209375 -0.125625 0.75)
(-0.230312 -0.104688 0.75)
(-0.25125 -0.08375 0.75)
(-0.272188 -0.0628125 0.75)
(-0.293125 -0.041875 0.75)
(-0.314063 -0.0209375 0.75)
(-0.0209375 -0.314062 0.7)
(-0.041875 -0.293125 0.7)
(-0.0628125 -0.272187 0.7)
(-0.08375 -0.25125 0.7)
(-0.104688 -0.230312 0.7)
(-0.125625 -0.209375 0.7)
(-0.146562 -0.188438 0.7)
(-0.1675 -0.1675 0.7)
(-0.188437 -0.146563 0.7)
(-0.209375 -0.125625 0.7)
(-0.230312 -0.104688 0.7)
(-0.25125 -0.08375 0.7)
(-0.272188 -0.0628125 0.7)
(-0.293125 -0.041875 0.7)
(-0.314063 -0.0209375 0.7)
(-0.0209375 -0.314062 0.65)
(-0.041875 -0.293125 0.65)
(-0.0628125 -0.272187 0.65)
(-0.08375 -0.25125 0.65)
(-0.104688 -0.230312 0.65)
(-0.125625 -0.209375 0.65)
(-0.146562 -0.188438 0.65)
(-0.1675 -0.1675 0.65)
(-0.188437 -0.146563 0.65)
(-0.209375 -0.125625 0.65)
(-0.230312 -0.104688 0.65)
(-0.25125 -0.08375 0.65)
(-0.272188 -0.0628125 0.65)
(-0.293125 -0.041875 0.65)
(-0.314063 -0.0209375 0.65)
(-0.0209375 -0.314062 0.6)
(-0.041875 -0.293125 0.6)
(-0.0628125 -0.272187 0.6)
(-0.08375 -0.25125 0.6)
(-0.104688 -0.230312 0.6)
(-0.125625 -0.209375 0.6)
(-0.146562 -0.188438 0.6)
(-0.1675 -0.1675 0.6)
(-0.188437 -0.146563 0.6)
(-0.209375 -0.125625 0.6)
(-0.230312 -0.104688 0.6)
(-0.25125 -0.08375 0.6)
(-0.272187 -0.0628125 0.6)
(-0.293125 -0.041875 0.6)
(-0.314063 -0.0209375 0.6)
(-0.0209375 -0.314062 0.55)
(-0.041875 -0.293125 0.55)
(-0.0628125 -0.272187 0.55)
(-0.08375 -0.25125 0.55)
(-0.104688 -0.230312 0.55)
(-0.125625 -0.209375 0.55)
(-0.146562 -0.188438 0.55)
(-0.1675 -0.1675 0.55)
(-0.188437 -0.146563 0.55)
(-0.209375 -0.125625 0.55)
(-0.230312 -0.104688 0.55)
(-0.25125 -0.08375 0.55)
(-0.272187 -0.0628125 0.55)
(-0.293125 -0.041875 0.55)
(-0.314063 -0.0209375 0.55)
(-0.0209375 -0.314062 0.5)
(-0.041875 -0.293125 0.5)
(-0.0628125 -0.272187 0.5)
(-0.08375 -0.25125 0.5)
(-0.104688 -0.230312 0.5)
(-0.125625 -0.209375 0.5)
(-0.146562 -0.188438 0.5)
(-0.1675 -0.1675 0.5)
(-0.188437 -0.146563 0.5)
(-0.209375 -0.125625 0.5)
(-0.230312 -0.104688 0.5)
(-0.25125 -0.08375 0.5)
(-0.272187 -0.0628125 0.5)
(-0.293125 -0.041875 0.5)
(-0.314063 -0.0209375 0.5)
(-1.52794e-16 -0.45875 1)
(-1.39055e-16 -0.4175 1)
(-1.25316e-16 -0.37625 1)
(-0.359945 -0.0279553 1)
(-0.342442 -0.0557925 1)
(-0.323758 -0.083395 1)
(-0.303922 -0.110648 1)
(-0.282975 -0.13744 1)
(-0.260965 -0.163665 1)
(-0.237954 -0.189221 1)
(-0.214013 -0.214013 1)
(-0.189221 -0.237954 1)
(-0.163665 -0.260965 1)
(-0.13744 -0.282975 1)
(-0.110648 -0.303922 1)
(-0.083395 -0.323758 1)
(-0.0557925 -0.342442 1)
(-0.0279553 -0.359945 1)
(-0.405827 -0.034973 1)
(-0.391759 -0.0697101 1)
(-0.375329 -0.103977 1)
(-0.356595 -0.137546 1)
(-0.335637 -0.170193 1)
(-0.312555 -0.201705 1)
(-0.287471 -0.23188 1)
(-0.260527 -0.260527 1)
(-0.23188 -0.287471 1)
(-0.201705 -0.312555 1)
(-0.170193 -0.335637 1)
(-0.137546 -0.356595 1)
(-0.103977 -0.375329 1)
(-0.0697101 -0.391759 1)
(-0.034973 -0.405827 1)
(-0.45171 -0.0419908 1)
(-0.441076 -0.0836276 1)
(-0.4269 -0.12456 1)
(-0.409267 -0.164444 1)
(-0.388299 -0.202946 1)
(-0.364145 -0.239745 1)
(-0.336988 -0.274538 1)
(-0.30704 -0.30704 1)
(-0.274538 -0.336988 1)
(-0.239745 -0.364145 1)
(-0.202946 -0.388299 1)
(-0.164444 -0.409267 1)
(-0.12456 -0.4269 1)
(-0.0836276 -0.441076 1)
(-0.0419908 -0.45171 1)
(-1.66533e-16 -0.5 0.5)
(-1.66533e-16 -0.5 0.55)
(-1.66533e-16 -0.5 0.6)
(-1.66533e-16 -0.5 0.65)
(-1.66533e-16 -0.5 0.7)
(-1.66533e-16 -0.5 0.75)
(-1.66533e-16 -0.5 0.8)
(-1.66533e-16 -0.5 0.85)
(-1.66533e-16 -0.5 0.9)
(-1.66533e-16 -0.5 0.95)
(-0.497592 -0.0490086 0.95)
(-0.490393 -0.0975452 0.95)
(-0.47847 -0.145142 0.95)
(-0.46194 -0.191342 0.95)
(-0.440961 -0.235698 0.95)
(-0.415735 -0.277785 0.95)
(-0.386505 -0.317197 0.95)
(-0.353553 -0.353553 0.95)
(-0.317197 -0.386505 0.95)
(-0.277785 -0.415735 0.95)
(-0.235698 -0.440961 0.95)
(-0.191342 -0.46194 0.95)
(-0.145142 -0.47847 0.95)
(-0.0975452 -0.490393 0.95)
(-0.0490086 -0.497592 0.95)
(-0.497592 -0.0490086 0.9)
(-0.490393 -0.0975452 0.9)
(-0.47847 -0.145142 0.9)
(-0.46194 -0.191342 0.9)
(-0.440961 -0.235698 0.9)
(-0.415735 -0.277785 0.9)
(-0.386505 -0.317197 0.9)
(-0.353553 -0.353553 0.9)
(-0.317197 -0.386505 0.9)
(-0.277785 -0.415735 0.9)
(-0.235698 -0.440961 0.9)
(-0.191342 -0.46194 0.9)
(-0.145142 -0.47847 0.9)
(-0.0975452 -0.490393 0.9)
(-0.0490086 -0.497592 0.9)
(-0.497592 -0.0490086 0.85)
(-0.490393 -0.0975452 0.85)
(-0.47847 -0.145142 0.85)
(-0.46194 -0.191342 0.85)
(-0.440961 -0.235698 0.85)
(-0.415735 -0.277785 0.85)
(-0.386505 -0.317197 0.85)
(-0.353553 -0.353553 0.85)
(-0.317197 -0.386505 0.85)
(-0.277785 -0.415735 0.85)
(-0.235698 -0.440961 0.85)
(-0.191342 -0.46194 0.85)
(-0.145142 -0.47847 0.85)
(-0.0975452 -0.490393 0.85)
(-0.0490086 -0.497592 0.85)
(-0.497592 -0.0490086 0.8)
(-0.490393 -0.0975452 0.8)
(-0.47847 -0.145142 0.8)
(-0.46194 -0.191342 0.8)
(-0.440961 -0.235698 0.8)
(-0.415735 -0.277785 0.8)
(-0.386505 -0.317197 0.8)
(-0.353553 -0.353553 0.8)
(-0.317197 -0.386505 0.8)
(-0.277785 -0.415735 0.8)
(-0.235698 -0.440961 0.8)
(-0.191342 -0.46194 0.8)
(-0.145142 -0.47847 0.8)
(-0.0975452 -0.490393 0.8)
(-0.0490086 -0.497592 0.8)
(-0.497592 -0.0490086 0.75)
(-0.490393 -0.0975452 0.75)
(-0.47847 -0.145142 0.75)
(-0.46194 -0.191342 0.75)
(-0.440961 -0.235698 0.75)
(-0.415735 -0.277785 0.75)
(-0.386505 -0.317197 0.75)
(-0.353553 -0.353553 0.75)
(-0.317197 -0.386505 0.75)
(-0.277785 -0.415735 0.75)
(-0.235698 -0.440961 0.75)
(-0.191342 -0.46194 0.75)
(-0.145142 -0.47847 0.75)
(-0.0975452 -0.490393 0.75)
(-0.0490086 -0.497592 0.75)
(-0.497592 -0.0490086 0.7)
(-0.490393 -0.0975452 0.7)
(-0.47847 -0.145142 0.7)
(-0.46194 -0.191342 0.7)
(-0.440961 -0.235698 0.7)
(-0.415735 -0.277785 0.7)
(-0.386505 -0.317197 0.7)
(-0.353553 -0.353553 0.7)
(-0.317197 -0.386505 0.7)
(-0.277785 -0.415735 0.7)
(-0.235698 -0.440961 0.7)
(-0.191342 -0.46194 0.7)
(-0.145142 -0.47847 0.7)
(-0.0975452 -0.490393 0.7)
(-0.0490086 -0.497592 0.7)
(-0.497592 -0.0490086 0.65)
(-0.490393 -0.0975452 0.65)
(-0.47847 -0.145142 0.65)
(-0.46194 -0.191342 0.65)
(-0.440961 -0.235698 0.65)
(-0.415735 -0.277785 0.65)
(-0.386505 -0.317197 0.65)
(-0.353553 -0.353553 0.65)
(-0.317197 -0.386505 0.65)
(-0.277785 -0.415735 0.65)
(-0.235698 -0.440961 0.65)
(-0.191342 -0.46194 0.65)
(-0.145142 -0.47847 0.65)
(-0.0975452 -0.490393 0.65)
(-0.0490086 -0.497592 0.65)
(-0.497592 -0.0490086 0.6)
(-0.490393 -0.0975452 0.6)
(-0.47847 -0.145142 0.6)
(-0.46194 -0.191342 0.6)
(-0.440961 -0.235698 0.6)
(-0.415735 -0.277785 0.6)
(-0.386505 -0.317197 0.6)
(-0.353553 -0.353553 0.6)
(-0.317197 -0.386505 0.6)
(-0.277785 -0.415735 0.6)
(-0.235698 -0.440961 0.6)
(-0.191342 -0.46194 0.6)
(-0.145142 -0.47847 0.6)
(-0.0975452 -0.490393 0.6)
(-0.0490086 -0.497592 0.6)
(-0.497592 -0.0490086 0.55)
(-0.490393 -0.0975452 0.55)
(-0.47847 -0.145142 0.55)
(-0.46194 -0.191342 0.55)
(-0.440961 -0.235698 0.55)
(-0.415735 -0.277785 0.55)
(-0.386505 -0.317197 0.55)
(-0.353553 -0.353553 0.55)
(-0.317197 -0.386505 0.55)
(-0.277785 -0.415735 0.55)
(-0.235698 -0.440961 0.55)
(-0.191342 -0.46194 0.55)
(-0.145142 -0.47847 0.55)
(-0.0975452 -0.490393 0.55)
(-0.0490086 -0.497592 0.55)
(-0.497592 -0.0490086 0.5)
(-0.490393 -0.0975452 0.5)
(-0.47847 -0.145142 0.5)
(-0.46194 -0.191342 0.5)
(-0.440961 -0.235698 0.5)
(-0.415735 -0.277785 0.5)
(-0.277785 -0.415735 0.5)
(-0.235698 -0.440961 0.5)
(-0.191342 -0.46194 0.5)
(-0.145142 -0.47847 0.5)
(-0.0975452 -0.490393 0.5)
(-0.0490086 -0.497592 0.5)
(-1.11022e-16 -0.37625 0.95)
(3.88578e-16 -0.4175 0.95)
(8.88178e-16 -0.45875 0.95)
(-1.11022e-16 -0.37625 0.9)
(3.88578e-16 -0.4175 0.9)
(8.88178e-16 -0.45875 0.9)
(-1.66533e-16 -0.37625 0.85)
(3.33067e-16 -0.4175 0.85)
(8.32667e-16 -0.45875 0.85)
(-1.66533e-16 -0.37625 0.8)
(3.33067e-16 -0.4175 0.8)
(8.32667e-16 -0.45875 0.8)
(-1.66533e-16 -0.37625 0.75)
(3.33067e-16 -0.4175 0.75)
(8.32667e-16 -0.45875 0.75)
(-1.66533e-16 -0.37625 0.7)
(3.33067e-16 -0.4175 0.7)
(8.32667e-16 -0.45875 0.7)
(-1.66533e-16 -0.37625 0.65)
(3.33067e-16 -0.4175 0.65)
(8.32667e-16 -0.45875 0.65)
(-1.66533e-16 -0.37625 0.6)
(3.33067e-16 -0.4175 0.6)
(8.32667e-16 -0.45875 0.6)
(-1.66533e-16 -0.37625 0.55)
(3.33067e-16 -0.4175 0.55)
(8.32667e-16 -0.45875 0.55)
(-1.66533e-16 -0.37625 0.5)
(3.33067e-16 -0.4175 0.5)
(8.32667e-16 -0.45875 0.5)
(-0.359945 -0.0279553 0.95)
(-0.342442 -0.0557925 0.95)
(-0.323758 -0.083395 0.95)
(-0.303922 -0.110648 0.95)
(-0.282975 -0.13744 0.95)
(-0.260965 -0.163665 0.95)
(-0.237954 -0.189221 0.95)
(-0.214013 -0.214013 0.95)
(-0.189221 -0.237954 0.95)
(-0.163665 -0.260965 0.95)
(-0.13744 -0.282975 0.95)
(-0.110648 -0.303922 0.95)
(-0.083395 -0.323758 0.95)
(-0.0557925 -0.342442 0.95)
(-0.0279553 -0.359945 0.95)
(-0.405827 -0.034973 0.95)
(-0.391759 -0.0697101 0.95)
(-0.375329 -0.103977 0.95)
(-0.356595 -0.137546 0.95)
(-0.335637 -0.170193 0.95)
(-0.312555 -0.201705 0.95)
(-0.287471 -0.23188 0.95)
(-0.260527 -0.260527 0.95)
(-0.23188 -0.287471 0.95)
(-0.201705 -0.312555 0.95)
(-0.170193 -0.335637 0.95)
(-0.137546 -0.356595 0.95)
(-0.103977 -0.375329 0.95)
(-0.0697101 -0.391759 0.95)
(-0.034973 -0.405827 0.95)
(-0.45171 -0.0419908 0.95)
(-0.441076 -0.0836276 0.95)
(-0.4269 -0.12456 0.95)
(-0.409267 -0.164444 0.95)
(-0.388299 -0.202946 0.95)
(-0.364145 -0.239745 0.95)
(-0.336988 -0.274538 0.95)
(-0.30704 -0.30704 0.95)
(-0.274538 -0.336988 0.95)
(-0.239745 -0.364145 0.95)
(-0.202946 -0.388299 0.95)
(-0.164444 -0.409267 0.95)
(-0.12456 -0.4269 0.95)
(-0.0836276 -0.441076 0.95)
(-0.0419908 -0.45171 0.95)
(-0.359945 -0.0279553 0.9)
(-0.342442 -0.0557925 0.9)
(-0.323758 -0.083395 0.9)
(-0.303922 -0.110648 0.9)
(-0.282975 -0.13744 0.9)
(-0.260965 -0.163665 0.9)
(-0.237954 -0.189221 0.9)
(-0.214013 -0.214013 0.9)
(-0.189221 -0.237954 0.9)
(-0.163665 -0.260965 0.9)
(-0.13744 -0.282975 0.9)
(-0.110648 -0.303922 0.9)
(-0.083395 -0.323758 0.9)
(-0.0557925 -0.342442 0.9)
(-0.0279553 -0.359945 0.9)
(-0.405827 -0.034973 0.9)
(-0.391759 -0.0697101 0.9)
(-0.375329 -0.103977 0.9)
(-0.356595 -0.137546 0.9)
(-0.335637 -0.170193 0.9)
(-0.312555 -0.201705 0.9)
(-0.287471 -0.23188 0.9)
(-0.260527 -0.260527 0.9)
(-0.23188 -0.287471 0.9)
(-0.201705 -0.312555 0.9)
(-0.170193 -0.335637 0.9)
(-0.137546 -0.356595 0.9)
(-0.103977 -0.375329 0.9)
(-0.0697101 -0.391759 0.9)
(-0.034973 -0.405827 0.9)
(-0.45171 -0.0419908 0.9)
(-0.441076 -0.0836276 0.9)
(-0.4269 -0.12456 0.9)
(-0.409267 -0.164444 0.9)
(-0.388299 -0.202946 0.9)
(-0.364145 -0.239745 0.9)
(-0.336988 -0.274538 0.9)
(-0.30704 -0.30704 0.9)
(-0.274538 -0.336988 0.9)
(-0.239745 -0.364145 0.9)
(-0.202946 -0.388299 0.9)
(-0.164444 -0.409267 0.9)
(-0.12456 -0.4269 0.9)
(-0.0836276 -0.441076 0.9)
(-0.0419908 -0.45171 0.9)
(-0.359945 -0.0279553 0.85)
(-0.342442 -0.0557925 0.85)
(-0.323758 -0.083395 0.85)
(-0.303922 -0.110648 0.85)
(-0.282975 -0.13744 0.85)
(-0.260965 -0.163665 0.85)
(-0.237954 -0.189221 0.85)
(-0.214013 -0.214013 0.85)
(-0.189221 -0.237954 0.85)
(-0.163665 -0.260965 0.85)
(-0.13744 -0.282975 0.85)
(-0.110648 -0.303922 0.85)
(-0.083395 -0.323758 0.85)
(-0.0557925 -0.342442 0.85)
(-0.0279553 -0.359945 0.85)
(-0.405827 -0.034973 0.85)
(-0.391759 -0.0697101 0.85)
(-0.375329 -0.103977 0.85)
(-0.356595 -0.137546 0.85)
(-0.335637 -0.170193 0.85)
(-0.312555 -0.201705 0.85)
(-0.287471 -0.23188 0.85)
(-0.260527 -0.260527 0.85)
(-0.23188 -0.287471 0.85)
(-0.201705 -0.312555 0.85)
(-0.170193 -0.335637 0.85)
(-0.137546 -0.356595 0.85)
(-0.103977 -0.375329 0.85)
(-0.0697101 -0.391759 0.85)
(-0.034973 -0.405827 0.85)
(-0.45171 -0.0419908 0.85)
(-0.441076 -0.0836276 0.85)
(-0.4269 -0.12456 0.85)
(-0.409267 -0.164444 0.85)
(-0.388299 -0.202946 0.85)
(-0.364145 -0.239745 0.85)
(-0.336988 -0.274538 0.85)
(-0.30704 -0.30704 0.85)
(-0.274538 -0.336988 0.85)
(-0.239745 -0.364145 0.85)
(-0.202946 -0.388299 0.85)
(-0.164444 -0.409267 0.85)
(-0.12456 -0.4269 0.85)
(-0.0836276 -0.441076 0.85)
(-0.0419908 -0.45171 0.85)
(-0.359945 -0.0279553 0.8)
(-0.342442 -0.0557925 0.8)
(-0.323758 -0.083395 0.8)
(-0.303922 -0.110648 0.8)
(-0.282975 -0.13744 0.8)
(-0.260965 -0.163665 0.8)
(-0.237954 -0.189221 0.8)
(-0.214013 -0.214013 0.8)
(-0.189221 -0.237954 0.8)
(-0.163665 -0.260965 0.8)
(-0.13744 -0.282975 0.8)
(-0.110648 -0.303922 0.8)
(-0.083395 -0.323758 0.8)
(-0.0557925 -0.342442 0.8)
(-0.0279553 -0.359945 0.8)
(-0.405827 -0.034973 0.8)
(-0.391759 -0.0697101 0.8)
(-0.375329 -0.103977 0.8)
(-0.356595 -0.137546 0.8)
(-0.335637 -0.170193 0.8)
(-0.312555 -0.201705 0.8)
(-0.287471 -0.23188 0.8)
(-0.260527 -0.260527 0.8)
(-0.23188 -0.287471 0.8)
(-0.201705 -0.312555 0.8)
(-0.170193 -0.335637 0.8)
(-0.137546 -0.356595 0.8)
(-0.103977 -0.375329 0.8)
(-0.0697101 -0.391759 0.8)
(-0.034973 -0.405827 0.8)
(-0.45171 -0.0419908 0.8)
(-0.441076 -0.0836276 0.8)
(-0.4269 -0.12456 0.8)
(-0.409267 -0.164444 0.8)
(-0.388299 -0.202946 0.8)
(-0.364145 -0.239745 0.8)
(-0.336988 -0.274538 0.8)
(-0.30704 -0.30704 0.8)
(-0.274538 -0.336988 0.8)
(-0.239745 -0.364145 0.8)
(-0.202946 -0.388299 0.8)
(-0.164444 -0.409267 0.8)
(-0.12456 -0.4269 0.8)
(-0.0836276 -0.441076 0.8)
(-0.0419908 -0.45171 0.8)
(-0.359945 -0.0279553 0.75)
(-0.342442 -0.0557925 0.75)
(-0.323758 -0.083395 0.75)
(-0.303922 -0.110648 0.75)
(-0.282975 -0.13744 0.75)
(-0.260965 -0.163665 0.75)
(-0.237954 -0.189221 0.75)
(-0.214013 -0.214013 0.75)
(-0.189221 -0.237954 0.75)
(-0.163665 -0.260965 0.75)
(-0.13744 -0.282975 0.75)
(-0.110648 -0.303922 0.75)
(-0.083395 -0.323758 0.75)
(-0.0557925 -0.342442 0.75)
(-0.0279553 -0.359945 0.75)
(-0.405827 -0.034973 0.75)
(-0.391759 -0.0697101 0.75)
(-0.375329 -0.103977 0.75)
(-0.356595 -0.137546 0.75)
(-0.335637 -0.170193 0.75)
(-0.312555 -0.201705 0.75)
(-0.287471 -0.23188 0.75)
(-0.260527 -0.260527 0.75)
(-0.23188 -0.287471 0.75)
(-0.201705 -0.312555 0.75)
(-0.170193 -0.335637 0.75)
(-0.137546 -0.356595 0.75)
(-0.103977 -0.375329 0.75)
(-0.0697101 -0.391759 0.75)
(-0.034973 -0.405827 0.75)
(-0.45171 -0.0419908 0.75)
(-0.441076 -0.0836276 0.75)
(-0.4269 -0.12456 0.75)
(-0.409267 -0.164444 0.75)
(-0.388299 -0.202946 0.75)
(-0.364145 -0.239745 0.75)
(-0.336988 -0.274538 0.75)
(-0.30704 -0.30704 0.75)
(-0.274538 -0.336988 0.75)
(-0.239745 -0.364145 0.75)
(-0.202946 -0.388299 0.75)
(-0.164444 -0.409267 0.75)
(-0.12456 -0.4269 0.75)
(-0.0836276 -0.441076 0.75)
(-0.0419908 -0.45171 0.75)
(-0.359945 -0.0279553 0.7)
(-0.342442 -0.0557925 0.7)
(-0.323758 -0.083395 0.7)
(-0.303922 -0.110648 0.7)
(-0.282975 -0.13744 0.7)
(-0.260965 -0.163665 0.7)
(-0.237954 -0.189221 0.7)
(-0.214013 -0.214013 0.7)
(-0.189221 -0.237954 0.7)
(-0.163665 -0.260965 0.7)
(-0.13744 -0.282975 0.7)
(-0.110648 -0.303922 0.7)
(-0.083395 -0.323758 0.7)
(-0.0557925 -0.342442 0.7)
(-0.0279553 -0.359945 0.7)
(-0.405827 -0.034973 0.7)
(-0.391759 -0.0697101 0.7)
(-0.375329 -0.103977 0.7)
(-0.356595 -0.137546 0.7)
(-0.335637 -0.170193 0.7)
(-0.312555 -0.201705 0.7)
(-0.287471 -0.23188 0.7)
(-0.260527 -0.260527 0.7)
(-0.23188 -0.287471 0.7)
(-0.201705 -0.312555 0.7)
(-0.170193 -0.335637 0.7)
(-0.137546 -0.356595 0.7)
(-0.103977 -0.375329 0.7)
(-0.0697101 -0.391759 0.7)
(-0.034973 -0.405827 0.7)
(-0.45171 -0.0419908 0.7)
(-0.441076 -0.0836276 0.7)
(-0.4269 -0.12456 0.7)
(-0.409267 -0.164444 0.7)
(-0.388299 -0.202946 0.7)
(-0.364145 -0.239745 0.7)
(-0.336988 -0.274538 0.7)
(-0.30704 -0.30704 0.7)
(-0.274538 -0.336988 0.7)
(-0.239745 -0.364145 0.7)
(-0.202946 -0.388299 0.7)
(-0.164444 -0.409267 0.7)
(-0.12456 -0.4269 0.7)
(-0.0836276 -0.441076 0.7)
(-0.0419908 -0.45171 0.7)
(-0.359945 -0.0279553 0.65)
(-0.342442 -0.0557925 0.65)
(-0.323758 -0.083395 0.65)
(-0.303922 -0.110648 0.65)
(-0.282975 -0.13744 0.65)
(-0.260965 -0.163665 0.65)
(-0.237954 -0.189221 0.65)
(-0.214013 -0.214013 0.65)
(-0.189221 -0.237954 0.65)
(-0.163665 -0.260965 0.65)
(-0.13744 -0.282975 0.65)
(-0.110648 -0.303922 0.65)
(-0.083395 -0.323758 0.65)
(-0.0557925 -0.342442 0.65)
(-0.0279553 -0.359945 0.65)
(-0.405827 -0.034973 0.65)
(-0.391759 -0.0697101 0.65)
(-0.375329 -0.103977 0.65)
(-0.356595 -0.137546 0.65)
(-0.335637 -0.170193 0.65)
(-0.312555 -0.201705 0.65)
(-0.287471 -0.23188 0.65)
(-0.260527 -0.260527 0.65)
(-0.23188 -0.287471 0.65)
(-0.201705 -0.312555 0.65)
(-0.170193 -0.335637 0.65)
(-0.137546 -0.356595 0.65)
(-0.103977 -0.375329 0.65)
(-0.0697101 -0.391759 0.65)
(-0.034973 -0.405827 0.65)
(-0.45171 -0.0419908 0.65)
(-0.441076 -0.0836276 0.65)
(-0.4269 -0.12456 0.65)
(-0.409267 -0.164444 0.65)
(-0.388299 -0.202946 0.65)
(-0.364145 -0.239745 0.65)
(-0.336988 -0.274538 0.65)
(-0.30704 -0.30704 0.65)
(-0.274538 -0.336988 0.65)
(-0.239745 -0.364145 0.65)
(-0.202946 -0.388299 0.65)
(-0.164444 -0.409267 0.65)
(-0.12456 -0.4269 0.65)
(-0.0836276 -0.441076 0.65)
(-0.0419908 -0.45171 0.65)
(-0.359945 -0.0279553 0.6)
(-0.342442 -0.0557925 0.6)
(-0.323758 -0.083395 0.6)
(-0.303922 -0.110648 0.6)
(-0.282975 -0.13744 0.6)
(-0.260965 -0.163665 0.6)
(-0.237954 -0.189221 0.6)
(-0.214013 -0.214013 0.6)
(-0.189221 -0.237954 0.6)
(-0.163665 -0.260965 0.6)
(-0.13744 -0.282975 0.6)
(-0.110648 -0.303922 0.6)
(-0.083395 -0.323758 0.6)
(-0.0557925 -0.342442 0.6)
(-0.0279553 -0.359945 0.6)
(-0.405827 -0.034973 0.6)
(-0.391759 -0.0697101 0.6)
(-0.375329 -0.103977 0.6)
(-0.356595 -0.137546 0.6)
(-0.335637 -0.170193 0.6)
(-0.312555 -0.201705 0.6)
(-0.287471 -0.23188 0.6)
(-0.260527 -0.260527 0.6)
(-0.23188 -0.287471 0.6)
(-0.201705 -0.312555 0.6)
(-0.170193 -0.335637 0.6)
(-0.137546 -0.356595 0.6)
(-0.103977 -0.375329 0.6)
(-0.0697101 -0.391759 0.6)
(-0.034973 -0.405827 0.6)
(-0.45171 -0.0419908 0.6)
(-0.441076 -0.0836276 0.6)
(-0.4269 -0.12456 0.6)
(-0.409267 -0.164444 0.6)
(-0.388299 -0.202946 0.6)
(-0.364145 -0.239745 0.6)
(-0.336988 -0.274538 0.6)
(-0.30704 -0.30704 0.6)
(-0.274538 -0.336988 0.6)
(-0.239745 -0.364145 0.6)
(-0.202946 -0.388299 0.6)
(-0.164444 -0.409267 0.6)
(-0.12456 -0.4269 0.6)
(-0.0836276 -0.441076 0.6)
(-0.0419908 -0.45171 0.6)
(-0.359945 -0.0279553 0.55)
(-0.342442 -0.0557925 0.55)
(-0.323758 -0.083395 0.55)
(-0.303922 -0.110648 0.55)
(-0.282975 -0.13744 0.55)
(-0.260965 -0.163665 0.55)
(-0.237954 -0.189221 0.55)
(-0.214013 -0.214013 0.55)
(-0.189221 -0.237954 0.55)
(-0.163665 -0.260965 0.55)
(-0.13744 -0.282975 0.55)
(-0.110648 -0.303922 0.55)
(-0.083395 -0.323758 0.55)
(-0.0557925 -0.342442 0.55)
(-0.0279553 -0.359945 0.55)
(-0.405827 -0.034973 0.55)
(-0.391759 -0.0697101 0.55)
(-0.375329 -0.103977 0.55)
(-0.356595 -0.137546 0.55)
(-0.335637 -0.170193 0.55)
(-0.312555 -0.201705 0.55)
(-0.287471 -0.23188 0.55)
(-0.260527 -0.260527 0.55)
(-0.23188 -0.287471 0.55)
(-0.201705 -0.312555 0.55)
(-0.170193 -0.335637 0.55)
(-0.137546 -0.356595 0.55)
(-0.103977 -0.375329 0.55)
(-0.0697101 -0.391759 0.55)
(-0.034973 -0.405827 0.55)
(-0.45171 -0.0419908 0.55)
(-0.441076 -0.0836276 0.55)
(-0.4269 -0.12456 0.55)
(-0.409267 -0.164444 0.55)
(-0.388299 -0.202946 0.55)
(-0.364145 -0.239745 0.55)
(-0.336988 -0.274538 0.55)
(-0.30704 -0.30704 0.55)
(-0.274538 -0.336988 0.55)
(-0.239745 -0.364145 0.55)
(-0.202946 -0.388299 0.55)
(-0.164444 -0.409267 0.55)
(-0.12456 -0.4269 0.55)
(-0.0836276 -0.441076 0.55)
(-0.0419908 -0.45171 0.55)
(-0.359945 -0.0279553 0.5)
(-0.342442 -0.0557925 0.5)
(-0.323758 -0.083395 0.5)
(-0.303922 -0.110648 0.5)
(-0.282975 -0.13744 0.5)
(-0.260965 -0.163665 0.5)
(-0.237954 -0.189221 0.5)
(-0.214013 -0.214013 0.5)
(-0.189221 -0.237954 0.5)
(-0.163665 -0.260965 0.5)
(-0.13744 -0.282975 0.5)
(-0.110648 -0.303922 0.5)
(-0.083395 -0.323758 0.5)
(-0.0557925 -0.342442 0.5)
(-0.0279553 -0.359945 0.5)
(-0.405827 -0.034973 0.5)
(-0.391759 -0.0697101 0.5)
(-0.375329 -0.103977 0.5)
(-0.356595 -0.137546 0.5)
(-0.335637 -0.170193 0.5)
(-0.312555 -0.201705 0.5)
(-0.287471 -0.23188 0.5)
(-0.260527 -0.260527 0.5)
(-0.23188 -0.287471 0.5)
(-0.201705 -0.312555 0.5)
(-0.170193 -0.335637 0.5)
(-0.137546 -0.356595 0.5)
(-0.103977 -0.375329 0.5)
(-0.0697101 -0.391759 0.5)
(-0.034973 -0.405827 0.5)
(-0.45171 -0.0419908 0.5)
(-0.441076 -0.0836276 0.5)
(-0.4269 -0.12456 0.5)
(-0.409267 -0.164444 0.5)
(-0.388299 -0.202946 0.5)
(-0.364145 -0.239745 0.5)
(-0.336988 -0.274538 0.5)
(-0.30704 -0.30704 0.5)
(-0.274538 -0.336988 0.5)
(-0.239745 -0.364145 0.5)
(-0.202946 -0.388299 0.5)
(-0.164444 -0.409267 0.5)
(-0.12456 -0.4269 0.5)
(-0.0836276 -0.441076 0.5)
(-0.0419908 -0.45171 0.5)
(-4.57045e-16 -0.293125 1)
(-4.76624e-16 -0.25125 1)
(-0.0209375 -0.272187 1)
(-4.53697e-16 -0.209375 1)
(-0.0209375 -0.230313 1)
(-0.041875 -0.25125 1)
(-4.50716e-16 -0.1675 1)
(-0.0209375 -0.188438 1)
(-0.041875 -0.209375 1)
(-0.0628125 -0.230313 1)
(-4.05229e-16 -0.125625 1)
(-0.0209375 -0.146563 1)
(-0.041875 -0.1675 1)
(-0.0628125 -0.188438 1)
(-0.08375 -0.209375 1)
(-4.00504e-16 -0.08375 1)
(-0.0209375 -0.104688 1)
(-0.041875 -0.125625 1)
(-0.0628125 -0.146563 1)
(-0.08375 -0.1675 1)
(-0.104688 -0.188438 1)
(-3.53274e-16 -0.041875 1)
(-0.0209375 -0.0628125 1)
(-0.041875 -0.08375 1)
(-0.0628125 -0.104688 1)
(-0.08375 -0.125625 1)
(-0.104688 -0.146563 1)
(-0.125625 -0.1675 1)
(-3.32928e-16 -4.71845e-16 1)
(-0.0209375 -0.0209375 1)
(-0.041875 -0.041875 1)
(-0.0628125 -0.0628125 1)
(-0.08375 -0.08375 1)
(-0.104688 -0.104688 1)
(-0.125625 -0.125625 1)
(-0.146563 -0.146563 1)
(-0.0209375 0.0209375 1)
(-0.041875 -4.16334e-16 1)
(-0.0628125 -0.0209375 1)
(-0.08375 -0.041875 1)
(-0.104688 -0.0628125 1)
(-0.125625 -0.08375 1)
(-0.146563 -0.104688 1)
(-0.1675 -0.125625 1)
(-0.0628125 0.0209375 1)
(-0.08375 -3.46945e-16 1)
(-0.104688 -0.0209375 1)
(-0.125625 -0.041875 1)
(-0.146563 -0.0628125 1)
(-0.1675 -0.08375 1)
(-0.188438 -0.104688 1)
(-0.104688 0.0209375 1)
(-0.125625 -3.46945e-16 1)
(-0.146563 -0.0209375 1)
(-0.1675 -0.041875 1)
(-0.188438 -0.0628125 1)
(-0.209375 -0.08375 1)
(-0.146563 0.0209375 1)
(-0.1675 -3.05311e-16 1)
(-0.188438 -0.0209375 1)
(-0.209375 -0.041875 1)
(-0.230313 -0.0628125 1)
(-0.188438 0.0209375 1)
(-0.209375 -3.19189e-16 1)
(-0.230313 -0.0209375 1)
(-0.25125 -0.041875 1)
(-0.230313 0.0209375 1)
(-0.25125 -2.91434e-16 1)
(-0.272188 -0.0209375 1)
(-0.272188 0.0209375 1)
(-0.293125 -3.46945e-16 1)
(-2.498e-16 -5.13478e-16 0.95)
(-0.0209375 0.0209375 0.95)
(-3.05311e-16 -0.041875 0.95)
(-0.0209375 -0.0209375 0.95)
(-0.041875 -4.85723e-16 0.95)
(-0.0628125 0.0209375 0.95)
(-3.46945e-16 -0.08375 0.95)
(-0.0209375 -0.0628125 0.95)
(-0.041875 -0.041875 0.95)
(-0.0628125 -0.0209375 0.95)
(-0.08375 -3.747e-16 0.95)
(-0.104688 0.0209375 0.95)
(-4.02456e-16 -0.125625 0.95)
(-0.0209375 -0.104688 0.95)
(-0.041875 -0.08375 0.95)
(-0.0628125 -0.0628125 0.95)
(-0.08375 -0.041875 0.95)
(-0.104688 -0.0209375 0.95)
(-0.125625 -3.747e-16 0.95)
(-0.146563 0.0209375 0.95)
(-4.71845e-16 -0.1675 0.95)
(-0.0209375 -0.146563 0.95)
(-0.041875 -0.125625 0.95)
(-0.0628125 -0.104688 0.95)
(-0.08375 -0.08375 0.95)
(-0.104688 -0.0628125 0.95)
(-0.125625 -0.041875 0.95)
(-0.146563 -0.0209375 0.95)
(-0.1675 -3.05311e-16 0.95)
(-0.188438 0.0209375 0.95)
(-4.3715e-16 -0.209375 0.95)
(-0.0209375 -0.188438 0.95)
(-0.041875 -0.1675 0.95)
(-0.0628125 -0.146563 0.95)
(-0.08375 -0.125625 0.95)
(-0.104688 -0.104688 0.95)
(-0.125625 -0.08375 0.95)
(-0.146563 -0.0628125 0.95)
(-0.1675 -0.041875 0.95)
(-0.188438 -0.0209375 0.95)
(-0.209375 -2.98372e-16 0.95)
(-0.230313 0.0209375 0.95)
(-5.06539e-16 -0.25125 0.95)
(-0.0209375 -0.230313 0.95)
(-0.041875 -0.209375 0.95)
(-0.0628125 -0.188438 0.95)
(-0.08375 -0.1675 0.95)
(-0.104688 -0.146563 0.95)
(-0.125625 -0.125625 0.95)
(-0.146563 -0.104688 0.95)
(-0.1675 -0.08375 0.95)
(-0.188438 -0.0628125 0.95)
(-0.209375 -0.041875 0.95)
(-0.230313 -0.0209375 0.95)
(-0.25125 -2.84495e-16 0.95)
(-0.272188 0.0209375 0.95)
(-5.20417e-16 -0.293125 0.95)
(-0.0209375 -0.272187 0.95)
(-0.041875 -0.25125 0.95)
(-0.0628125 -0.230313 0.95)
(-0.08375 -0.209375 0.95)
(-0.104688 -0.188438 0.95)
(-0.125625 -0.1675 0.95)
(-0.146563 -0.146563 0.95)
(-0.1675 -0.125625 0.95)
(-0.188438 -0.104688 0.95)
(-0.209375 -0.08375 0.95)
(-0.230313 -0.0628125 0.95)
(-0.25125 -0.041875 0.95)
(-0.272188 -0.0209375 0.95)
(-0.293125 -2.94903e-16 0.95)
(-2.35922e-16 -4.85723e-16 0.9)
(-0.0209375 0.0209375 0.9)
(-2.35922e-16 -0.041875 0.9)
(-0.0209375 -0.0209375 0.9)
(-0.041875 -4.30211e-16 0.9)
(-0.0628125 0.0209375 0.9)
(-3.747e-16 -0.08375 0.9)
(-0.0209375 -0.0628125 0.9)
(-0.041875 -0.041875 0.9)
(-0.0628125 -0.0209375 0.9)
(-0.08375 -4.16334e-16 0.9)
(-0.104688 0.0209375 0.9)
(-4.57967e-16 -0.125625 0.9)
(-0.0209375 -0.104688 0.9)
(-0.041875 -0.08375 0.9)
(-0.0628125 -0.0628125 0.9)
(-0.08375 -0.041875 0.9)
(-0.104688 -0.0209375 0.9)
(-0.125625 -4.02456e-16 0.9)
(-0.146563 0.0209375 0.9)
(-5.13478e-16 -0.1675 0.9)
(-0.0209375 -0.146563 0.9)
(-0.041875 -0.125625 0.9)
(-0.0628125 -0.104688 0.9)
(-0.08375 -0.08375 0.9)
(-0.104688 -0.0628125 0.9)
(-0.125625 -0.041875 0.9)
(-0.146563 -0.0209375 0.9)
(-0.1675 -3.19189e-16 0.9)
(-0.188438 0.0209375 0.9)
(-3.95517e-16 -0.209375 0.9)
(-0.0209375 -0.188438 0.9)
(-0.041875 -0.1675 0.9)
(-0.0628125 -0.146563 0.9)
(-0.08375 -0.125625 0.9)
(-0.104688 -0.104688 0.9)
(-0.125625 -0.08375 0.9)
(-0.146563 -0.0628125 0.9)
(-0.1675 -0.041875 0.9)
(-0.188438 -0.0209375 0.9)
(-0.209375 -2.98372e-16 0.9)
(-0.230313 0.0209375 0.9)
(-5.06539e-16 -0.25125 0.9)
(-0.0209375 -0.230313 0.9)
(-0.041875 -0.209375 0.9)
(-0.0628125 -0.188438 0.9)
(-0.08375 -0.1675 0.9)
(-0.104688 -0.146563 0.9)
(-0.125625 -0.125625 0.9)
(-0.146563 -0.104688 0.9)
(-0.1675 -0.08375 0.9)
(-0.188438 -0.0628125 0.9)
(-0.209375 -0.041875 0.9)
(-0.230313 -0.0209375 0.9)
(-0.25125 -2.84495e-16 0.9)
(-0.272188 0.0209375 0.9)
(-4.16334e-16 -0.293125 0.9)
(-0.0209375 -0.272187 0.9)
(-0.041875 -0.25125 0.9)
(-0.0628125 -0.230312 0.9)
(-0.08375 -0.209375 0.9)
(-0.104688 -0.188438 0.9)
(-0.125625 -0.1675 0.9)
(-0.146563 -0.146563 0.9)
(-0.1675 -0.125625 0.9)
(-0.188438 -0.104688 0.9)
(-0.209375 -0.08375 0.9)
(-0.230313 -0.0628125 0.9)
(-0.25125 -0.041875 0.9)
(-0.272188 -0.0209375 0.9)
(-0.293125 -2.84495e-16 0.9)
(-2.63678e-16 -5.13478e-16 0.85)
(-0.0209375 0.0209375 0.85)
(-2.35922e-16 -0.041875 0.85)
(-0.0209375 -0.0209375 0.85)
(-0.041875 -4.30211e-16 0.85)
(-0.0628125 0.0209375 0.85)
(-3.60822e-16 -0.08375 0.85)
(-0.0209375 -0.0628125 0.85)
(-0.041875 -0.041875 0.85)
(-0.0628125 -0.0209375 0.85)
(-0.08375 -4.02456e-16 0.85)
(-0.104688 0.0209375 0.85)
(-3.747e-16 -0.125625 0.85)
(-0.0209375 -0.104688 0.85)
(-0.041875 -0.08375 0.85)
(-0.0628125 -0.0628125 0.85)
(-0.08375 -0.041875 0.85)
(-0.104688 -0.0209375 0.85)
(-0.125625 -3.46945e-16 0.85)
(-0.146563 0.0209375 0.85)
(-4.71845e-16 -0.1675 0.85)
(-0.0209375 -0.146563 0.85)
(-0.041875 -0.125625 0.85)
(-0.0628125 -0.104688 0.85)
(-0.08375 -0.08375 0.85)
(-0.104688 -0.0628125 0.85)
(-0.125625 -0.041875 0.85)
(-0.146563 -0.0209375 0.85)
(-0.1675 -3.05311e-16 0.85)
(-0.188438 0.0209375 0.85)
(-4.3715e-16 -0.209375 0.85)
(-0.0209375 -0.188438 0.85)
(-0.041875 -0.1675 0.85)
(-0.0628125 -0.146563 0.85)
(-0.08375 -0.125625 0.85)
(-0.104688 -0.104688 0.85)
(-0.125625 -0.08375 0.85)
(-0.146563 -0.0628125 0.85)
(-0.1675 -0.041875 0.85)
(-0.188438 -0.0209375 0.85)
(-0.209375 -2.98372e-16 0.85)
(-0.230313 0.0209375 0.85)
(-4.57967e-16 -0.25125 0.85)
(-0.0209375 -0.230313 0.85)
(-0.041875 -0.209375 0.85)
(-0.0628125 -0.188438 0.85)
(-0.08375 -0.1675 0.85)
(-0.104688 -0.146563 0.85)
(-0.125625 -0.125625 0.85)
(-0.146563 -0.104688 0.85)
(-0.1675 -0.08375 0.85)
(-0.188438 -0.0628125 0.85)
(-0.209375 -0.041875 0.85)
(-0.230313 -0.0209375 0.85)
(-0.25125 -2.77556e-16 0.85)
(-0.272188 0.0209375 0.85)
(-5.20417e-16 -0.293125 0.85)
(-0.0209375 -0.272187 0.85)
(-0.041875 -0.25125 0.85)
(-0.0628125 -0.230313 0.85)
(-0.08375 -0.209375 0.85)
(-0.104688 -0.188438 0.85)
(-0.125625 -0.1675 0.85)
(-0.146563 -0.146563 0.85)
(-0.1675 -0.125625 0.85)
(-0.188438 -0.104688 0.85)
(-0.209375 -0.08375 0.85)
(-0.230313 -0.0628125 0.85)
(-0.25125 -0.041875 0.85)
(-0.272188 -0.0209375 0.85)
(-0.293125 -2.91434e-16 0.85)
(-2.22045e-16 -4.85723e-16 0.8)
(-0.0209375 0.0209375 0.8)
(-2.498e-16 -0.041875 0.8)
(-0.0209375 -0.0209375 0.8)
(-0.041875 -4.30211e-16 0.8)
(-0.0628125 0.0209375 0.8)
(-3.60822e-16 -0.08375 0.8)
(-0.0209375 -0.0628125 0.8)
(-0.041875 -0.041875 0.8)
(-0.0628125 -0.0209375 0.8)
(-0.08375 -4.02456e-16 0.8)
(-0.104688 0.0209375 0.8)
(-3.747e-16 -0.125625 0.8)
(-0.0209375 -0.104688 0.8)
(-0.041875 -0.08375 0.8)
(-0.0628125 -0.0628125 0.8)
(-0.08375 -0.041875 0.8)
(-0.104688 -0.0209375 0.8)
(-0.125625 -3.60822e-16 0.8)
(-0.146563 0.0209375 0.8)
(-4.71845e-16 -0.1675 0.8)
(-0.0209375 -0.146563 0.8)
(-0.041875 -0.125625 0.8)
(-0.0628125 -0.104688 0.8)
(-0.08375 -0.08375 0.8)
(-0.104688 -0.0628125 0.8)
(-0.125625 -0.041875 0.8)
(-0.146563 -0.0209375 0.8)
(-0.1675 -3.05311e-16 0.8)
(-0.188438 0.0209375 0.8)
(-4.3715e-16 -0.209375 0.8)
(-0.0209375 -0.188438 0.8)
(-0.041875 -0.1675 0.8)
(-0.0628125 -0.146563 0.8)
(-0.08375 -0.125625 0.8)
(-0.104688 -0.104688 0.8)
(-0.125625 -0.08375 0.8)
(-0.146563 -0.0628125 0.8)
(-0.1675 -0.041875 0.8)
(-0.188438 -0.0209375 0.8)
(-0.209375 -2.98372e-16 0.8)
(-0.230313 0.0209375 0.8)
(-4.57967e-16 -0.25125 0.8)
(-0.0209375 -0.230313 0.8)
(-0.041875 -0.209375 0.8)
(-0.0628125 -0.188438 0.8)
(-0.08375 -0.1675 0.8)
(-0.104688 -0.146563 0.8)
(-0.125625 -0.125625 0.8)
(-0.146563 -0.104688 0.8)
(-0.1675 -0.08375 0.8)
(-0.188438 -0.0628125 0.8)
(-0.209375 -0.041875 0.8)
(-0.230313 -0.0209375 0.8)
(-0.25125 -2.77556e-16 0.8)
(-0.272188 0.0209375 0.8)
(-5.20417e-16 -0.293125 0.8)
(-0.0209375 -0.272187 0.8)
(-0.041875 -0.25125 0.8)
(-0.0628125 -0.230313 0.8)
(-0.08375 -0.209375 0.8)
(-0.104688 -0.188438 0.8)
(-0.125625 -0.1675 0.8)
(-0.146563 -0.146563 0.8)
(-0.1675 -0.125625 0.8)
(-0.188438 -0.104688 0.8)
(-0.209375 -0.08375 0.8)
(-0.230313 -0.0628125 0.8)
(-0.25125 -0.041875 0.8)
(-0.272188 -0.0209375 0.8)
(-0.293125 -2.91434e-16 0.8)
(-2.35922e-16 -4.996e-16 0.75)
(-0.0209375 0.0209375 0.75)
(-2.91434e-16 -0.041875 0.75)
(-0.0209375 -0.0209375 0.75)
(-0.041875 -4.71845e-16 0.75)
(-0.0628125 0.0209375 0.75)
(-3.60822e-16 -0.08375 0.75)
(-0.0209375 -0.0628125 0.75)
(-0.041875 -0.041875 0.75)
(-0.0628125 -0.0209375 0.75)
(-0.08375 -4.02456e-16 0.75)
(-0.104688 0.0209375 0.75)
(-4.02456e-16 -0.125625 0.75)
(-0.0209375 -0.104688 0.75)
(-0.041875 -0.08375 0.75)
(-0.0628125 -0.0628125 0.75)
(-0.08375 -0.041875 0.75)
(-0.104688 -0.0209375 0.75)
(-0.125625 -3.747e-16 0.75)
(-0.146563 0.0209375 0.75)
(-4.71845e-16 -0.1675 0.75)
(-0.0209375 -0.146563 0.75)
(-0.041875 -0.125625 0.75)
(-0.0628125 -0.104688 0.75)
(-0.08375 -0.08375 0.75)
(-0.104688 -0.0628125 0.75)
(-0.125625 -0.041875 0.75)
(-0.146563 -0.0209375 0.75)
(-0.1675 -3.05311e-16 0.75)
(-0.188438 0.0209375 0.75)
(-4.3715e-16 -0.209375 0.75)
(-0.0209375 -0.188438 0.75)
(-0.041875 -0.1675 0.75)
(-0.0628125 -0.146563 0.75)
(-0.08375 -0.125625 0.75)
(-0.104688 -0.104688 0.75)
(-0.125625 -0.08375 0.75)
(-0.146563 -0.0628125 0.75)
(-0.1675 -0.041875 0.75)
(-0.188438 -0.0209375 0.75)
(-0.209375 -2.98372e-16 0.75)
(-0.230313 0.0209375 0.75)
(-5.06539e-16 -0.25125 0.75)
(-0.0209375 -0.230313 0.75)
(-0.041875 -0.209375 0.75)
(-0.0628125 -0.188438 0.75)
(-0.08375 -0.1675 0.75)
(-0.104688 -0.146563 0.75)
(-0.125625 -0.125625 0.75)
(-0.146563 -0.104688 0.75)
(-0.1675 -0.08375 0.75)
(-0.188438 -0.0628125 0.75)
(-0.209375 -0.041875 0.75)
(-0.230313 -0.0209375 0.75)
(-0.25125 -2.84495e-16 0.75)
(-0.272188 0.0209375 0.75)
(-5.20417e-16 -0.293125 0.75)
(-0.0209375 -0.272187 0.75)
(-0.041875 -0.25125 0.75)
(-0.0628125 -0.230313 0.75)
(-0.08375 -0.209375 0.75)
(-0.104688 -0.188438 0.75)
(-0.125625 -0.1675 0.75)
(-0.146563 -0.146563 0.75)
(-0.1675 -0.125625 0.75)
(-0.188438 -0.104688 0.75)
(-0.209375 -0.08375 0.75)
(-0.230313 -0.0628125 0.75)
(-0.25125 -0.041875 0.75)
(-0.272188 -0.0209375 0.75)
(-0.293125 -2.91434e-16 0.75)
(-2.77556e-16 -5.41234e-16 0.7)
(-0.0209375 0.0209375 0.7)
(-3.19189e-16 -0.041875 0.7)
(-0.0209375 -0.0209375 0.7)
(-0.041875 -4.85723e-16 0.7)
(-0.0628125 0.0209375 0.7)
(-3.46945e-16 -0.08375 0.7)
(-0.0209375 -0.0628125 0.7)
(-0.041875 -0.041875 0.7)
(-0.0628125 -0.0209375 0.7)
(-0.08375 -3.747e-16 0.7)
(-0.104688 0.0209375 0.7)
(-4.02456e-16 -0.125625 0.7)
(-0.0209375 -0.104688 0.7)
(-0.041875 -0.08375 0.7)
(-0.0628125 -0.0628125 0.7)
(-0.08375 -0.041875 0.7)
(-0.104688 -0.0209375 0.7)
(-0.125625 -3.747e-16 0.7)
(-0.146563 0.0209375 0.7)
(-5.13478e-16 -0.1675 0.7)
(-0.0209375 -0.146563 0.7)
(-0.041875 -0.125625 0.7)
(-0.0628125 -0.104688 0.7)
(-0.08375 -0.08375 0.7)
(-0.104688 -0.0628125 0.7)
(-0.125625 -0.041875 0.7)
(-0.146563 -0.0209375 0.7)
(-0.1675 -3.33067e-16 0.7)
(-0.188438 0.0209375 0.7)
(-4.85723e-16 -0.209375 0.7)
(-0.0209375 -0.188438 0.7)
(-0.041875 -0.1675 0.7)
(-0.0628125 -0.146563 0.7)
(-0.08375 -0.125625 0.7)
(-0.104688 -0.104688 0.7)
(-0.125625 -0.08375 0.7)
(-0.146563 -0.0628125 0.7)
(-0.1675 -0.041875 0.7)
(-0.188438 -0.0209375 0.7)
(-0.209375 -3.19189e-16 0.7)
(-0.230313 0.0209375 0.7)
(-5.06539e-16 -0.25125 0.7)
(-0.0209375 -0.230313 0.7)
(-0.041875 -0.209375 0.7)
(-0.0628125 -0.188438 0.7)
(-0.08375 -0.1675 0.7)
(-0.104688 -0.146563 0.7)
(-0.125625 -0.125625 0.7)
(-0.146563 -0.104688 0.7)
(-0.1675 -0.08375 0.7)
(-0.188438 -0.0628125 0.7)
(-0.209375 -0.041875 0.7)
(-0.230313 -0.0209375 0.7)
(-0.25125 -2.84495e-16 0.7)
(-0.272188 0.0209375 0.7)
(-4.16334e-16 -0.293125 0.7)
(-0.0209375 -0.272187 0.7)
(-0.041875 -0.25125 0.7)
(-0.0628125 -0.230312 0.7)
(-0.08375 -0.209375 0.7)
(-0.104688 -0.188438 0.7)
(-0.125625 -0.1675 0.7)
(-0.146563 -0.146563 0.7)
(-0.1675 -0.125625 0.7)
(-0.188438 -0.104688 0.7)
(-0.209375 -0.08375 0.7)
(-0.230313 -0.0628125 0.7)
(-0.25125 -0.041875 0.7)
(-0.272188 -0.0209375 0.7)
(-0.293125 -2.91434e-16 0.7)
(-2.35922e-16 -4.996e-16 0.65)
(-0.0209375 0.0209375 0.65)
(-2.91434e-16 -0.041875 0.65)
(-0.0209375 -0.0209375 0.65)
(-0.041875 -4.71845e-16 0.65)
(-0.0628125 0.0209375 0.65)
(-2.91434e-16 -0.08375 0.65)
(-0.0209375 -0.0628125 0.65)
(-0.041875 -0.041875 0.65)
(-0.0628125 -0.0209375 0.65)
(-0.08375 -3.747e-16 0.65)
(-0.104688 0.0209375 0.65)
(-4.02456e-16 -0.125625 0.65)
(-0.0209375 -0.104688 0.65)
(-0.041875 -0.08375 0.65)
(-0.0628125 -0.0628125 0.65)
(-0.08375 -0.041875 0.65)
(-0.104688 -0.0209375 0.65)
(-0.125625 -3.747e-16 0.65)
(-0.146563 0.0209375 0.65)
(-4.71845e-16 -0.1675 0.65)
(-0.0209375 -0.146563 0.65)
(-0.041875 -0.125625 0.65)
(-0.0628125 -0.104688 0.65)
(-0.08375 -0.08375 0.65)
(-0.104688 -0.0628125 0.65)
(-0.125625 -0.041875 0.65)
(-0.146563 -0.0209375 0.65)
(-0.1675 -3.05311e-16 0.65)
(-0.188438 0.0209375 0.65)
(-4.85723e-16 -0.209375 0.65)
(-0.0209375 -0.188438 0.65)
(-0.041875 -0.1675 0.65)
(-0.0628125 -0.146563 0.65)
(-0.08375 -0.125625 0.65)
(-0.104688 -0.104688 0.65)
(-0.125625 -0.08375 0.65)
(-0.146563 -0.0628125 0.65)
(-0.1675 -0.041875 0.65)
(-0.188438 -0.0209375 0.65)
(-0.209375 -3.1225e-16 0.65)
(-0.230313 0.0209375 0.65)
(-5.06539e-16 -0.25125 0.65)
(-0.0209375 -0.230313 0.65)
(-0.041875 -0.209375 0.65)
(-0.0628125 -0.188438 0.65)
(-0.08375 -0.1675 0.65)
(-0.104688 -0.146563 0.65)
(-0.125625 -0.125625 0.65)
(-0.146563 -0.104688 0.65)
(-0.1675 -0.08375 0.65)
(-0.188438 -0.0628125 0.65)
(-0.209375 -0.041875 0.65)
(-0.230313 -0.0209375 0.65)
(-0.25125 -2.84495e-16 0.65)
(-0.272188 0.0209375 0.65)
(-4.16334e-16 -0.293125 0.65)
(-0.0209375 -0.272187 0.65)
(-0.041875 -0.25125 0.65)
(-0.0628125 -0.230312 0.65)
(-0.08375 -0.209375 0.65)
(-0.104688 -0.188438 0.65)
(-0.125625 -0.1675 0.65)
(-0.146563 -0.146563 0.65)
(-0.1675 -0.125625 0.65)
(-0.188438 -0.104688 0.65)
(-0.209375 -0.08375 0.65)
(-0.230313 -0.0628125 0.65)
(-0.25125 -0.041875 0.65)
(-0.272188 -0.0209375 0.65)
(-0.293125 -2.87964e-16 0.65)
(-2.63678e-16 -5.13478e-16 0.6)
(-0.0209375 0.0209375 0.6)
(-2.77556e-16 -0.041875 0.6)
(-0.0209375 -0.0209375 0.6)
(-0.041875 -4.71845e-16 0.6)
(-0.0628125 0.0209375 0.6)
(-3.33067e-16 -0.08375 0.6)
(-0.0209375 -0.0628125 0.6)
(-0.041875 -0.041875 0.6)
(-0.0628125 -0.0209375 0.6)
(-0.08375 -3.747e-16 0.6)
(-0.104688 0.0209375 0.6)
(-4.02456e-16 -0.125625 0.6)
(-0.0209375 -0.104688 0.6)
(-0.041875 -0.08375 0.6)
(-0.0628125 -0.0628125 0.6)
(-0.08375 -0.041875 0.6)
(-0.104688 -0.0209375 0.6)
(-0.125625 -3.747e-16 0.6)
(-0.146563 0.0209375 0.6)
(-4.71845e-16 -0.1675 0.6)
(-0.0209375 -0.146563 0.6)
(-0.041875 -0.125625 0.6)
(-0.0628125 -0.104688 0.6)
(-0.08375 -0.08375 0.6)
(-0.104688 -0.0628125 0.6)
(-0.125625 -0.041875 0.6)
(-0.146563 -0.0209375 0.6)
(-0.1675 -3.05311e-16 0.6)
(-0.188438 0.0209375 0.6)
(-4.85723e-16 -0.209375 0.6)
(-0.0209375 -0.188438 0.6)
(-0.041875 -0.1675 0.6)
(-0.0628125 -0.146563 0.6)
(-0.08375 -0.125625 0.6)
(-0.104688 -0.104688 0.6)
(-0.125625 -0.08375 0.6)
(-0.146563 -0.0628125 0.6)
(-0.1675 -0.041875 0.6)
(-0.188438 -0.0209375 0.6)
(-0.209375 -3.1225e-16 0.6)
(-0.230313 0.0209375 0.6)
(-5.06539e-16 -0.25125 0.6)
(-0.0209375 -0.230313 0.6)
(-0.041875 -0.209375 0.6)
(-0.0628125 -0.188438 0.6)
(-0.08375 -0.1675 0.6)
(-0.104688 -0.146563 0.6)
(-0.125625 -0.125625 0.6)
(-0.146563 -0.104688 0.6)
(-0.1675 -0.08375 0.6)
(-0.188438 -0.0628125 0.6)
(-0.209375 -0.041875 0.6)
(-0.230313 -0.0209375 0.6)
(-0.25125 -2.84495e-16 0.6)
(-0.272188 0.0209375 0.6)
(-5.20417e-16 -0.293125 0.6)
(-0.0209375 -0.272187 0.6)
(-0.041875 -0.25125 0.6)
(-0.0628125 -0.230313 0.6)
(-0.08375 -0.209375 0.6)
(-0.104688 -0.188438 0.6)
(-0.125625 -0.1675 0.6)
(-0.146563 -0.146563 0.6)
(-0.1675 -0.125625 0.6)
(-0.188438 -0.104688 0.6)
(-0.209375 -0.08375 0.6)
(-0.230313 -0.0628125 0.6)
(-0.25125 -0.041875 0.6)
(-0.272188 -0.0209375 0.6)
(-0.293125 -2.91434e-16 0.6)
(-2.63678e-16 -5.27356e-16 0.55)
(-0.0209375 0.0209375 0.55)
(-2.91434e-16 -0.041875 0.55)
(-0.0209375 -0.0209375 0.55)
(-0.041875 -4.71845e-16 0.55)
(-0.0628125 0.0209375 0.55)
(-3.05311e-16 -0.08375 0.55)
(-0.0209375 -0.0628125 0.55)
(-0.041875 -0.041875 0.55)
(-0.0628125 -0.0209375 0.55)
(-0.08375 -3.747e-16 0.55)
(-0.104688 0.0209375 0.55)
(-4.02456e-16 -0.125625 0.55)
(-0.0209375 -0.104688 0.55)
(-0.041875 -0.08375 0.55)
(-0.0628125 -0.0628125 0.55)
(-0.08375 -0.041875 0.55)
(-0.104688 -0.0209375 0.55)
(-0.125625 -3.747e-16 0.55)
(-0.146563 0.0209375 0.55)
(-5.13478e-16 -0.1675 0.55)
(-0.0209375 -0.146563 0.55)
(-0.041875 -0.125625 0.55)
(-0.0628125 -0.104688 0.55)
(-0.08375 -0.08375 0.55)
(-0.104688 -0.0628125 0.55)
(-0.125625 -0.041875 0.55)
(-0.146563 -0.0209375 0.55)
(-0.1675 -3.19189e-16 0.55)
(-0.188438 0.0209375 0.55)
(-4.85723e-16 -0.209375 0.55)
(-0.0209375 -0.188438 0.55)
(-0.041875 -0.1675 0.55)
(-0.0628125 -0.146563 0.55)
(-0.08375 -0.125625 0.55)
(-0.104688 -0.104688 0.55)
(-0.125625 -0.08375 0.55)
(-0.146563 -0.0628125 0.55)
(-0.1675 -0.041875 0.55)
(-0.188438 -0.0209375 0.55)
(-0.209375 -3.1225e-16 0.55)
(-0.230313 0.0209375 0.55)
(-5.06539e-16 -0.25125 0.55)
(-0.0209375 -0.230313 0.55)
(-0.041875 -0.209375 0.55)
(-0.0628125 -0.188438 0.55)
(-0.08375 -0.1675 0.55)
(-0.104688 -0.146563 0.55)
(-0.125625 -0.125625 0.55)
(-0.146563 -0.104688 0.55)
(-0.1675 -0.08375 0.55)
(-0.188438 -0.0628125 0.55)
(-0.209375 -0.041875 0.55)
(-0.230313 -0.0209375 0.55)
(-0.25125 -2.84495e-16 0.55)
(-0.272188 0.0209375 0.55)
(-5.20417e-16 -0.293125 0.55)
(-0.0209375 -0.272187 0.55)
(-0.041875 -0.25125 0.55)
(-0.0628125 -0.230313 0.55)
(-0.08375 -0.209375 0.55)
(-0.104688 -0.188438 0.55)
(-0.125625 -0.1675 0.55)
(-0.146563 -0.146563 0.55)
(-0.1675 -0.125625 0.55)
(-0.188438 -0.104688 0.55)
(-0.209375 -0.08375 0.55)
(-0.230313 -0.0628125 0.55)
(-0.25125 -0.041875 0.55)
(-0.272188 -0.0209375 0.55)
(-0.293125 -2.91434e-16 0.55)
(-2.498e-16 -5.13478e-16 0.5)
(-0.0209375 0.0209375 0.5)
(-2.91434e-16 -0.041875 0.5)
(-0.0209375 -0.0209375 0.5)
(-0.041875 -4.71845e-16 0.5)
(-0.0628125 0.0209375 0.5)
(-3.46945e-16 -0.08375 0.5)
(-0.0209375 -0.0628125 0.5)
(-0.041875 -0.041875 0.5)
(-0.0628125 -0.0209375 0.5)
(-0.08375 -3.747e-16 0.5)
(-0.104688 0.0209375 0.5)
(-4.02456e-16 -0.125625 0.5)
(-0.0209375 -0.104688 0.5)
(-0.041875 -0.08375 0.5)
(-0.0628125 -0.0628125 0.5)
(-0.08375 -0.041875 0.5)
(-0.104688 -0.0209375 0.5)
(-0.125625 -3.747e-16 0.5)
(-0.146563 0.0209375 0.5)
(-5.13478e-16 -0.1675 0.5)
(-0.0209375 -0.146563 0.5)
(-0.041875 -0.125625 0.5)
(-0.0628125 -0.104688 0.5)
(-0.08375 -0.08375 0.5)
(-0.104688 -0.0628125 0.5)
(-0.125625 -0.041875 0.5)
(-0.146563 -0.0209375 0.5)
(-0.1675 -3.19189e-16 0.5)
(-0.188438 0.0209375 0.5)
(-4.85723e-16 -0.209375 0.5)
(-0.0209375 -0.188438 0.5)
(-0.041875 -0.1675 0.5)
(-0.0628125 -0.146563 0.5)
(-0.08375 -0.125625 0.5)
(-0.104688 -0.104688 0.5)
(-0.125625 -0.08375 0.5)
(-0.146563 -0.0628125 0.5)
(-0.1675 -0.041875 0.5)
(-0.188438 -0.0209375 0.5)
(-0.209375 -3.1225e-16 0.5)
(-0.230313 0.0209375 0.5)
(-5.06539e-16 -0.25125 0.5)
(-0.0209375 -0.230313 0.5)
(-0.041875 -0.209375 0.5)
(-0.0628125 -0.188438 0.5)
(-0.08375 -0.1675 0.5)
(-0.104688 -0.146563 0.5)
(-0.125625 -0.125625 0.5)
(-0.146563 -0.104688 0.5)
(-0.1675 -0.08375 0.5)
(-0.188438 -0.0628125 0.5)
(-0.209375 -0.041875 0.5)
(-0.230313 -0.0209375 0.5)
(-0.25125 -2.84495e-16 0.5)
(-0.272188 0.0209375 0.5)
(-4.16334e-16 -0.293125 0.5)
(-0.0209375 -0.272187 0.5)
(-0.041875 -0.25125 0.5)
(-0.0628125 -0.230312 0.5)
(-0.08375 -0.209375 0.5)
(-0.104688 -0.188438 0.5)
(-0.125625 -0.1675 0.5)
(-0.146563 -0.146563 0.5)
(-0.1675 -0.125625 0.5)
(-0.188438 -0.104688 0.5)
(-0.209375 -0.08375 0.5)
(-0.230313 -0.0628125 0.5)
(-0.25125 -0.041875 0.5)
(-0.272188 -0.0209375 0.5)
(-0.293125 -2.87964e-16 0.5)
)


// ************************************************************************* //
