/*--------------------------------*- C++ -*----------------------------------*\
| =========                 |                                                 |
| \\      /  F ield         | OpenFOAM: The Open Source CFD Toolbox           |
|  \\    /   O peration     | Version:  4.x                                   |
|   \\  /    A nd           | Web:      www.OpenFOAM.org                      |
|    \\/     M anipulation  |                                                 |
\*---------------------------------------------------------------------------*/
FoamFile
{
    version     2.0;
    format      ascii;
    class       labelList;
    location    "constant/polyMesh";
    object      cellProcAddressing;
}
// * * * * * * * * * * * * * * * * * * * * * * * * * * * * * * * * * * * * * //


1225
(
1276
1277
1278
1279
1280
1281
1282
1283
1284
1285
1286
1287
1288
1289
1290
1291
1292
1293
1294
1295
1296
1297
1298
1299
1300
1301
1302
1303
1304
1305
1306
1307
1308
1309
1310
1311
1312
1313
1314
1315
1316
1317
1318
1319
1320
1321
1322
1323
1324
1325
1326
1327
1328
1329
1330
1331
1332
1333
1334
1335
1336
1337
1338
1339
1340
1341
1342
1343
1344
1345
1346
1347
1348
1349
1350
1351
1352
1353
1354
1355
1356
1357
1358
1359
1360
1361
1362
1363
1364
1365
1366
1367
1368
1369
1370
1371
1372
1373
1374
1375
1376
1377
1378
1379
1380
1381
1382
1383
1384
1385
1386
1387
1388
1389
1390
1391
1392
1393
1394
1395
1396
1397
1398
1399
1400
1401
1402
1403
1404
1405
1406
1407
1408
1409
1410
1411
1412
1413
1414
1415
1416
1417
1418
1419
1420
1421
1422
1423
1424
1425
1426
1427
1428
1429
1430
1431
1432
1433
1434
1435
1436
1437
1438
1439
1440
1441
1442
1443
1444
1445
1446
1447
1448
1449
1450
1451
1452
1453
1454
1455
1456
1457
1458
1459
1460
1461
1462
1463
1464
1465
1466
1467
1468
1469
1470
1471
1472
1473
1474
1475
1476
1477
1478
1479
1480
1481
1482
1483
1484
1485
1486
1487
1488
1489
1490
1491
1492
1493
1494
1495
1496
1497
1498
1499
1500
1501
1502
1503
1504
1505
1506
1507
1508
1509
1510
1511
1512
1513
1514
1515
1516
1517
1518
1519
1520
1521
1522
1523
1524
1525
1526
1527
1528
1529
1530
1531
1532
1533
1534
1535
1536
1537
1538
1539
1540
1541
1542
1543
1544
1545
1546
1547
1548
1549
1550
1551
1552
1553
1554
1555
1556
1557
1558
1559
1560
1561
1562
1563
1564
1565
1566
1567
1568
1569
1570
1571
1572
1573
1574
1575
1576
1577
1578
1579
1580
1581
1582
1583
1584
1585
1586
1587
1588
1589
1590
1591
1592
1593
1594
1595
1596
1597
1598
1599
1600
1601
1602
1603
1604
1605
1606
1607
1608
1609
1610
1611
1612
1613
1614
1615
1616
1617
1618
1619
1620
1621
1622
1623
1624
1625
1626
1627
1628
1629
1630
1631
1632
1633
1634
1635
1636
1637
1638
1639
1640
1641
1642
1643
1644
1645
1646
1647
1648
1649
1650
1651
1652
1653
1654
1655
1656
1657
1658
1659
1660
1661
1662
1663
1664
1665
1666
1667
1668
1669
1670
1671
1672
1673
1674
1675
1676
1677
1678
1679
1680
1681
1682
1683
1684
1685
1686
1687
1688
1689
1690
1691
1692
1693
1694
1695
1696
1697
1698
1699
1700
1701
1702
1703
1704
1705
1706
1707
1708
1709
1710
1711
1712
1713
1714
1715
1716
1717
1718
1719
1720
1721
1722
1723
1724
1725
1726
1727
1728
1729
1730
1731
1732
1733
1734
1735
1736
1737
1738
1739
1740
1741
1742
1743
1744
1745
1746
1747
1748
1749
1750
1751
1752
1753
1754
1755
1756
1757
1758
1759
1760
1761
1762
1763
1764
1765
1766
1767
1768
1769
1770
1771
1772
1773
1774
1775
1776
1777
1778
1779
1780
1781
1782
1783
1784
1785
1786
1787
1788
1789
1790
1791
1792
1793
1794
1795
1796
1797
1798
1799
1800
1801
1802
1803
1804
1805
1806
1807
1808
1809
1810
1811
1812
1813
1814
1815
1816
1817
1818
1819
1820
1821
1822
1823
1824
1825
1826
1827
1828
1829
1830
1831
1832
1833
1834
1835
1836
1837
1838
1839
1840
1841
1842
1843
1844
1845
1846
1847
1848
1849
1850
1851
1852
1853
1854
1855
1856
1857
1858
1859
1860
1861
1862
1863
1864
1865
1866
1867
1868
1869
1870
1871
1872
1873
1874
1875
1876
1877
1878
1879
1880
1881
1882
1883
1884
1885
1886
1887
1888
1889
1890
1891
1892
1893
1894
1895
1896
1897
1898
1899
1900
1901
1902
1903
1904
1905
1906
1907
1908
1909
1910
1911
1912
1913
1914
1915
5143
5158
5159
5173
5174
5175
5188
5189
5190
5191
5203
5204
5205
5206
5207
5218
5219
5220
5221
5222
5223
5233
5234
5235
5236
5237
5238
5239
5249
5250
5251
5252
5253
5254
5255
5266
5267
5268
5269
5270
5271
5283
5284
5285
5286
5287
5300
5301
5302
5303
5317
5318
5319
5334
5335
5351
5399
5414
5415
5429
5430
5431
5444
5445
5446
5447
5459
5460
5461
5462
5463
5474
5475
5476
5477
5478
5479
5489
5490
5491
5492
5493
5494
5495
5505
5506
5507
5508
5509
5510
5511
5522
5523
5524
5525
5526
5527
5539
5540
5541
5542
5543
5556
5557
5558
5559
5573
5574
5575
5590
5591
5607
5655
5670
5671
5685
5686
5687
5700
5701
5702
5703
5715
5716
5717
5718
5719
5730
5731
5732
5733
5734
5735
5745
5746
5747
5748
5749
5750
5751
5761
5762
5763
5764
5765
5766
5767
5778
5779
5780
5781
5782
5783
5795
5796
5797
5798
5799
5812
5813
5814
5815
5829
5830
5831
5846
5847
5863
5911
5926
5927
5941
5942
5943
5956
5957
5958
5959
5971
5972
5973
5974
5975
5986
5987
5988
5989
5990
5991
6001
6002
6003
6004
6005
6006
6007
6017
6018
6019
6020
6021
6022
6023
6034
6035
6036
6037
6038
6039
6051
6052
6053
6054
6055
6068
6069
6070
6071
6085
6086
6087
6102
6103
6119
6151
6167
6182
6183
6197
6198
6199
6212
6213
6214
6215
6227
6228
6229
6230
6231
6242
6243
6244
6245
6246
6247
6257
6258
6259
6260
6261
6262
6263
6273
6274
6275
6276
6277
6278
6279
6290
6291
6292
6293
6294
6295
6307
6308
6309
6310
6311
6324
6325
6326
6327
6341
6342
6343
6358
6359
6375
6407
6422
6423
6438
6439
6453
6454
6455
6468
6469
6470
6471
6483
6484
6485
6486
6487
6498
6499
6500
6501
6502
6503
6513
6514
6515
6516
6517
6518
6519
6529
6530
6531
6532
6533
6534
6535
6546
6547
6548
6549
6550
6551
6563
6564
6565
6566
6567
6580
6581
6582
6583
6597
6598
6599
6614
6615
6631
6663
6678
6679
6693
6694
6695
6708
6709
6710
6711
6724
6725
6726
6727
6739
6740
6741
6742
6743
6754
6755
6756
6757
6758
6759
6769
6770
6771
6772
6773
6774
6775
6785
6786
6787
6788
6789
6790
6791
6802
6803
6804
6805
6806
6807
6819
6820
6821
6822
6823
6836
6837
6838
6839
6853
6854
6855
6870
6871
6887
6919
6934
6935
6949
6950
6951
6964
6965
6966
6967
6979
6980
6981
6982
6983
6995
6996
6997
6998
6999
7010
7011
7012
7013
7014
7015
7025
7026
7027
7028
7029
7030
7031
7041
7042
7043
7044
7045
7046
7047
7058
7059
7060
7061
7062
7063
7075
7076
7077
7078
7079
7092
7093
7094
7095
7109
7110
7111
7126
7127
7143
7175
7190
7191
7205
7206
7207
7220
7221
7222
7223
7235
7236
7237
7238
7239
7250
7251
7252
7253
7254
7255
7266
7267
7268
7269
7270
7271
7281
7282
7283
7284
7285
7286
7287
7297
7298
7299
7300
7301
7302
7303
7314
7315
7316
7317
7318
7319
7331
7332
7333
7334
7335
7348
7349
7350
7351
7365
7366
7367
7382
7383
7399
7431
7446
7447
7461
7462
7463
7476
7477
7478
7479
7491
7492
7493
7494
7495
7506
7507
7508
7509
7510
7511
7521
7522
7523
7524
7525
7526
7527
7537
7538
7539
7540
7541
7542
7543
7553
7554
7555
7556
7557
7558
7559
7570
7571
7572
7573
7574
7575
7587
7588
7589
7590
7591
7604
7605
7606
7607
7621
7622
7623
7638
7639
7655
)


// ************************************************************************* //
