/*--------------------------------*- C++ -*----------------------------------*\
| =========                 |                                                 |
| \\      /  F ield         | OpenFOAM: The Open Source CFD Toolbox           |
|  \\    /   O peration     | Version:  4.x                                   |
|   \\  /    A nd           | Web:      www.OpenFOAM.org                      |
|    \\/     M anipulation  |                                                 |
\*---------------------------------------------------------------------------*/
FoamFile
{
    version     2.0;
    format      ascii;
    class       faceList;
    location    "constant/polyMesh";
    object      faces;
}
// * * * * * * * * * * * * * * * * * * * * * * * * * * * * * * * * * * * * * //


4072
(
4(79 257 492 118)
4(21 32 492 257)
4(11 118 492 32)
4(80 258 493 117)
4(257 492 493 258)
4(118 117 493 492)
4(79 80 117 118)
4(81 259 494 116)
4(258 493 494 259)
4(117 116 494 493)
4(80 81 116 117)
4(82 260 495 115)
4(259 494 495 260)
4(116 115 495 494)
4(81 82 115 116)
4(83 261 496 114)
4(260 495 496 261)
4(115 114 496 495)
4(82 83 114 115)
4(84 262 497 113)
4(261 496 497 262)
4(114 113 497 496)
4(83 84 113 114)
4(85 263 498 112)
4(262 497 498 263)
4(113 112 498 497)
4(84 85 112 113)
4(86 264 499 111)
4(263 498 499 264)
4(112 111 499 498)
4(85 86 111 112)
4(87 265 500 110)
4(264 499 500 265)
4(111 110 500 499)
4(86 87 110 111)
4(88 266 501 109)
4(265 500 501 266)
4(110 109 501 500)
4(87 88 109 110)
4(89 267 502 108)
4(266 501 502 267)
4(109 108 502 501)
4(88 89 108 109)
4(90 268 503 107)
4(267 502 503 268)
4(108 107 503 502)
4(89 90 107 108)
4(91 269 504 106)
4(268 503 504 269)
4(107 106 504 503)
4(90 91 106 107)
4(92 270 505 105)
4(269 504 505 270)
4(106 105 505 504)
4(91 92 105 106)
4(93 271 506 104)
4(270 505 506 271)
4(105 104 506 505)
4(92 93 104 105)
4(271 506 462 256)
4(104 103 462 506)
4(257 272 507 492)
4(20 33 507 272)
4(32 492 507 33)
4(258 273 508 493)
4(272 507 508 273)
4(492 493 508 507)
4(259 274 509 494)
4(273 508 509 274)
4(493 494 509 508)
4(260 275 510 495)
4(274 509 510 275)
4(494 495 510 509)
4(261 276 511 496)
4(275 510 511 276)
4(495 496 511 510)
4(262 277 512 497)
4(276 511 512 277)
4(496 497 512 511)
4(263 278 513 498)
4(277 512 513 278)
4(497 498 513 512)
4(264 279 514 499)
4(278 513 514 279)
4(498 499 514 513)
4(265 280 515 500)
4(279 514 515 280)
4(499 500 515 514)
4(266 281 516 501)
4(280 515 516 281)
4(500 501 516 515)
4(267 282 517 502)
4(281 516 517 282)
4(501 502 517 516)
4(268 283 518 503)
4(282 517 518 283)
4(502 503 518 517)
4(269 284 519 504)
4(283 518 519 284)
4(503 504 519 518)
4(270 285 520 505)
4(284 519 520 285)
4(504 505 520 519)
4(271 286 521 506)
4(285 520 521 286)
4(505 506 521 520)
4(286 521 463 255)
4(506 462 463 521)
4(272 287 522 507)
4(19 34 522 287)
4(33 507 522 34)
4(273 288 523 508)
4(287 522 523 288)
4(507 508 523 522)
4(274 289 524 509)
4(288 523 524 289)
4(508 509 524 523)
4(275 290 525 510)
4(289 524 525 290)
4(509 510 525 524)
4(276 291 526 511)
4(290 525 526 291)
4(510 511 526 525)
4(277 292 527 512)
4(291 526 527 292)
4(511 512 527 526)
4(278 293 528 513)
4(292 527 528 293)
4(512 513 528 527)
4(279 294 529 514)
4(293 528 529 294)
4(513 514 529 528)
4(280 295 530 515)
4(294 529 530 295)
4(514 515 530 529)
4(281 296 531 516)
4(295 530 531 296)
4(515 516 531 530)
4(282 297 532 517)
4(296 531 532 297)
4(516 517 532 531)
4(283 298 533 518)
4(297 532 533 298)
4(517 518 533 532)
4(284 299 534 519)
4(298 533 534 299)
4(518 519 534 533)
4(285 300 535 520)
4(299 534 535 300)
4(519 520 535 534)
4(286 301 536 521)
4(300 535 536 301)
4(520 521 536 535)
4(301 536 464 254)
4(521 463 464 536)
4(287 63 312 522)
4(34 522 312 31)
4(288 64 313 523)
4(522 523 313 312)
4(289 65 314 524)
4(523 524 314 313)
4(290 66 315 525)
4(524 525 315 314)
4(291 67 316 526)
4(525 526 316 315)
4(292 68 317 527)
4(526 527 317 316)
4(293 69 318 528)
4(527 528 318 317)
4(294 70 319 529)
4(528 529 319 318)
4(295 71 320 530)
4(529 530 320 319)
4(296 72 321 531)
4(530 531 321 320)
4(297 73 322 532)
4(531 532 322 321)
4(298 74 323 533)
4(532 533 323 322)
4(299 75 324 534)
4(533 534 324 323)
4(300 76 325 535)
4(534 535 325 324)
4(301 77 326 536)
4(535 536 326 325)
4(536 464 311 326)
4(118 492 537 133)
4(32 35 537 492)
4(10 133 537 35)
4(117 493 538 132)
4(492 537 538 493)
4(133 132 538 537)
4(118 117 132 133)
4(116 494 539 131)
4(493 538 539 494)
4(132 131 539 538)
4(117 116 131 132)
4(115 495 540 130)
4(494 539 540 495)
4(131 130 540 539)
4(116 115 130 131)
4(114 496 541 129)
4(495 540 541 496)
4(130 129 541 540)
4(115 114 129 130)
4(113 497 542 128)
4(496 541 542 497)
4(129 128 542 541)
4(114 113 128 129)
4(112 498 543 127)
4(497 542 543 498)
4(128 127 543 542)
4(113 112 127 128)
4(111 499 544 126)
4(498 543 544 499)
4(127 126 544 543)
4(112 111 126 127)
4(110 500 545 125)
4(499 544 545 500)
4(126 125 545 544)
4(111 110 125 126)
4(109 501 546 124)
4(500 545 546 501)
4(125 124 546 545)
4(110 109 124 125)
4(108 502 547 123)
4(501 546 547 502)
4(124 123 547 546)
4(109 108 123 124)
4(107 503 548 122)
4(502 547 548 503)
4(123 122 548 547)
4(108 107 122 123)
4(106 504 549 121)
4(503 548 549 504)
4(122 121 549 548)
4(107 106 121 122)
4(105 505 550 120)
4(504 549 550 505)
4(121 120 550 549)
4(106 105 120 121)
4(104 506 551 119)
4(505 550 551 506)
4(120 119 551 550)
4(105 104 119 120)
4(506 551 465 462)
4(119 102 465 551)
4(492 507 552 537)
4(33 36 552 507)
4(35 537 552 36)
4(493 508 553 538)
4(507 552 553 508)
4(537 538 553 552)
4(494 509 554 539)
4(508 553 554 509)
4(538 539 554 553)
4(495 510 555 540)
4(509 554 555 510)
4(539 540 555 554)
4(496 511 556 541)
4(510 555 556 511)
4(540 541 556 555)
4(497 512 557 542)
4(511 556 557 512)
4(541 542 557 556)
4(498 513 558 543)
4(512 557 558 513)
4(542 543 558 557)
4(499 514 559 544)
4(513 558 559 514)
4(543 544 559 558)
4(500 515 560 545)
4(514 559 560 515)
4(544 545 560 559)
4(501 516 561 546)
4(515 560 561 516)
4(545 546 561 560)
4(502 517 562 547)
4(516 561 562 517)
4(546 547 562 561)
4(503 518 563 548)
4(517 562 563 518)
4(547 548 563 562)
4(504 519 564 549)
4(518 563 564 519)
4(548 549 564 563)
4(505 520 565 550)
4(519 564 565 520)
4(549 550 565 564)
4(506 521 566 551)
4(520 565 566 521)
4(550 551 566 565)
4(521 566 466 463)
4(551 465 466 566)
4(507 522 567 552)
4(34 37 567 522)
4(36 552 567 37)
4(508 523 568 553)
4(522 567 568 523)
4(552 553 568 567)
4(509 524 569 554)
4(523 568 569 524)
4(553 554 569 568)
4(510 525 570 555)
4(524 569 570 525)
4(554 555 570 569)
4(511 526 571 556)
4(525 570 571 526)
4(555 556 571 570)
4(512 527 572 557)
4(526 571 572 527)
4(556 557 572 571)
4(513 528 573 558)
4(527 572 573 528)
4(557 558 573 572)
4(514 529 574 559)
4(528 573 574 529)
4(558 559 574 573)
4(515 530 575 560)
4(529 574 575 530)
4(559 560 575 574)
4(516 531 576 561)
4(530 575 576 531)
4(560 561 576 575)
4(517 532 577 562)
4(531 576 577 532)
4(561 562 577 576)
4(518 533 578 563)
4(532 577 578 533)
4(562 563 578 577)
4(519 534 579 564)
4(533 578 579 534)
4(563 564 579 578)
4(520 535 580 565)
4(534 579 580 535)
4(564 565 580 579)
4(521 536 581 566)
4(535 580 581 536)
4(565 566 581 580)
4(536 581 467 464)
4(566 466 467 581)
4(522 312 327 567)
4(37 567 327 30)
4(523 313 328 568)
4(567 568 328 327)
4(524 314 329 569)
4(568 569 329 328)
4(525 315 330 570)
4(569 570 330 329)
4(526 316 331 571)
4(570 571 331 330)
4(527 317 332 572)
4(571 572 332 331)
4(528 318 333 573)
4(572 573 333 332)
4(529 319 334 574)
4(573 574 334 333)
4(530 320 335 575)
4(574 575 335 334)
4(531 321 336 576)
4(575 576 336 335)
4(532 322 337 577)
4(576 577 337 336)
4(533 323 338 578)
4(577 578 338 337)
4(534 324 339 579)
4(578 579 339 338)
4(535 325 340 580)
4(579 580 340 339)
4(536 326 341 581)
4(580 581 341 340)
4(581 467 310 341)
4(133 537 582 148)
4(35 38 582 537)
4(9 148 582 38)
4(132 538 583 147)
4(537 582 583 538)
4(148 147 583 582)
4(133 132 147 148)
4(131 539 584 146)
4(538 583 584 539)
4(147 146 584 583)
4(132 131 146 147)
4(130 540 585 145)
4(539 584 585 540)
4(146 145 585 584)
4(131 130 145 146)
4(129 541 586 144)
4(540 585 586 541)
4(145 144 586 585)
4(130 129 144 145)
4(128 542 587 143)
4(541 586 587 542)
4(144 143 587 586)
4(129 128 143 144)
4(127 543 588 142)
4(542 587 588 543)
4(143 142 588 587)
4(128 127 142 143)
4(126 544 589 141)
4(543 588 589 544)
4(142 141 589 588)
4(127 126 141 142)
4(125 545 590 140)
4(544 589 590 545)
4(141 140 590 589)
4(126 125 140 141)
4(124 546 591 139)
4(545 590 591 546)
4(140 139 591 590)
4(125 124 139 140)
4(123 547 592 138)
4(546 591 592 547)
4(139 138 592 591)
4(124 123 138 139)
4(122 548 593 137)
4(547 592 593 548)
4(138 137 593 592)
4(123 122 137 138)
4(121 549 594 136)
4(548 593 594 549)
4(137 136 594 593)
4(122 121 136 137)
4(120 550 595 135)
4(549 594 595 550)
4(136 135 595 594)
4(121 120 135 136)
4(119 551 596 134)
4(550 595 596 551)
4(135 134 596 595)
4(120 119 134 135)
4(551 596 468 465)
4(134 101 468 596)
4(537 552 597 582)
4(36 39 597 552)
4(38 582 597 39)
4(538 553 598 583)
4(552 597 598 553)
4(582 583 598 597)
4(539 554 599 584)
4(553 598 599 554)
4(583 584 599 598)
4(540 555 600 585)
4(554 599 600 555)
4(584 585 600 599)
4(541 556 601 586)
4(555 600 601 556)
4(585 586 601 600)
4(542 557 602 587)
4(556 601 602 557)
4(586 587 602 601)
4(543 558 603 588)
4(557 602 603 558)
4(587 588 603 602)
4(544 559 604 589)
4(558 603 604 559)
4(588 589 604 603)
4(545 560 605 590)
4(559 604 605 560)
4(589 590 605 604)
4(546 561 606 591)
4(560 605 606 561)
4(590 591 606 605)
4(547 562 607 592)
4(561 606 607 562)
4(591 592 607 606)
4(548 563 608 593)
4(562 607 608 563)
4(592 593 608 607)
4(549 564 609 594)
4(563 608 609 564)
4(593 594 609 608)
4(550 565 610 595)
4(564 609 610 565)
4(594 595 610 609)
4(551 566 611 596)
4(565 610 611 566)
4(595 596 611 610)
4(566 611 469 466)
4(596 468 469 611)
4(552 567 612 597)
4(37 40 612 567)
4(39 597 612 40)
4(553 568 613 598)
4(567 612 613 568)
4(597 598 613 612)
4(554 569 614 599)
4(568 613 614 569)
4(598 599 614 613)
4(555 570 615 600)
4(569 614 615 570)
4(599 600 615 614)
4(556 571 616 601)
4(570 615 616 571)
4(600 601 616 615)
4(557 572 617 602)
4(571 616 617 572)
4(601 602 617 616)
4(558 573 618 603)
4(572 617 618 573)
4(602 603 618 617)
4(559 574 619 604)
4(573 618 619 574)
4(603 604 619 618)
4(560 575 620 605)
4(574 619 620 575)
4(604 605 620 619)
4(561 576 621 606)
4(575 620 621 576)
4(605 606 621 620)
4(562 577 622 607)
4(576 621 622 577)
4(606 607 622 621)
4(563 578 623 608)
4(577 622 623 578)
4(607 608 623 622)
4(564 579 624 609)
4(578 623 624 579)
4(608 609 624 623)
4(565 580 625 610)
4(579 624 625 580)
4(609 610 625 624)
4(566 581 626 611)
4(580 625 626 581)
4(610 611 626 625)
4(581 626 470 467)
4(611 469 470 626)
4(567 327 342 612)
4(40 612 342 29)
4(568 328 343 613)
4(612 613 343 342)
4(569 329 344 614)
4(613 614 344 343)
4(570 330 345 615)
4(614 615 345 344)
4(571 331 346 616)
4(615 616 346 345)
4(572 332 347 617)
4(616 617 347 346)
4(573 333 348 618)
4(617 618 348 347)
4(574 334 349 619)
4(618 619 349 348)
4(575 335 350 620)
4(619 620 350 349)
4(576 336 351 621)
4(620 621 351 350)
4(577 337 352 622)
4(621 622 352 351)
4(578 338 353 623)
4(622 623 353 352)
4(579 339 354 624)
4(623 624 354 353)
4(580 340 355 625)
4(624 625 355 354)
4(581 341 356 626)
4(625 626 356 355)
4(626 470 309 356)
4(148 582 627 163)
4(38 41 627 582)
4(8 163 627 41)
4(147 583 628 162)
4(582 627 628 583)
4(163 162 628 627)
4(148 147 162 163)
4(146 584 629 161)
4(583 628 629 584)
4(162 161 629 628)
4(147 146 161 162)
4(145 585 630 160)
4(584 629 630 585)
4(161 160 630 629)
4(146 145 160 161)
4(144 586 631 159)
4(585 630 631 586)
4(160 159 631 630)
4(145 144 159 160)
4(143 587 632 158)
4(586 631 632 587)
4(159 158 632 631)
4(144 143 158 159)
4(142 588 633 157)
4(587 632 633 588)
4(158 157 633 632)
4(143 142 157 158)
4(141 589 634 156)
4(588 633 634 589)
4(157 156 634 633)
4(142 141 156 157)
4(140 590 635 155)
4(589 634 635 590)
4(156 155 635 634)
4(141 140 155 156)
4(139 591 636 154)
4(590 635 636 591)
4(155 154 636 635)
4(140 139 154 155)
4(138 592 637 153)
4(591 636 637 592)
4(154 153 637 636)
4(139 138 153 154)
4(137 593 638 152)
4(592 637 638 593)
4(153 152 638 637)
4(138 137 152 153)
4(136 594 639 151)
4(593 638 639 594)
4(152 151 639 638)
4(137 136 151 152)
4(135 595 640 150)
4(594 639 640 595)
4(151 150 640 639)
4(136 135 150 151)
4(134 596 641 149)
4(595 640 641 596)
4(150 149 641 640)
4(135 134 149 150)
4(596 641 471 468)
4(149 100 471 641)
4(582 597 642 627)
4(39 42 642 597)
4(41 627 642 42)
4(583 598 643 628)
4(597 642 643 598)
4(627 628 643 642)
4(584 599 644 629)
4(598 643 644 599)
4(628 629 644 643)
4(585 600 645 630)
4(599 644 645 600)
4(629 630 645 644)
4(586 601 646 631)
4(600 645 646 601)
4(630 631 646 645)
4(587 602 647 632)
4(601 646 647 602)
4(631 632 647 646)
4(588 603 648 633)
4(602 647 648 603)
4(632 633 648 647)
4(589 604 649 634)
4(603 648 649 604)
4(633 634 649 648)
4(590 605 650 635)
4(604 649 650 605)
4(634 635 650 649)
4(591 606 651 636)
4(605 650 651 606)
4(635 636 651 650)
4(592 607 652 637)
4(606 651 652 607)
4(636 637 652 651)
4(593 608 653 638)
4(607 652 653 608)
4(637 638 653 652)
4(594 609 654 639)
4(608 653 654 609)
4(638 639 654 653)
4(595 610 655 640)
4(609 654 655 610)
4(639 640 655 654)
4(596 611 656 641)
4(610 655 656 611)
4(640 641 656 655)
4(611 656 472 469)
4(641 471 472 656)
4(597 612 657 642)
4(40 43 657 612)
4(42 642 657 43)
4(598 613 658 643)
4(612 657 658 613)
4(642 643 658 657)
4(599 614 659 644)
4(613 658 659 614)
4(643 644 659 658)
4(600 615 660 645)
4(614 659 660 615)
4(644 645 660 659)
4(601 616 661 646)
4(615 660 661 616)
4(645 646 661 660)
4(602 617 662 647)
4(616 661 662 617)
4(646 647 662 661)
4(603 618 663 648)
4(617 662 663 618)
4(647 648 663 662)
4(604 619 664 649)
4(618 663 664 619)
4(648 649 664 663)
4(605 620 665 650)
4(619 664 665 620)
4(649 650 665 664)
4(606 621 666 651)
4(620 665 666 621)
4(650 651 666 665)
4(607 622 667 652)
4(621 666 667 622)
4(651 652 667 666)
4(608 623 668 653)
4(622 667 668 623)
4(652 653 668 667)
4(609 624 669 654)
4(623 668 669 624)
4(653 654 669 668)
4(610 625 670 655)
4(624 669 670 625)
4(654 655 670 669)
4(611 626 671 656)
4(625 670 671 626)
4(655 656 671 670)
4(626 671 473 470)
4(656 472 473 671)
4(612 342 357 657)
4(43 657 357 28)
4(613 343 358 658)
4(657 658 358 357)
4(614 344 359 659)
4(658 659 359 358)
4(615 345 360 660)
4(659 660 360 359)
4(616 346 361 661)
4(660 661 361 360)
4(617 347 362 662)
4(661 662 362 361)
4(618 348 363 663)
4(662 663 363 362)
4(619 349 364 664)
4(663 664 364 363)
4(620 350 365 665)
4(664 665 365 364)
4(621 351 366 666)
4(665 666 366 365)
4(622 352 367 667)
4(666 667 367 366)
4(623 353 368 668)
4(667 668 368 367)
4(624 354 369 669)
4(668 669 369 368)
4(625 355 370 670)
4(669 670 370 369)
4(626 356 371 671)
4(670 671 371 370)
4(671 473 308 371)
4(163 627 672 178)
4(41 44 672 627)
4(7 178 672 44)
4(8 163 178 7)
4(162 628 673 177)
4(627 672 673 628)
4(178 177 673 672)
4(163 162 177 178)
4(161 629 674 176)
4(628 673 674 629)
4(177 176 674 673)
4(162 161 176 177)
4(160 630 675 175)
4(629 674 675 630)
4(176 175 675 674)
4(161 160 175 176)
4(159 631 676 174)
4(630 675 676 631)
4(175 174 676 675)
4(160 159 174 175)
4(158 632 677 173)
4(631 676 677 632)
4(174 173 677 676)
4(159 158 173 174)
4(157 633 678 172)
4(632 677 678 633)
4(173 172 678 677)
4(158 157 172 173)
4(156 634 679 171)
4(633 678 679 634)
4(172 171 679 678)
4(157 156 171 172)
4(155 635 680 170)
4(634 679 680 635)
4(171 170 680 679)
4(156 155 170 171)
4(154 636 681 169)
4(635 680 681 636)
4(170 169 681 680)
4(155 154 169 170)
4(153 637 682 168)
4(636 681 682 637)
4(169 168 682 681)
4(154 153 168 169)
4(152 638 683 167)
4(637 682 683 638)
4(168 167 683 682)
4(153 152 167 168)
4(151 639 684 166)
4(638 683 684 639)
4(167 166 684 683)
4(152 151 166 167)
4(150 640 685 165)
4(639 684 685 640)
4(166 165 685 684)
4(151 150 165 166)
4(149 641 686 164)
4(640 685 686 641)
4(165 164 686 685)
4(150 149 164 165)
4(641 686 474 471)
4(164 99 474 686)
4(627 642 687 672)
4(42 45 687 642)
4(44 672 687 45)
4(628 643 688 673)
4(642 687 688 643)
4(672 673 688 687)
4(629 644 689 674)
4(643 688 689 644)
4(673 674 689 688)
4(630 645 690 675)
4(644 689 690 645)
4(674 675 690 689)
4(631 646 691 676)
4(645 690 691 646)
4(675 676 691 690)
4(632 647 692 677)
4(646 691 692 647)
4(676 677 692 691)
4(633 648 693 678)
4(647 692 693 648)
4(677 678 693 692)
4(634 649 694 679)
4(648 693 694 649)
4(678 679 694 693)
4(635 650 695 680)
4(649 694 695 650)
4(679 680 695 694)
4(636 651 696 681)
4(650 695 696 651)
4(680 681 696 695)
4(637 652 697 682)
4(651 696 697 652)
4(681 682 697 696)
4(638 653 698 683)
4(652 697 698 653)
4(682 683 698 697)
4(639 654 699 684)
4(653 698 699 654)
4(683 684 699 698)
4(640 655 700 685)
4(654 699 700 655)
4(684 685 700 699)
4(641 656 701 686)
4(655 700 701 656)
4(685 686 701 700)
4(656 701 475 472)
4(686 474 475 701)
4(642 657 702 687)
4(43 46 702 657)
4(45 687 702 46)
4(643 658 703 688)
4(657 702 703 658)
4(687 688 703 702)
4(644 659 704 689)
4(658 703 704 659)
4(688 689 704 703)
4(645 660 705 690)
4(659 704 705 660)
4(689 690 705 704)
4(646 661 706 691)
4(660 705 706 661)
4(690 691 706 705)
4(647 662 707 692)
4(661 706 707 662)
4(691 692 707 706)
4(648 663 708 693)
4(662 707 708 663)
4(692 693 708 707)
4(649 664 709 694)
4(663 708 709 664)
4(693 694 709 708)
4(650 665 710 695)
4(664 709 710 665)
4(694 695 710 709)
4(651 666 711 696)
4(665 710 711 666)
4(695 696 711 710)
4(652 667 712 697)
4(666 711 712 667)
4(696 697 712 711)
4(653 668 713 698)
4(667 712 713 668)
4(697 698 713 712)
4(654 669 714 699)
4(668 713 714 669)
4(698 699 714 713)
4(655 670 715 700)
4(669 714 715 670)
4(699 700 715 714)
4(656 671 716 701)
4(670 715 716 671)
4(700 701 716 715)
4(671 716 476 473)
4(701 475 476 716)
4(657 357 372 702)
4(46 702 372 27)
4(658 358 373 703)
4(702 703 373 372)
4(659 359 374 704)
4(703 704 374 373)
4(660 360 375 705)
4(704 705 375 374)
4(661 361 376 706)
4(705 706 376 375)
4(662 362 377 707)
4(706 707 377 376)
4(663 363 378 708)
4(707 708 378 377)
4(664 364 379 709)
4(708 709 379 378)
4(665 365 380 710)
4(709 710 380 379)
4(666 366 381 711)
4(710 711 381 380)
4(667 367 382 712)
4(711 712 382 381)
4(668 368 383 713)
4(712 713 383 382)
4(669 369 384 714)
4(713 714 384 383)
4(670 370 385 715)
4(714 715 385 384)
4(671 371 386 716)
4(715 716 386 385)
4(716 476 307 386)
4(178 672 717 193)
4(44 47 717 672)
4(6 193 717 47)
4(7 178 193 6)
4(177 673 718 192)
4(672 717 718 673)
4(193 192 718 717)
4(178 177 192 193)
4(176 674 719 191)
4(673 718 719 674)
4(192 191 719 718)
4(177 176 191 192)
4(175 675 720 190)
4(674 719 720 675)
4(191 190 720 719)
4(176 175 190 191)
4(174 676 721 189)
4(675 720 721 676)
4(190 189 721 720)
4(175 174 189 190)
4(173 677 722 188)
4(676 721 722 677)
4(189 188 722 721)
4(174 173 188 189)
4(172 678 723 187)
4(677 722 723 678)
4(188 187 723 722)
4(173 172 187 188)
4(171 679 724 186)
4(678 723 724 679)
4(187 186 724 723)
4(172 171 186 187)
4(170 680 725 185)
4(679 724 725 680)
4(186 185 725 724)
4(171 170 185 186)
4(169 681 726 184)
4(680 725 726 681)
4(185 184 726 725)
4(170 169 184 185)
4(168 682 727 183)
4(681 726 727 682)
4(184 183 727 726)
4(169 168 183 184)
4(167 683 728 182)
4(682 727 728 683)
4(183 182 728 727)
4(168 167 182 183)
4(166 684 729 181)
4(683 728 729 684)
4(182 181 729 728)
4(167 166 181 182)
4(165 685 730 180)
4(684 729 730 685)
4(181 180 730 729)
4(166 165 180 181)
4(164 686 731 179)
4(685 730 731 686)
4(180 179 731 730)
4(165 164 179 180)
4(686 731 477 474)
4(179 98 477 731)
4(672 687 732 717)
4(45 48 732 687)
4(47 717 732 48)
4(673 688 733 718)
4(687 732 733 688)
4(717 718 733 732)
4(674 689 734 719)
4(688 733 734 689)
4(718 719 734 733)
4(675 690 735 720)
4(689 734 735 690)
4(719 720 735 734)
4(676 691 736 721)
4(690 735 736 691)
4(720 721 736 735)
4(677 692 737 722)
4(691 736 737 692)
4(721 722 737 736)
4(678 693 738 723)
4(692 737 738 693)
4(722 723 738 737)
4(679 694 739 724)
4(693 738 739 694)
4(723 724 739 738)
4(680 695 740 725)
4(694 739 740 695)
4(724 725 740 739)
4(681 696 741 726)
4(695 740 741 696)
4(725 726 741 740)
4(682 697 742 727)
4(696 741 742 697)
4(726 727 742 741)
4(683 698 743 728)
4(697 742 743 698)
4(727 728 743 742)
4(684 699 744 729)
4(698 743 744 699)
4(728 729 744 743)
4(685 700 745 730)
4(699 744 745 700)
4(729 730 745 744)
4(686 701 746 731)
4(700 745 746 701)
4(730 731 746 745)
4(701 746 478 475)
4(731 477 478 746)
4(687 702 747 732)
4(46 49 747 702)
4(48 732 747 49)
4(688 703 748 733)
4(702 747 748 703)
4(732 733 748 747)
4(689 704 749 734)
4(703 748 749 704)
4(733 734 749 748)
4(690 705 750 735)
4(704 749 750 705)
4(734 735 750 749)
4(691 706 751 736)
4(705 750 751 706)
4(735 736 751 750)
4(692 707 752 737)
4(706 751 752 707)
4(736 737 752 751)
4(693 708 753 738)
4(707 752 753 708)
4(737 738 753 752)
4(694 709 754 739)
4(708 753 754 709)
4(738 739 754 753)
4(695 710 755 740)
4(709 754 755 710)
4(739 740 755 754)
4(696 711 756 741)
4(710 755 756 711)
4(740 741 756 755)
4(697 712 757 742)
4(711 756 757 712)
4(741 742 757 756)
4(698 713 758 743)
4(712 757 758 713)
4(742 743 758 757)
4(699 714 759 744)
4(713 758 759 714)
4(743 744 759 758)
4(700 715 760 745)
4(714 759 760 715)
4(744 745 760 759)
4(701 716 761 746)
4(715 760 761 716)
4(745 746 761 760)
4(716 761 479 476)
4(746 478 479 761)
4(702 372 387 747)
4(49 747 387 26)
4(703 373 388 748)
4(747 748 388 387)
4(704 374 389 749)
4(748 749 389 388)
4(705 375 390 750)
4(749 750 390 389)
4(706 376 391 751)
4(750 751 391 390)
4(707 377 392 752)
4(751 752 392 391)
4(708 378 393 753)
4(752 753 393 392)
4(709 379 394 754)
4(753 754 394 393)
4(710 380 395 755)
4(754 755 395 394)
4(711 381 396 756)
4(755 756 396 395)
4(712 382 397 757)
4(756 757 397 396)
4(713 383 398 758)
4(757 758 398 397)
4(714 384 399 759)
4(758 759 399 398)
4(715 385 400 760)
4(759 760 400 399)
4(716 386 401 761)
4(760 761 401 400)
4(761 479 306 401)
4(193 717 762 208)
4(47 50 762 717)
4(5 208 762 50)
4(6 193 208 5)
4(192 718 763 207)
4(717 762 763 718)
4(208 207 763 762)
4(193 192 207 208)
4(191 719 764 206)
4(718 763 764 719)
4(207 206 764 763)
4(192 191 206 207)
4(190 720 765 205)
4(719 764 765 720)
4(206 205 765 764)
4(191 190 205 206)
4(189 721 766 204)
4(720 765 766 721)
4(205 204 766 765)
4(190 189 204 205)
4(188 722 767 203)
4(721 766 767 722)
4(204 203 767 766)
4(189 188 203 204)
4(187 723 768 202)
4(722 767 768 723)
4(203 202 768 767)
4(188 187 202 203)
4(186 724 769 201)
4(723 768 769 724)
4(202 201 769 768)
4(187 186 201 202)
4(185 725 770 200)
4(724 769 770 725)
4(201 200 770 769)
4(186 185 200 201)
4(184 726 771 199)
4(725 770 771 726)
4(200 199 771 770)
4(185 184 199 200)
4(183 727 772 198)
4(726 771 772 727)
4(199 198 772 771)
4(184 183 198 199)
4(182 728 773 197)
4(727 772 773 728)
4(198 197 773 772)
4(183 182 197 198)
4(181 729 774 196)
4(728 773 774 729)
4(197 196 774 773)
4(182 181 196 197)
4(180 730 775 195)
4(729 774 775 730)
4(196 195 775 774)
4(181 180 195 196)
4(179 731 776 194)
4(730 775 776 731)
4(195 194 776 775)
4(180 179 194 195)
4(731 776 480 477)
4(194 97 480 776)
4(717 732 777 762)
4(48 51 777 732)
4(50 762 777 51)
4(718 733 778 763)
4(732 777 778 733)
4(762 763 778 777)
4(719 734 779 764)
4(733 778 779 734)
4(763 764 779 778)
4(720 735 780 765)
4(734 779 780 735)
4(764 765 780 779)
4(721 736 781 766)
4(735 780 781 736)
4(765 766 781 780)
4(722 737 782 767)
4(736 781 782 737)
4(766 767 782 781)
4(723 738 783 768)
4(737 782 783 738)
4(767 768 783 782)
4(724 739 784 769)
4(738 783 784 739)
4(768 769 784 783)
4(725 740 785 770)
4(739 784 785 740)
4(769 770 785 784)
4(726 741 786 771)
4(740 785 786 741)
4(770 771 786 785)
4(727 742 787 772)
4(741 786 787 742)
4(771 772 787 786)
4(728 743 788 773)
4(742 787 788 743)
4(772 773 788 787)
4(729 744 789 774)
4(743 788 789 744)
4(773 774 789 788)
4(730 745 790 775)
4(744 789 790 745)
4(774 775 790 789)
4(731 746 791 776)
4(745 790 791 746)
4(775 776 791 790)
4(746 791 481 478)
4(776 480 481 791)
4(732 747 792 777)
4(49 52 792 747)
4(51 777 792 52)
4(733 748 793 778)
4(747 792 793 748)
4(777 778 793 792)
4(734 749 794 779)
4(748 793 794 749)
4(778 779 794 793)
4(735 750 795 780)
4(749 794 795 750)
4(779 780 795 794)
4(736 751 796 781)
4(750 795 796 751)
4(780 781 796 795)
4(737 752 797 782)
4(751 796 797 752)
4(781 782 797 796)
4(738 753 798 783)
4(752 797 798 753)
4(782 783 798 797)
4(739 754 799 784)
4(753 798 799 754)
4(783 784 799 798)
4(740 755 800 785)
4(754 799 800 755)
4(784 785 800 799)
4(741 756 801 786)
4(755 800 801 756)
4(785 786 801 800)
4(742 757 802 787)
4(756 801 802 757)
4(786 787 802 801)
4(743 758 803 788)
4(757 802 803 758)
4(787 788 803 802)
4(744 759 804 789)
4(758 803 804 759)
4(788 789 804 803)
4(745 760 805 790)
4(759 804 805 760)
4(789 790 805 804)
4(746 761 806 791)
4(760 805 806 761)
4(790 791 806 805)
4(761 806 482 479)
4(791 481 482 806)
4(747 387 402 792)
4(52 792 402 25)
4(748 388 403 793)
4(792 793 403 402)
4(749 389 404 794)
4(793 794 404 403)
4(750 390 405 795)
4(794 795 405 404)
4(751 391 406 796)
4(795 796 406 405)
4(752 392 407 797)
4(796 797 407 406)
4(753 393 408 798)
4(797 798 408 407)
4(754 394 409 799)
4(798 799 409 408)
4(755 395 410 800)
4(799 800 410 409)
4(756 396 411 801)
4(800 801 411 410)
4(757 397 412 802)
4(801 802 412 411)
4(758 398 413 803)
4(802 803 413 412)
4(759 399 414 804)
4(803 804 414 413)
4(760 400 415 805)
4(804 805 415 414)
4(761 401 416 806)
4(805 806 416 415)
4(806 482 305 416)
4(208 762 807 223)
4(50 53 807 762)
4(4 223 807 53)
4(5 208 223 4)
4(207 763 808 222)
4(762 807 808 763)
4(223 222 808 807)
4(208 207 222 223)
4(206 764 809 221)
4(763 808 809 764)
4(222 221 809 808)
4(207 206 221 222)
4(205 765 810 220)
4(764 809 810 765)
4(221 220 810 809)
4(206 205 220 221)
4(204 766 811 219)
4(765 810 811 766)
4(220 219 811 810)
4(205 204 219 220)
4(203 767 812 218)
4(766 811 812 767)
4(219 218 812 811)
4(204 203 218 219)
4(202 768 813 217)
4(767 812 813 768)
4(218 217 813 812)
4(203 202 217 218)
4(201 769 814 216)
4(768 813 814 769)
4(217 216 814 813)
4(202 201 216 217)
4(200 770 815 215)
4(769 814 815 770)
4(216 215 815 814)
4(201 200 215 216)
4(199 771 816 214)
4(770 815 816 771)
4(215 214 816 815)
4(200 199 214 215)
4(198 772 817 213)
4(771 816 817 772)
4(214 213 817 816)
4(199 198 213 214)
4(197 773 818 212)
4(772 817 818 773)
4(213 212 818 817)
4(198 197 212 213)
4(196 774 819 211)
4(773 818 819 774)
4(212 211 819 818)
4(197 196 211 212)
4(195 775 820 210)
4(774 819 820 775)
4(211 210 820 819)
4(196 195 210 211)
4(194 776 821 209)
4(775 820 821 776)
4(210 209 821 820)
4(195 194 209 210)
4(776 821 483 480)
4(209 96 483 821)
4(762 777 822 807)
4(51 54 822 777)
4(53 807 822 54)
4(763 778 823 808)
4(777 822 823 778)
4(807 808 823 822)
4(764 779 824 809)
4(778 823 824 779)
4(808 809 824 823)
4(765 780 825 810)
4(779 824 825 780)
4(809 810 825 824)
4(766 781 826 811)
4(780 825 826 781)
4(810 811 826 825)
4(767 782 827 812)
4(781 826 827 782)
4(811 812 827 826)
4(768 783 828 813)
4(782 827 828 783)
4(812 813 828 827)
4(769 784 829 814)
4(783 828 829 784)
4(813 814 829 828)
4(770 785 830 815)
4(784 829 830 785)
4(814 815 830 829)
4(771 786 831 816)
4(785 830 831 786)
4(815 816 831 830)
4(772 787 832 817)
4(786 831 832 787)
4(816 817 832 831)
4(773 788 833 818)
4(787 832 833 788)
4(817 818 833 832)
4(774 789 834 819)
4(788 833 834 789)
4(818 819 834 833)
4(775 790 835 820)
4(789 834 835 790)
4(819 820 835 834)
4(776 791 836 821)
4(790 835 836 791)
4(820 821 836 835)
4(791 836 484 481)
4(821 483 484 836)
4(777 792 837 822)
4(52 55 837 792)
4(54 822 837 55)
4(778 793 838 823)
4(792 837 838 793)
4(822 823 838 837)
4(779 794 839 824)
4(793 838 839 794)
4(823 824 839 838)
4(780 795 840 825)
4(794 839 840 795)
4(824 825 840 839)
4(781 796 841 826)
4(795 840 841 796)
4(825 826 841 840)
4(782 797 842 827)
4(796 841 842 797)
4(826 827 842 841)
4(783 798 843 828)
4(797 842 843 798)
4(827 828 843 842)
4(784 799 844 829)
4(798 843 844 799)
4(828 829 844 843)
4(785 800 845 830)
4(799 844 845 800)
4(829 830 845 844)
4(786 801 846 831)
4(800 845 846 801)
4(830 831 846 845)
4(787 802 847 832)
4(801 846 847 802)
4(831 832 847 846)
4(788 803 848 833)
4(802 847 848 803)
4(832 833 848 847)
4(789 804 849 834)
4(803 848 849 804)
4(833 834 849 848)
4(790 805 850 835)
4(804 849 850 805)
4(834 835 850 849)
4(791 806 851 836)
4(805 850 851 806)
4(835 836 851 850)
4(806 851 485 482)
4(836 484 485 851)
4(792 402 417 837)
4(55 837 417 24)
4(793 403 418 838)
4(837 838 418 417)
4(794 404 419 839)
4(838 839 419 418)
4(795 405 420 840)
4(839 840 420 419)
4(796 406 421 841)
4(840 841 421 420)
4(797 407 422 842)
4(841 842 422 421)
4(798 408 423 843)
4(842 843 423 422)
4(799 409 424 844)
4(843 844 424 423)
4(800 410 425 845)
4(844 845 425 424)
4(801 411 426 846)
4(845 846 426 425)
4(802 412 427 847)
4(846 847 427 426)
4(803 413 428 848)
4(847 848 428 427)
4(804 414 429 849)
4(848 849 429 428)
4(805 415 430 850)
4(849 850 430 429)
4(806 416 431 851)
4(850 851 431 430)
4(851 485 304 431)
4(223 807 852 238)
4(53 56 852 807)
4(3 238 852 56)
4(4 223 238 3)
4(222 808 853 237)
4(807 852 853 808)
4(238 237 853 852)
4(223 222 237 238)
4(221 809 854 236)
4(808 853 854 809)
4(237 236 854 853)
4(222 221 236 237)
4(220 810 855 235)
4(809 854 855 810)
4(236 235 855 854)
4(221 220 235 236)
4(219 811 856 234)
4(810 855 856 811)
4(235 234 856 855)
4(220 219 234 235)
4(218 812 857 233)
4(811 856 857 812)
4(234 233 857 856)
4(219 218 233 234)
4(217 813 858 232)
4(812 857 858 813)
4(233 232 858 857)
4(218 217 232 233)
4(216 814 859 231)
4(813 858 859 814)
4(232 231 859 858)
4(217 216 231 232)
4(215 815 860 230)
4(814 859 860 815)
4(231 230 860 859)
4(216 215 230 231)
4(214 816 861 229)
4(815 860 861 816)
4(230 229 861 860)
4(215 214 229 230)
4(213 817 862 228)
4(816 861 862 817)
4(229 228 862 861)
4(214 213 228 229)
4(212 818 863 227)
4(817 862 863 818)
4(228 227 863 862)
4(213 212 227 228)
4(211 819 864 226)
4(818 863 864 819)
4(227 226 864 863)
4(212 211 226 227)
4(210 820 865 225)
4(819 864 865 820)
4(226 225 865 864)
4(211 210 225 226)
4(209 821 866 224)
4(820 865 866 821)
4(225 224 866 865)
4(210 209 224 225)
4(821 866 486 483)
4(224 95 486 866)
4(807 822 867 852)
4(54 57 867 822)
4(56 852 867 57)
4(808 823 868 853)
4(822 867 868 823)
4(852 853 868 867)
4(809 824 869 854)
4(823 868 869 824)
4(853 854 869 868)
4(810 825 870 855)
4(824 869 870 825)
4(854 855 870 869)
4(811 826 871 856)
4(825 870 871 826)
4(855 856 871 870)
4(812 827 872 857)
4(826 871 872 827)
4(856 857 872 871)
4(813 828 873 858)
4(827 872 873 828)
4(857 858 873 872)
4(814 829 874 859)
4(828 873 874 829)
4(858 859 874 873)
4(815 830 875 860)
4(829 874 875 830)
4(859 860 875 874)
4(816 831 876 861)
4(830 875 876 831)
4(860 861 876 875)
4(817 832 877 862)
4(831 876 877 832)
4(861 862 877 876)
4(818 833 878 863)
4(832 877 878 833)
4(862 863 878 877)
4(819 834 879 864)
4(833 878 879 834)
4(863 864 879 878)
4(820 835 880 865)
4(834 879 880 835)
4(864 865 880 879)
4(821 836 881 866)
4(835 880 881 836)
4(865 866 881 880)
4(836 881 487 484)
4(866 486 487 881)
4(822 837 882 867)
4(55 58 882 837)
4(57 867 882 58)
4(823 838 883 868)
4(837 882 883 838)
4(867 868 883 882)
4(824 839 884 869)
4(838 883 884 839)
4(868 869 884 883)
4(825 840 885 870)
4(839 884 885 840)
4(869 870 885 884)
4(826 841 886 871)
4(840 885 886 841)
4(870 871 886 885)
4(827 842 887 872)
4(841 886 887 842)
4(871 872 887 886)
4(828 843 888 873)
4(842 887 888 843)
4(872 873 888 887)
4(829 844 889 874)
4(843 888 889 844)
4(873 874 889 888)
4(830 845 890 875)
4(844 889 890 845)
4(874 875 890 889)
4(831 846 891 876)
4(845 890 891 846)
4(875 876 891 890)
4(832 847 892 877)
4(846 891 892 847)
4(876 877 892 891)
4(833 848 893 878)
4(847 892 893 848)
4(877 878 893 892)
4(834 849 894 879)
4(848 893 894 849)
4(878 879 894 893)
4(835 850 895 880)
4(849 894 895 850)
4(879 880 895 894)
4(836 851 896 881)
4(850 895 896 851)
4(880 881 896 895)
4(851 896 488 485)
4(881 487 488 896)
4(837 417 432 882)
4(58 882 432 23)
4(838 418 433 883)
4(882 883 433 432)
4(839 419 434 884)
4(883 884 434 433)
4(840 420 435 885)
4(884 885 435 434)
4(841 421 436 886)
4(885 886 436 435)
4(842 422 437 887)
4(886 887 437 436)
4(843 423 438 888)
4(887 888 438 437)
4(844 424 439 889)
4(888 889 439 438)
4(845 425 440 890)
4(889 890 440 439)
4(846 426 441 891)
4(890 891 441 440)
4(847 427 442 892)
4(891 892 442 441)
4(848 428 443 893)
4(892 893 443 442)
4(849 429 444 894)
4(893 894 444 443)
4(850 430 445 895)
4(894 895 445 444)
4(851 431 446 896)
4(895 896 446 445)
4(896 488 303 446)
4(238 852 897 253)
4(56 59 897 852)
4(3 238 253 2)
4(237 853 898 252)
4(852 897 898 853)
4(238 237 252 253)
4(236 854 899 251)
4(853 898 899 854)
4(237 236 251 252)
4(235 855 900 250)
4(854 899 900 855)
4(236 235 250 251)
4(234 856 901 249)
4(855 900 901 856)
4(235 234 249 250)
4(233 857 902 248)
4(856 901 902 857)
4(234 233 248 249)
4(232 858 903 247)
4(857 902 903 858)
4(233 232 247 248)
4(231 859 904 246)
4(858 903 904 859)
4(232 231 246 247)
4(230 860 905 245)
4(859 904 905 860)
4(231 230 245 246)
4(229 861 906 244)
4(860 905 906 861)
4(230 229 244 245)
4(228 862 907 243)
4(861 906 907 862)
4(229 228 243 244)
4(227 863 908 242)
4(862 907 908 863)
4(228 227 242 243)
4(226 864 909 241)
4(863 908 909 864)
4(227 226 241 242)
4(225 865 910 240)
4(864 909 910 865)
4(226 225 240 241)
4(224 866 911 239)
4(865 910 911 866)
4(225 224 239 240)
4(866 911 489 486)
4(852 867 912 897)
4(57 60 912 867)
4(853 868 913 898)
4(867 912 913 868)
4(854 869 914 899)
4(868 913 914 869)
4(855 870 915 900)
4(869 914 915 870)
4(856 871 916 901)
4(870 915 916 871)
4(857 872 917 902)
4(871 916 917 872)
4(858 873 918 903)
4(872 917 918 873)
4(859 874 919 904)
4(873 918 919 874)
4(860 875 920 905)
4(874 919 920 875)
4(861 876 921 906)
4(875 920 921 876)
4(862 877 922 907)
4(876 921 922 877)
4(863 878 923 908)
4(877 922 923 878)
4(864 879 924 909)
4(878 923 924 879)
4(865 880 925 910)
4(879 924 925 880)
4(866 881 926 911)
4(880 925 926 881)
4(881 926 490 487)
4(867 882 927 912)
4(58 61 927 882)
4(868 883 928 913)
4(882 927 928 883)
4(869 884 929 914)
4(883 928 929 884)
4(870 885 930 915)
4(884 929 930 885)
4(871 886 931 916)
4(885 930 931 886)
4(872 887 932 917)
4(886 931 932 887)
4(873 888 933 918)
4(887 932 933 888)
4(874 889 934 919)
4(888 933 934 889)
4(875 890 935 920)
4(889 934 935 890)
4(876 891 936 921)
4(890 935 936 891)
4(877 892 937 922)
4(891 936 937 892)
4(878 893 938 923)
4(892 937 938 893)
4(879 894 939 924)
4(893 938 939 894)
4(880 895 940 925)
4(894 939 940 895)
4(881 896 941 926)
4(895 940 941 896)
4(896 941 491 488)
4(882 432 447 927)
4(883 433 448 928)
4(884 434 449 929)
4(885 435 450 930)
4(886 436 451 931)
4(887 437 452 932)
4(888 438 453 933)
4(889 439 454 934)
4(890 440 455 935)
4(891 441 456 936)
4(892 442 457 937)
4(893 443 458 938)
4(894 444 459 939)
4(895 445 460 940)
4(896 446 461 941)
4(991 80 117 1007)
4(1005 1007 117 118)
4(991 1007 1010 992)
4(978 992 1010 1009)
4(1006 1009 1010 1007)
4(992 81 116 1010)
4(1007 1010 116 117)
4(978 1009 1013 979)
4(967 979 1013 1012)
4(1008 1012 1013 1009)
4(992 1010 1014 993)
4(979 993 1014 1013)
4(1009 1013 1014 1010)
4(993 82 115 1014)
4(1010 1014 115 116)
4(967 1012 1017 968)
4(958 968 1017 1016)
4(1011 1016 1017 1012)
4(979 1013 1018 980)
4(968 980 1018 1017)
4(1012 1017 1018 1013)
4(993 1014 1019 994)
4(980 994 1019 1018)
4(1013 1018 1019 1014)
4(994 83 114 1019)
4(1014 1019 114 115)
4(958 1016 1022 959)
4(951 959 1022 1021)
4(1015 1021 1022 1016)
4(968 1017 1023 969)
4(959 969 1023 1022)
4(1016 1022 1023 1017)
4(980 1018 1024 981)
4(969 981 1024 1023)
4(1017 1023 1024 1018)
4(994 1019 1025 995)
4(981 995 1025 1024)
4(1018 1024 1025 1019)
4(995 84 113 1025)
4(1019 1025 113 114)
4(951 1021 1028 952)
4(946 952 1028 1027)
4(1020 1027 1028 1021)
4(959 1022 1029 960)
4(952 960 1029 1028)
4(1021 1028 1029 1022)
4(969 1023 1030 970)
4(960 970 1030 1029)
4(1022 1029 1030 1023)
4(981 1024 1031 982)
4(970 982 1031 1030)
4(1023 1030 1031 1024)
4(995 1025 1032 996)
4(982 996 1032 1031)
4(1024 1031 1032 1025)
4(996 85 112 1032)
4(1025 1032 112 113)
4(946 1027 1034 947)
4(943 947 1034 1033)
4(1026 1033 1034 1027)
4(952 1028 1035 953)
4(947 953 1035 1034)
4(1027 1034 1035 1028)
4(960 1029 1036 961)
4(953 961 1036 1035)
4(1028 1035 1036 1029)
4(970 1030 1037 971)
4(961 971 1037 1036)
4(1029 1036 1037 1030)
4(982 1031 1038 983)
4(971 983 1038 1037)
4(1030 1037 1038 1031)
4(996 1032 1039 997)
4(983 997 1039 1038)
4(1031 1038 1039 1032)
4(997 86 111 1039)
4(1032 1039 111 112)
4(947 1034 1041 948)
4(1033 1040 1041 1034)
4(953 1035 1042 954)
4(948 954 1042 1041)
4(1034 1041 1042 1035)
4(961 1036 1043 962)
4(954 962 1043 1042)
4(1035 1042 1043 1036)
4(971 1037 1044 972)
4(962 972 1044 1043)
4(1036 1043 1044 1037)
4(983 1038 1045 984)
4(972 984 1045 1044)
4(1037 1044 1045 1038)
4(997 1039 1046 998)
4(984 998 1046 1045)
4(1038 1045 1046 1039)
4(998 87 110 1046)
4(1039 1046 110 111)
4(954 1042 1048 955)
4(1041 1047 1048 1042)
4(962 1043 1049 963)
4(955 963 1049 1048)
4(1042 1048 1049 1043)
4(972 1044 1050 973)
4(963 973 1050 1049)
4(1043 1049 1050 1044)
4(984 1045 1051 985)
4(973 985 1051 1050)
4(1044 1050 1051 1045)
4(998 1046 1052 999)
4(985 999 1052 1051)
4(1045 1051 1052 1046)
4(999 88 109 1052)
4(1046 1052 109 110)
4(963 1049 1054 964)
4(1048 1053 1054 1049)
4(973 1050 1055 974)
4(964 974 1055 1054)
4(1049 1054 1055 1050)
4(985 1051 1056 986)
4(974 986 1056 1055)
4(1050 1055 1056 1051)
4(999 1052 1057 1000)
4(986 1000 1057 1056)
4(1051 1056 1057 1052)
4(1000 89 108 1057)
4(1052 1057 108 109)
4(974 1055 1059 975)
4(1054 1058 1059 1055)
4(986 1056 1060 987)
4(975 987 1060 1059)
4(1055 1059 1060 1056)
4(1000 1057 1061 1001)
4(987 1001 1061 1060)
4(1056 1060 1061 1057)
4(1001 90 107 1061)
4(1057 1061 107 108)
4(987 1060 1063 988)
4(1059 1062 1063 1060)
4(1001 1061 1064 1002)
4(988 1002 1064 1063)
4(1060 1063 1064 1061)
4(1002 91 106 1064)
4(1061 1064 106 107)
4(1002 1064 1066 1003)
4(1063 1065 1066 1064)
4(1003 92 105 1066)
4(1064 1066 105 106)
4(1066 1067 104 105)
4(1007 117 132 1070)
4(1068 1070 132 133)
4(1007 1070 1073 1010)
4(1009 1010 1073 1072)
4(1069 1072 1073 1070)
4(1010 116 131 1073)
4(1070 1073 131 132)
4(1009 1072 1076 1013)
4(1012 1013 1076 1075)
4(1071 1075 1076 1072)
4(1010 1073 1077 1014)
4(1013 1014 1077 1076)
4(1072 1076 1077 1073)
4(1014 115 130 1077)
4(1073 1077 130 131)
4(1012 1075 1080 1017)
4(1016 1017 1080 1079)
4(1074 1079 1080 1075)
4(1013 1076 1081 1018)
4(1017 1018 1081 1080)
4(1075 1080 1081 1076)
4(1014 1077 1082 1019)
4(1018 1019 1082 1081)
4(1076 1081 1082 1077)
4(1019 114 129 1082)
4(1077 1082 129 130)
4(1016 1079 1085 1022)
4(1021 1022 1085 1084)
4(1078 1084 1085 1079)
4(1017 1080 1086 1023)
4(1022 1023 1086 1085)
4(1079 1085 1086 1080)
4(1018 1081 1087 1024)
4(1023 1024 1087 1086)
4(1080 1086 1087 1081)
4(1019 1082 1088 1025)
4(1024 1025 1088 1087)
4(1081 1087 1088 1082)
4(1025 113 128 1088)
4(1082 1088 128 129)
4(1021 1084 1091 1028)
4(1027 1028 1091 1090)
4(1083 1090 1091 1084)
4(1022 1085 1092 1029)
4(1028 1029 1092 1091)
4(1084 1091 1092 1085)
4(1023 1086 1093 1030)
4(1029 1030 1093 1092)
4(1085 1092 1093 1086)
4(1024 1087 1094 1031)
4(1030 1031 1094 1093)
4(1086 1093 1094 1087)
4(1025 1088 1095 1032)
4(1031 1032 1095 1094)
4(1087 1094 1095 1088)
4(1032 112 127 1095)
4(1088 1095 127 128)
4(1027 1090 1097 1034)
4(1033 1034 1097 1096)
4(1089 1096 1097 1090)
4(1028 1091 1098 1035)
4(1034 1035 1098 1097)
4(1090 1097 1098 1091)
4(1029 1092 1099 1036)
4(1035 1036 1099 1098)
4(1091 1098 1099 1092)
4(1030 1093 1100 1037)
4(1036 1037 1100 1099)
4(1092 1099 1100 1093)
4(1031 1094 1101 1038)
4(1037 1038 1101 1100)
4(1093 1100 1101 1094)
4(1032 1095 1102 1039)
4(1038 1039 1102 1101)
4(1094 1101 1102 1095)
4(1039 111 126 1102)
4(1095 1102 126 127)
4(1034 1097 1104 1041)
4(1096 1103 1104 1097)
4(1035 1098 1105 1042)
4(1041 1042 1105 1104)
4(1097 1104 1105 1098)
4(1036 1099 1106 1043)
4(1042 1043 1106 1105)
4(1098 1105 1106 1099)
4(1037 1100 1107 1044)
4(1043 1044 1107 1106)
4(1099 1106 1107 1100)
4(1038 1101 1108 1045)
4(1044 1045 1108 1107)
4(1100 1107 1108 1101)
4(1039 1102 1109 1046)
4(1045 1046 1109 1108)
4(1101 1108 1109 1102)
4(1046 110 125 1109)
4(1102 1109 125 126)
4(1042 1105 1111 1048)
4(1104 1110 1111 1105)
4(1043 1106 1112 1049)
4(1048 1049 1112 1111)
4(1105 1111 1112 1106)
4(1044 1107 1113 1050)
4(1049 1050 1113 1112)
4(1106 1112 1113 1107)
4(1045 1108 1114 1051)
4(1050 1051 1114 1113)
4(1107 1113 1114 1108)
4(1046 1109 1115 1052)
4(1051 1052 1115 1114)
4(1108 1114 1115 1109)
4(1052 109 124 1115)
4(1109 1115 124 125)
4(1049 1112 1117 1054)
4(1111 1116 1117 1112)
4(1050 1113 1118 1055)
4(1054 1055 1118 1117)
4(1112 1117 1118 1113)
4(1051 1114 1119 1056)
4(1055 1056 1119 1118)
4(1113 1118 1119 1114)
4(1052 1115 1120 1057)
4(1056 1057 1120 1119)
4(1114 1119 1120 1115)
4(1057 108 123 1120)
4(1115 1120 123 124)
4(1055 1118 1122 1059)
4(1117 1121 1122 1118)
4(1056 1119 1123 1060)
4(1059 1060 1123 1122)
4(1118 1122 1123 1119)
4(1057 1120 1124 1061)
4(1060 1061 1124 1123)
4(1119 1123 1124 1120)
4(1061 107 122 1124)
4(1120 1124 122 123)
4(1060 1123 1126 1063)
4(1122 1125 1126 1123)
4(1061 1124 1127 1064)
4(1063 1064 1127 1126)
4(1123 1126 1127 1124)
4(1064 106 121 1127)
4(1124 1127 121 122)
4(1064 1127 1129 1066)
4(1126 1128 1129 1127)
4(1066 105 120 1129)
4(1127 1129 120 121)
4(1129 1130 119 120)
4(1070 132 147 1133)
4(1131 1133 147 148)
4(1070 1133 1136 1073)
4(1072 1073 1136 1135)
4(1132 1135 1136 1133)
4(1073 131 146 1136)
4(1133 1136 146 147)
4(1072 1135 1139 1076)
4(1075 1076 1139 1138)
4(1134 1138 1139 1135)
4(1073 1136 1140 1077)
4(1076 1077 1140 1139)
4(1135 1139 1140 1136)
4(1077 130 145 1140)
4(1136 1140 145 146)
4(1075 1138 1143 1080)
4(1079 1080 1143 1142)
4(1137 1142 1143 1138)
4(1076 1139 1144 1081)
4(1080 1081 1144 1143)
4(1138 1143 1144 1139)
4(1077 1140 1145 1082)
4(1081 1082 1145 1144)
4(1139 1144 1145 1140)
4(1082 129 144 1145)
4(1140 1145 144 145)
4(1079 1142 1148 1085)
4(1084 1085 1148 1147)
4(1141 1147 1148 1142)
4(1080 1143 1149 1086)
4(1085 1086 1149 1148)
4(1142 1148 1149 1143)
4(1081 1144 1150 1087)
4(1086 1087 1150 1149)
4(1143 1149 1150 1144)
4(1082 1145 1151 1088)
4(1087 1088 1151 1150)
4(1144 1150 1151 1145)
4(1088 128 143 1151)
4(1145 1151 143 144)
4(1084 1147 1154 1091)
4(1090 1091 1154 1153)
4(1146 1153 1154 1147)
4(1085 1148 1155 1092)
4(1091 1092 1155 1154)
4(1147 1154 1155 1148)
4(1086 1149 1156 1093)
4(1092 1093 1156 1155)
4(1148 1155 1156 1149)
4(1087 1150 1157 1094)
4(1093 1094 1157 1156)
4(1149 1156 1157 1150)
4(1088 1151 1158 1095)
4(1094 1095 1158 1157)
4(1150 1157 1158 1151)
4(1095 127 142 1158)
4(1151 1158 142 143)
4(1090 1153 1160 1097)
4(1096 1097 1160 1159)
4(1152 1159 1160 1153)
4(1091 1154 1161 1098)
4(1097 1098 1161 1160)
4(1153 1160 1161 1154)
4(1092 1155 1162 1099)
4(1098 1099 1162 1161)
4(1154 1161 1162 1155)
4(1093 1156 1163 1100)
4(1099 1100 1163 1162)
4(1155 1162 1163 1156)
4(1094 1157 1164 1101)
4(1100 1101 1164 1163)
4(1156 1163 1164 1157)
4(1095 1158 1165 1102)
4(1101 1102 1165 1164)
4(1157 1164 1165 1158)
4(1102 126 141 1165)
4(1158 1165 141 142)
4(1097 1160 1167 1104)
4(1159 1166 1167 1160)
4(1098 1161 1168 1105)
4(1104 1105 1168 1167)
4(1160 1167 1168 1161)
4(1099 1162 1169 1106)
4(1105 1106 1169 1168)
4(1161 1168 1169 1162)
4(1100 1163 1170 1107)
4(1106 1107 1170 1169)
4(1162 1169 1170 1163)
4(1101 1164 1171 1108)
4(1107 1108 1171 1170)
4(1163 1170 1171 1164)
4(1102 1165 1172 1109)
4(1108 1109 1172 1171)
4(1164 1171 1172 1165)
4(1109 125 140 1172)
4(1165 1172 140 141)
4(1105 1168 1174 1111)
4(1167 1173 1174 1168)
4(1106 1169 1175 1112)
4(1111 1112 1175 1174)
4(1168 1174 1175 1169)
4(1107 1170 1176 1113)
4(1112 1113 1176 1175)
4(1169 1175 1176 1170)
4(1108 1171 1177 1114)
4(1113 1114 1177 1176)
4(1170 1176 1177 1171)
4(1109 1172 1178 1115)
4(1114 1115 1178 1177)
4(1171 1177 1178 1172)
4(1115 124 139 1178)
4(1172 1178 139 140)
4(1112 1175 1180 1117)
4(1174 1179 1180 1175)
4(1113 1176 1181 1118)
4(1117 1118 1181 1180)
4(1175 1180 1181 1176)
4(1114 1177 1182 1119)
4(1118 1119 1182 1181)
4(1176 1181 1182 1177)
4(1115 1178 1183 1120)
4(1119 1120 1183 1182)
4(1177 1182 1183 1178)
4(1120 123 138 1183)
4(1178 1183 138 139)
4(1118 1181 1185 1122)
4(1180 1184 1185 1181)
4(1119 1182 1186 1123)
4(1122 1123 1186 1185)
4(1181 1185 1186 1182)
4(1120 1183 1187 1124)
4(1123 1124 1187 1186)
4(1182 1186 1187 1183)
4(1124 122 137 1187)
4(1183 1187 137 138)
4(1123 1186 1189 1126)
4(1185 1188 1189 1186)
4(1124 1187 1190 1127)
4(1126 1127 1190 1189)
4(1186 1189 1190 1187)
4(1127 121 136 1190)
4(1187 1190 136 137)
4(1127 1190 1192 1129)
4(1189 1191 1192 1190)
4(1129 120 135 1192)
4(1190 1192 135 136)
4(1192 1193 134 135)
4(1133 147 162 1196)
4(1194 1196 162 163)
4(1133 1196 1199 1136)
4(1135 1136 1199 1198)
4(1195 1198 1199 1196)
4(1136 146 161 1199)
4(1196 1199 161 162)
4(1135 1198 1202 1139)
4(1138 1139 1202 1201)
4(1197 1201 1202 1198)
4(1136 1199 1203 1140)
4(1139 1140 1203 1202)
4(1198 1202 1203 1199)
4(1140 145 160 1203)
4(1199 1203 160 161)
4(1138 1201 1206 1143)
4(1142 1143 1206 1205)
4(1200 1205 1206 1201)
4(1139 1202 1207 1144)
4(1143 1144 1207 1206)
4(1201 1206 1207 1202)
4(1140 1203 1208 1145)
4(1144 1145 1208 1207)
4(1202 1207 1208 1203)
4(1145 144 159 1208)
4(1203 1208 159 160)
4(1142 1205 1211 1148)
4(1147 1148 1211 1210)
4(1204 1210 1211 1205)
4(1143 1206 1212 1149)
4(1148 1149 1212 1211)
4(1205 1211 1212 1206)
4(1144 1207 1213 1150)
4(1149 1150 1213 1212)
4(1206 1212 1213 1207)
4(1145 1208 1214 1151)
4(1150 1151 1214 1213)
4(1207 1213 1214 1208)
4(1151 143 158 1214)
4(1208 1214 158 159)
4(1147 1210 1217 1154)
4(1153 1154 1217 1216)
4(1209 1216 1217 1210)
4(1148 1211 1218 1155)
4(1154 1155 1218 1217)
4(1210 1217 1218 1211)
4(1149 1212 1219 1156)
4(1155 1156 1219 1218)
4(1211 1218 1219 1212)
4(1150 1213 1220 1157)
4(1156 1157 1220 1219)
4(1212 1219 1220 1213)
4(1151 1214 1221 1158)
4(1157 1158 1221 1220)
4(1213 1220 1221 1214)
4(1158 142 157 1221)
4(1214 1221 157 158)
4(1153 1216 1223 1160)
4(1159 1160 1223 1222)
4(1215 1222 1223 1216)
4(1154 1217 1224 1161)
4(1160 1161 1224 1223)
4(1216 1223 1224 1217)
4(1155 1218 1225 1162)
4(1161 1162 1225 1224)
4(1217 1224 1225 1218)
4(1156 1219 1226 1163)
4(1162 1163 1226 1225)
4(1218 1225 1226 1219)
4(1157 1220 1227 1164)
4(1163 1164 1227 1226)
4(1219 1226 1227 1220)
4(1158 1221 1228 1165)
4(1164 1165 1228 1227)
4(1220 1227 1228 1221)
4(1165 141 156 1228)
4(1221 1228 156 157)
4(1160 1223 1230 1167)
4(1222 1229 1230 1223)
4(1161 1224 1231 1168)
4(1167 1168 1231 1230)
4(1223 1230 1231 1224)
4(1162 1225 1232 1169)
4(1168 1169 1232 1231)
4(1224 1231 1232 1225)
4(1163 1226 1233 1170)
4(1169 1170 1233 1232)
4(1225 1232 1233 1226)
4(1164 1227 1234 1171)
4(1170 1171 1234 1233)
4(1226 1233 1234 1227)
4(1165 1228 1235 1172)
4(1171 1172 1235 1234)
4(1227 1234 1235 1228)
4(1172 140 155 1235)
4(1228 1235 155 156)
4(1168 1231 1237 1174)
4(1230 1236 1237 1231)
4(1169 1232 1238 1175)
4(1174 1175 1238 1237)
4(1231 1237 1238 1232)
4(1170 1233 1239 1176)
4(1175 1176 1239 1238)
4(1232 1238 1239 1233)
4(1171 1234 1240 1177)
4(1176 1177 1240 1239)
4(1233 1239 1240 1234)
4(1172 1235 1241 1178)
4(1177 1178 1241 1240)
4(1234 1240 1241 1235)
4(1178 139 154 1241)
4(1235 1241 154 155)
4(1175 1238 1243 1180)
4(1237 1242 1243 1238)
4(1176 1239 1244 1181)
4(1180 1181 1244 1243)
4(1238 1243 1244 1239)
4(1177 1240 1245 1182)
4(1181 1182 1245 1244)
4(1239 1244 1245 1240)
4(1178 1241 1246 1183)
4(1182 1183 1246 1245)
4(1240 1245 1246 1241)
4(1183 138 153 1246)
4(1241 1246 153 154)
4(1181 1244 1248 1185)
4(1243 1247 1248 1244)
4(1182 1245 1249 1186)
4(1185 1186 1249 1248)
4(1244 1248 1249 1245)
4(1183 1246 1250 1187)
4(1186 1187 1250 1249)
4(1245 1249 1250 1246)
4(1187 137 152 1250)
4(1246 1250 152 153)
4(1186 1249 1252 1189)
4(1248 1251 1252 1249)
4(1187 1250 1253 1190)
4(1189 1190 1253 1252)
4(1249 1252 1253 1250)
4(1190 136 151 1253)
4(1250 1253 151 152)
4(1190 1253 1255 1192)
4(1252 1254 1255 1253)
4(1192 135 150 1255)
4(1253 1255 150 151)
4(1255 1256 149 150)
4(1194 163 178 1258)
4(13 1258 178 7)
4(1196 162 177 1260)
4(1258 1260 177 178)
4(1196 1260 1263 1199)
4(1198 1199 1263 1262)
4(1259 1262 1263 1260)
4(1199 161 176 1263)
4(1260 1263 176 177)
4(1198 1262 1266 1202)
4(1201 1202 1266 1265)
4(1261 1265 1266 1262)
4(1199 1263 1267 1203)
4(1202 1203 1267 1266)
4(1262 1266 1267 1263)
4(1203 160 175 1267)
4(1263 1267 175 176)
4(1201 1265 1270 1206)
4(1205 1206 1270 1269)
4(1264 1269 1270 1265)
4(1202 1266 1271 1207)
4(1206 1207 1271 1270)
4(1265 1270 1271 1266)
4(1203 1267 1272 1208)
4(1207 1208 1272 1271)
4(1266 1271 1272 1267)
4(1208 159 174 1272)
4(1267 1272 174 175)
4(1205 1269 1275 1211)
4(1210 1211 1275 1274)
4(1268 1274 1275 1269)
4(1206 1270 1276 1212)
4(1211 1212 1276 1275)
4(1269 1275 1276 1270)
4(1207 1271 1277 1213)
4(1212 1213 1277 1276)
4(1270 1276 1277 1271)
4(1208 1272 1278 1214)
4(1213 1214 1278 1277)
4(1271 1277 1278 1272)
4(1214 158 173 1278)
4(1272 1278 173 174)
4(1210 1274 1281 1217)
4(1216 1217 1281 1280)
4(1273 1280 1281 1274)
4(1211 1275 1282 1218)
4(1217 1218 1282 1281)
4(1274 1281 1282 1275)
4(1212 1276 1283 1219)
4(1218 1219 1283 1282)
4(1275 1282 1283 1276)
4(1213 1277 1284 1220)
4(1219 1220 1284 1283)
4(1276 1283 1284 1277)
4(1214 1278 1285 1221)
4(1220 1221 1285 1284)
4(1277 1284 1285 1278)
4(1221 157 172 1285)
4(1278 1285 172 173)
4(1216 1280 1287 1223)
4(1222 1223 1287 1286)
4(1279 1286 1287 1280)
4(1217 1281 1288 1224)
4(1223 1224 1288 1287)
4(1280 1287 1288 1281)
4(1218 1282 1289 1225)
4(1224 1225 1289 1288)
4(1281 1288 1289 1282)
4(1219 1283 1290 1226)
4(1225 1226 1290 1289)
4(1282 1289 1290 1283)
4(1220 1284 1291 1227)
4(1226 1227 1291 1290)
4(1283 1290 1291 1284)
4(1221 1285 1292 1228)
4(1227 1228 1292 1291)
4(1284 1291 1292 1285)
4(1228 156 171 1292)
4(1285 1292 171 172)
4(1223 1287 1294 1230)
4(1286 1293 1294 1287)
4(1224 1288 1295 1231)
4(1230 1231 1295 1294)
4(1287 1294 1295 1288)
4(1225 1289 1296 1232)
4(1231 1232 1296 1295)
4(1288 1295 1296 1289)
4(1226 1290 1297 1233)
4(1232 1233 1297 1296)
4(1289 1296 1297 1290)
4(1227 1291 1298 1234)
4(1233 1234 1298 1297)
4(1290 1297 1298 1291)
4(1228 1292 1299 1235)
4(1234 1235 1299 1298)
4(1291 1298 1299 1292)
4(1235 155 170 1299)
4(1292 1299 170 171)
4(1231 1295 1301 1237)
4(1294 1300 1301 1295)
4(1232 1296 1302 1238)
4(1237 1238 1302 1301)
4(1295 1301 1302 1296)
4(1233 1297 1303 1239)
4(1238 1239 1303 1302)
4(1296 1302 1303 1297)
4(1234 1298 1304 1240)
4(1239 1240 1304 1303)
4(1297 1303 1304 1298)
4(1235 1299 1305 1241)
4(1240 1241 1305 1304)
4(1298 1304 1305 1299)
4(1241 154 169 1305)
4(1299 1305 169 170)
4(1238 1302 1307 1243)
4(1301 1306 1307 1302)
4(1239 1303 1308 1244)
4(1243 1244 1308 1307)
4(1302 1307 1308 1303)
4(1240 1304 1309 1245)
4(1244 1245 1309 1308)
4(1303 1308 1309 1304)
4(1241 1305 1310 1246)
4(1245 1246 1310 1309)
4(1304 1309 1310 1305)
4(1246 153 168 1310)
4(1305 1310 168 169)
4(1244 1308 1312 1248)
4(1307 1311 1312 1308)
4(1245 1309 1313 1249)
4(1248 1249 1313 1312)
4(1308 1312 1313 1309)
4(1246 1310 1314 1250)
4(1249 1250 1314 1313)
4(1309 1313 1314 1310)
4(1250 152 167 1314)
4(1310 1314 167 168)
4(1249 1313 1316 1252)
4(1312 1315 1316 1313)
4(1250 1314 1317 1253)
4(1252 1253 1317 1316)
4(1313 1316 1317 1314)
4(1253 151 166 1317)
4(1314 1317 166 167)
4(1253 1317 1319 1255)
4(1316 1318 1319 1317)
4(1255 150 165 1319)
4(1317 1319 165 166)
4(1319 1320 164 165)
4(1258 178 193 1322)
4(14 1322 193 6)
4(1258 1322 1325 1260)
4(1259 1260 1325 1324)
4(1321 1324 1325 1322)
4(1260 177 192 1325)
4(1322 1325 192 193)
4(1260 1325 1329 1263)
4(1262 1263 1329 1328)
4(1324 1328 1329 1325)
4(1263 176 191 1329)
4(1325 1329 191 192)
4(1262 1328 1332 1266)
4(1265 1266 1332 1331)
4(1327 1331 1332 1328)
4(1263 1329 1333 1267)
4(1266 1267 1333 1332)
4(1328 1332 1333 1329)
4(1267 175 190 1333)
4(1329 1333 190 191)
4(1265 1331 1336 1270)
4(1269 1270 1336 1335)
4(1330 1335 1336 1331)
4(1266 1332 1337 1271)
4(1270 1271 1337 1336)
4(1331 1336 1337 1332)
4(1267 1333 1338 1272)
4(1271 1272 1338 1337)
4(1332 1337 1338 1333)
4(1272 174 189 1338)
4(1333 1338 189 190)
4(1269 1335 1341 1275)
4(1274 1275 1341 1340)
4(1334 1340 1341 1335)
4(1270 1336 1342 1276)
4(1275 1276 1342 1341)
4(1335 1341 1342 1336)
4(1271 1337 1343 1277)
4(1276 1277 1343 1342)
4(1336 1342 1343 1337)
4(1272 1338 1344 1278)
4(1277 1278 1344 1343)
4(1337 1343 1344 1338)
4(1278 173 188 1344)
4(1338 1344 188 189)
4(1274 1340 1347 1281)
4(1280 1281 1347 1346)
4(1339 1346 1347 1340)
4(1275 1341 1348 1282)
4(1281 1282 1348 1347)
4(1340 1347 1348 1341)
4(1276 1342 1349 1283)
4(1282 1283 1349 1348)
4(1341 1348 1349 1342)
4(1277 1343 1350 1284)
4(1283 1284 1350 1349)
4(1342 1349 1350 1343)
4(1278 1344 1351 1285)
4(1284 1285 1351 1350)
4(1343 1350 1351 1344)
4(1285 172 187 1351)
4(1344 1351 187 188)
4(1280 1346 1353 1287)
4(1286 1287 1353 1352)
4(1345 1352 1353 1346)
4(1281 1347 1354 1288)
4(1287 1288 1354 1353)
4(1346 1353 1354 1347)
4(1282 1348 1355 1289)
4(1288 1289 1355 1354)
4(1347 1354 1355 1348)
4(1283 1349 1356 1290)
4(1289 1290 1356 1355)
4(1348 1355 1356 1349)
4(1284 1350 1357 1291)
4(1290 1291 1357 1356)
4(1349 1356 1357 1350)
4(1285 1351 1358 1292)
4(1291 1292 1358 1357)
4(1350 1357 1358 1351)
4(1292 171 186 1358)
4(1351 1358 186 187)
4(1287 1353 1360 1294)
4(1352 1359 1360 1353)
4(1288 1354 1361 1295)
4(1294 1295 1361 1360)
4(1353 1360 1361 1354)
4(1289 1355 1362 1296)
4(1295 1296 1362 1361)
4(1354 1361 1362 1355)
4(1290 1356 1363 1297)
4(1296 1297 1363 1362)
4(1355 1362 1363 1356)
4(1291 1357 1364 1298)
4(1297 1298 1364 1363)
4(1356 1363 1364 1357)
4(1292 1358 1365 1299)
4(1298 1299 1365 1364)
4(1357 1364 1365 1358)
4(1299 170 185 1365)
4(1358 1365 185 186)
4(1295 1361 1367 1301)
4(1360 1366 1367 1361)
4(1296 1362 1368 1302)
4(1301 1302 1368 1367)
4(1361 1367 1368 1362)
4(1297 1363 1369 1303)
4(1302 1303 1369 1368)
4(1362 1368 1369 1363)
4(1298 1364 1370 1304)
4(1303 1304 1370 1369)
4(1363 1369 1370 1364)
4(1299 1365 1371 1305)
4(1304 1305 1371 1370)
4(1364 1370 1371 1365)
4(1305 169 184 1371)
4(1365 1371 184 185)
4(1302 1368 1373 1307)
4(1367 1372 1373 1368)
4(1303 1369 1374 1308)
4(1307 1308 1374 1373)
4(1368 1373 1374 1369)
4(1304 1370 1375 1309)
4(1308 1309 1375 1374)
4(1369 1374 1375 1370)
4(1305 1371 1376 1310)
4(1309 1310 1376 1375)
4(1370 1375 1376 1371)
4(1310 168 183 1376)
4(1371 1376 183 184)
4(1308 1374 1378 1312)
4(1373 1377 1378 1374)
4(1309 1375 1379 1313)
4(1312 1313 1379 1378)
4(1374 1378 1379 1375)
4(1310 1376 1380 1314)
4(1313 1314 1380 1379)
4(1375 1379 1380 1376)
4(1314 167 182 1380)
4(1376 1380 182 183)
4(1313 1379 1382 1316)
4(1378 1381 1382 1379)
4(1314 1380 1383 1317)
4(1316 1317 1383 1382)
4(1379 1382 1383 1380)
4(1317 166 181 1383)
4(1380 1383 181 182)
4(1317 1383 1385 1319)
4(1382 1384 1385 1383)
4(1319 165 180 1385)
4(1383 1385 180 181)
4(1385 1386 179 180)
4(1322 193 208 1388)
4(15 1388 208 5)
4(1322 1388 1391 1325)
4(1324 1325 1391 1390)
4(1387 1390 1391 1388)
4(1325 192 207 1391)
4(1388 1391 207 208)
4(1324 1390 1394 1328)
4(1327 1328 1394 1393)
4(1389 1393 1394 1390)
4(1325 1391 1395 1329)
4(1328 1329 1395 1394)
4(1390 1394 1395 1391)
4(1329 191 206 1395)
4(1391 1395 206 207)
4(1327 1393 1398 1331)
4(1330 1331 1398 1397)
4(1392 1397 1398 1393)
4(1328 1394 1399 1332)
4(1331 1332 1399 1398)
4(1393 1398 1399 1394)
4(1329 1395 1400 1333)
4(1332 1333 1400 1399)
4(1394 1399 1400 1395)
4(1333 190 205 1400)
4(1395 1400 205 206)
4(1331 1398 1403 1336)
4(1335 1336 1403 1402)
4(1397 1402 1403 1398)
4(1332 1399 1404 1337)
4(1336 1337 1404 1403)
4(1398 1403 1404 1399)
4(1333 1400 1405 1338)
4(1337 1338 1405 1404)
4(1399 1404 1405 1400)
4(1338 189 204 1405)
4(1400 1405 204 205)
4(1335 1402 1408 1341)
4(1340 1341 1408 1407)
4(1401 1407 1408 1402)
4(1336 1403 1409 1342)
4(1341 1342 1409 1408)
4(1402 1408 1409 1403)
4(1337 1404 1410 1343)
4(1342 1343 1410 1409)
4(1403 1409 1410 1404)
4(1338 1405 1411 1344)
4(1343 1344 1411 1410)
4(1404 1410 1411 1405)
4(1344 188 203 1411)
4(1405 1411 203 204)
4(1340 1407 1414 1347)
4(1346 1347 1414 1413)
4(1406 1413 1414 1407)
4(1341 1408 1415 1348)
4(1347 1348 1415 1414)
4(1407 1414 1415 1408)
4(1342 1409 1416 1349)
4(1348 1349 1416 1415)
4(1408 1415 1416 1409)
4(1343 1410 1417 1350)
4(1349 1350 1417 1416)
4(1409 1416 1417 1410)
4(1344 1411 1418 1351)
4(1350 1351 1418 1417)
4(1410 1417 1418 1411)
4(1351 187 202 1418)
4(1411 1418 202 203)
4(1346 1413 1420 1353)
4(1352 1353 1420 1419)
4(1412 1419 1420 1413)
4(1347 1414 1421 1354)
4(1353 1354 1421 1420)
4(1413 1420 1421 1414)
4(1348 1415 1422 1355)
4(1354 1355 1422 1421)
4(1414 1421 1422 1415)
4(1349 1416 1423 1356)
4(1355 1356 1423 1422)
4(1415 1422 1423 1416)
4(1350 1417 1424 1357)
4(1356 1357 1424 1423)
4(1416 1423 1424 1417)
4(1351 1418 1425 1358)
4(1357 1358 1425 1424)
4(1417 1424 1425 1418)
4(1358 186 201 1425)
4(1418 1425 201 202)
4(1353 1420 1427 1360)
4(1419 1426 1427 1420)
4(1354 1421 1428 1361)
4(1360 1361 1428 1427)
4(1420 1427 1428 1421)
4(1355 1422 1429 1362)
4(1361 1362 1429 1428)
4(1421 1428 1429 1422)
4(1356 1423 1430 1363)
4(1362 1363 1430 1429)
4(1422 1429 1430 1423)
4(1357 1424 1431 1364)
4(1363 1364 1431 1430)
4(1423 1430 1431 1424)
4(1358 1425 1432 1365)
4(1364 1365 1432 1431)
4(1424 1431 1432 1425)
4(1365 185 200 1432)
4(1425 1432 200 201)
4(1361 1428 1434 1367)
4(1427 1433 1434 1428)
4(1362 1429 1435 1368)
4(1367 1368 1435 1434)
4(1428 1434 1435 1429)
4(1363 1430 1436 1369)
4(1368 1369 1436 1435)
4(1429 1435 1436 1430)
4(1364 1431 1437 1370)
4(1369 1370 1437 1436)
4(1430 1436 1437 1431)
4(1365 1432 1438 1371)
4(1370 1371 1438 1437)
4(1431 1437 1438 1432)
4(1371 184 199 1438)
4(1432 1438 199 200)
4(1368 1435 1440 1373)
4(1434 1439 1440 1435)
4(1369 1436 1441 1374)
4(1373 1374 1441 1440)
4(1435 1440 1441 1436)
4(1370 1437 1442 1375)
4(1374 1375 1442 1441)
4(1436 1441 1442 1437)
4(1371 1438 1443 1376)
4(1375 1376 1443 1442)
4(1437 1442 1443 1438)
4(1376 183 198 1443)
4(1438 1443 198 199)
4(1374 1441 1445 1378)
4(1440 1444 1445 1441)
4(1375 1442 1446 1379)
4(1378 1379 1446 1445)
4(1441 1445 1446 1442)
4(1376 1443 1447 1380)
4(1379 1380 1447 1446)
4(1442 1446 1447 1443)
4(1380 182 197 1447)
4(1443 1447 197 198)
4(1379 1446 1449 1382)
4(1445 1448 1449 1446)
4(1380 1447 1450 1383)
4(1382 1383 1450 1449)
4(1446 1449 1450 1447)
4(1383 181 196 1450)
4(1447 1450 196 197)
4(1383 1450 1452 1385)
4(1449 1451 1452 1450)
4(1385 180 195 1452)
4(1450 1452 195 196)
4(1452 1453 194 195)
4(1388 208 223 1455)
4(16 1455 223 4)
4(1388 1455 1458 1391)
4(1390 1391 1458 1457)
4(1454 1457 1458 1455)
4(1391 207 222 1458)
4(1455 1458 222 223)
4(1390 1457 1461 1394)
4(1393 1394 1461 1460)
4(1456 1460 1461 1457)
4(1391 1458 1462 1395)
4(1394 1395 1462 1461)
4(1457 1461 1462 1458)
4(1395 206 221 1462)
4(1458 1462 221 222)
4(1393 1460 1465 1398)
4(1397 1398 1465 1464)
4(1459 1464 1465 1460)
4(1394 1461 1466 1399)
4(1398 1399 1466 1465)
4(1460 1465 1466 1461)
4(1395 1462 1467 1400)
4(1399 1400 1467 1466)
4(1461 1466 1467 1462)
4(1400 205 220 1467)
4(1462 1467 220 221)
4(1397 1464 1470 1402)
4(1401 1402 1470 1469)
4(1463 1469 1470 1464)
4(1398 1465 1471 1403)
4(1402 1403 1471 1470)
4(1464 1470 1471 1465)
4(1399 1466 1472 1404)
4(1403 1404 1472 1471)
4(1465 1471 1472 1466)
4(1400 1467 1473 1405)
4(1404 1405 1473 1472)
4(1466 1472 1473 1467)
4(1405 204 219 1473)
4(1467 1473 219 220)
4(1402 1470 1476 1408)
4(1407 1408 1476 1475)
4(1469 1475 1476 1470)
4(1403 1471 1477 1409)
4(1408 1409 1477 1476)
4(1470 1476 1477 1471)
4(1404 1472 1478 1410)
4(1409 1410 1478 1477)
4(1471 1477 1478 1472)
4(1405 1473 1479 1411)
4(1410 1411 1479 1478)
4(1472 1478 1479 1473)
4(1411 203 218 1479)
4(1473 1479 218 219)
4(1407 1475 1482 1414)
4(1413 1414 1482 1481)
4(1474 1481 1482 1475)
4(1408 1476 1483 1415)
4(1414 1415 1483 1482)
4(1475 1482 1483 1476)
4(1409 1477 1484 1416)
4(1415 1416 1484 1483)
4(1476 1483 1484 1477)
4(1410 1478 1485 1417)
4(1416 1417 1485 1484)
4(1477 1484 1485 1478)
4(1411 1479 1486 1418)
4(1417 1418 1486 1485)
4(1478 1485 1486 1479)
4(1418 202 217 1486)
4(1479 1486 217 218)
4(1413 1481 1488 1420)
4(1419 1420 1488 1487)
4(1480 1487 1488 1481)
4(1414 1482 1489 1421)
4(1420 1421 1489 1488)
4(1481 1488 1489 1482)
4(1415 1483 1490 1422)
4(1421 1422 1490 1489)
4(1482 1489 1490 1483)
4(1416 1484 1491 1423)
4(1422 1423 1491 1490)
4(1483 1490 1491 1484)
4(1417 1485 1492 1424)
4(1423 1424 1492 1491)
4(1484 1491 1492 1485)
4(1418 1486 1493 1425)
4(1424 1425 1493 1492)
4(1485 1492 1493 1486)
4(1425 201 216 1493)
4(1486 1493 216 217)
4(1420 1488 1495 1427)
4(1487 1494 1495 1488)
4(1421 1489 1496 1428)
4(1427 1428 1496 1495)
4(1488 1495 1496 1489)
4(1422 1490 1497 1429)
4(1428 1429 1497 1496)
4(1489 1496 1497 1490)
4(1423 1491 1498 1430)
4(1429 1430 1498 1497)
4(1490 1497 1498 1491)
4(1424 1492 1499 1431)
4(1430 1431 1499 1498)
4(1491 1498 1499 1492)
4(1425 1493 1500 1432)
4(1431 1432 1500 1499)
4(1492 1499 1500 1493)
4(1432 200 215 1500)
4(1493 1500 215 216)
4(1428 1496 1502 1434)
4(1495 1501 1502 1496)
4(1429 1497 1503 1435)
4(1434 1435 1503 1502)
4(1496 1502 1503 1497)
4(1430 1498 1504 1436)
4(1435 1436 1504 1503)
4(1497 1503 1504 1498)
4(1431 1499 1505 1437)
4(1436 1437 1505 1504)
4(1498 1504 1505 1499)
4(1432 1500 1506 1438)
4(1437 1438 1506 1505)
4(1499 1505 1506 1500)
4(1438 199 214 1506)
4(1500 1506 214 215)
4(1435 1503 1508 1440)
4(1502 1507 1508 1503)
4(1436 1504 1509 1441)
4(1440 1441 1509 1508)
4(1503 1508 1509 1504)
4(1437 1505 1510 1442)
4(1441 1442 1510 1509)
4(1504 1509 1510 1505)
4(1438 1506 1511 1443)
4(1442 1443 1511 1510)
4(1505 1510 1511 1506)
4(1443 198 213 1511)
4(1506 1511 213 214)
4(1441 1509 1513 1445)
4(1508 1512 1513 1509)
4(1442 1510 1514 1446)
4(1445 1446 1514 1513)
4(1509 1513 1514 1510)
4(1443 1511 1515 1447)
4(1446 1447 1515 1514)
4(1510 1514 1515 1511)
4(1447 197 212 1515)
4(1511 1515 212 213)
4(1446 1514 1517 1449)
4(1513 1516 1517 1514)
4(1447 1515 1518 1450)
4(1449 1450 1518 1517)
4(1514 1517 1518 1515)
4(1450 196 211 1518)
4(1515 1518 211 212)
4(1450 1518 1520 1452)
4(1517 1519 1520 1518)
4(1452 195 210 1520)
4(1518 1520 210 211)
4(1520 1521 209 210)
4(1455 223 238 1523)
4(17 1523 238 3)
4(1455 1523 1526 1458)
4(1457 1458 1526 1525)
4(1522 1525 1526 1523)
4(1458 222 237 1526)
4(1523 1526 237 238)
4(1457 1525 1529 1461)
4(1460 1461 1529 1528)
4(1524 1528 1529 1525)
4(1458 1526 1530 1462)
4(1461 1462 1530 1529)
4(1525 1529 1530 1526)
4(1462 221 236 1530)
4(1526 1530 236 237)
4(1460 1528 1533 1465)
4(1464 1465 1533 1532)
4(1527 1532 1533 1528)
4(1461 1529 1534 1466)
4(1465 1466 1534 1533)
4(1528 1533 1534 1529)
4(1462 1530 1535 1467)
4(1466 1467 1535 1534)
4(1529 1534 1535 1530)
4(1467 220 235 1535)
4(1530 1535 235 236)
4(1464 1532 1538 1470)
4(1469 1470 1538 1537)
4(1531 1537 1538 1532)
4(1465 1533 1539 1471)
4(1470 1471 1539 1538)
4(1532 1538 1539 1533)
4(1466 1534 1540 1472)
4(1471 1472 1540 1539)
4(1533 1539 1540 1534)
4(1467 1535 1541 1473)
4(1472 1473 1541 1540)
4(1534 1540 1541 1535)
4(1473 219 234 1541)
4(1535 1541 234 235)
4(1469 1537 1544 1475)
4(1474 1475 1544 1543)
4(1536 1543 1544 1537)
4(1470 1538 1545 1476)
4(1475 1476 1545 1544)
4(1537 1544 1545 1538)
4(1471 1539 1546 1477)
4(1476 1477 1546 1545)
4(1538 1545 1546 1539)
4(1472 1540 1547 1478)
4(1477 1478 1547 1546)
4(1539 1546 1547 1540)
4(1473 1541 1548 1479)
4(1478 1479 1548 1547)
4(1540 1547 1548 1541)
4(1479 218 233 1548)
4(1541 1548 233 234)
4(1475 1544 1551 1482)
4(1481 1482 1551 1550)
4(1543 1550 1551 1544)
4(1476 1545 1552 1483)
4(1482 1483 1552 1551)
4(1544 1551 1552 1545)
4(1477 1546 1553 1484)
4(1483 1484 1553 1552)
4(1545 1552 1553 1546)
4(1478 1547 1554 1485)
4(1484 1485 1554 1553)
4(1546 1553 1554 1547)
4(1479 1548 1555 1486)
4(1485 1486 1555 1554)
4(1547 1554 1555 1548)
4(1486 217 232 1555)
4(1548 1555 232 233)
4(1481 1550 1557 1488)
4(1487 1488 1557 1556)
4(1549 1556 1557 1550)
4(1482 1551 1558 1489)
4(1488 1489 1558 1557)
4(1550 1557 1558 1551)
4(1483 1552 1559 1490)
4(1489 1490 1559 1558)
4(1551 1558 1559 1552)
4(1484 1553 1560 1491)
4(1490 1491 1560 1559)
4(1552 1559 1560 1553)
4(1485 1554 1561 1492)
4(1491 1492 1561 1560)
4(1553 1560 1561 1554)
4(1486 1555 1562 1493)
4(1492 1493 1562 1561)
4(1554 1561 1562 1555)
4(1493 216 231 1562)
4(1555 1562 231 232)
4(1488 1557 1564 1495)
4(1556 1563 1564 1557)
4(1489 1558 1565 1496)
4(1495 1496 1565 1564)
4(1557 1564 1565 1558)
4(1490 1559 1566 1497)
4(1496 1497 1566 1565)
4(1558 1565 1566 1559)
4(1491 1560 1567 1498)
4(1497 1498 1567 1566)
4(1559 1566 1567 1560)
4(1492 1561 1568 1499)
4(1498 1499 1568 1567)
4(1560 1567 1568 1561)
4(1493 1562 1569 1500)
4(1499 1500 1569 1568)
4(1561 1568 1569 1562)
4(1500 215 230 1569)
4(1562 1569 230 231)
4(1496 1565 1571 1502)
4(1564 1570 1571 1565)
4(1497 1566 1572 1503)
4(1502 1503 1572 1571)
4(1565 1571 1572 1566)
4(1498 1567 1573 1504)
4(1503 1504 1573 1572)
4(1566 1572 1573 1567)
4(1499 1568 1574 1505)
4(1504 1505 1574 1573)
4(1567 1573 1574 1568)
4(1500 1569 1575 1506)
4(1505 1506 1575 1574)
4(1568 1574 1575 1569)
4(1506 214 229 1575)
4(1569 1575 229 230)
4(1503 1572 1577 1508)
4(1571 1576 1577 1572)
4(1504 1573 1578 1509)
4(1508 1509 1578 1577)
4(1572 1577 1578 1573)
4(1505 1574 1579 1510)
4(1509 1510 1579 1578)
4(1573 1578 1579 1574)
4(1506 1575 1580 1511)
4(1510 1511 1580 1579)
4(1574 1579 1580 1575)
4(1511 213 228 1580)
4(1575 1580 228 229)
4(1509 1578 1582 1513)
4(1577 1581 1582 1578)
4(1510 1579 1583 1514)
4(1513 1514 1583 1582)
4(1578 1582 1583 1579)
4(1511 1580 1584 1515)
4(1514 1515 1584 1583)
4(1579 1583 1584 1580)
4(1515 212 227 1584)
4(1580 1584 227 228)
4(1514 1583 1586 1517)
4(1582 1585 1586 1583)
4(1515 1584 1587 1518)
4(1517 1518 1587 1586)
4(1583 1586 1587 1584)
4(1518 211 226 1587)
4(1584 1587 226 227)
4(1518 1587 1589 1520)
4(1586 1588 1589 1587)
4(1520 210 225 1589)
4(1587 1589 225 226)
4(1589 1590 224 225)
4(1523 238 253 1592)
4(1523 1592 1595 1526)
4(1525 1526 1595 1594)
4(1526 237 252 1595)
4(1525 1594 1598 1529)
4(1528 1529 1598 1597)
4(1526 1595 1599 1530)
4(1529 1530 1599 1598)
4(1530 236 251 1599)
4(1528 1597 1602 1533)
4(1532 1533 1602 1601)
4(1529 1598 1603 1534)
4(1533 1534 1603 1602)
4(1530 1599 1604 1535)
4(1534 1535 1604 1603)
4(1535 235 250 1604)
4(1532 1601 1607 1538)
4(1537 1538 1607 1606)
4(1533 1602 1608 1539)
4(1538 1539 1608 1607)
4(1534 1603 1609 1540)
4(1539 1540 1609 1608)
4(1535 1604 1610 1541)
4(1540 1541 1610 1609)
4(1541 234 249 1610)
4(1537 1606 1613 1544)
4(1543 1544 1613 1612)
4(1538 1607 1614 1545)
4(1544 1545 1614 1613)
4(1539 1608 1615 1546)
4(1545 1546 1615 1614)
4(1540 1609 1616 1547)
4(1546 1547 1616 1615)
4(1541 1610 1617 1548)
4(1547 1548 1617 1616)
4(1548 233 248 1617)
4(1543 1612 1619 1550)
4(1549 1550 1619 1618)
4(1544 1613 1620 1551)
4(1550 1551 1620 1619)
4(1545 1614 1621 1552)
4(1551 1552 1621 1620)
4(1546 1615 1622 1553)
4(1552 1553 1622 1621)
4(1547 1616 1623 1554)
4(1553 1554 1623 1622)
4(1548 1617 1624 1555)
4(1554 1555 1624 1623)
4(1555 232 247 1624)
4(1550 1619 1626 1557)
4(1556 1557 1626 1625)
4(1551 1620 1627 1558)
4(1557 1558 1627 1626)
4(1552 1621 1628 1559)
4(1558 1559 1628 1627)
4(1553 1622 1629 1560)
4(1559 1560 1629 1628)
4(1554 1623 1630 1561)
4(1560 1561 1630 1629)
4(1555 1624 1631 1562)
4(1561 1562 1631 1630)
4(1562 231 246 1631)
4(1557 1626 1633 1564)
4(1558 1627 1634 1565)
4(1564 1565 1634 1633)
4(1559 1628 1635 1566)
4(1565 1566 1635 1634)
4(1560 1629 1636 1567)
4(1566 1567 1636 1635)
4(1561 1630 1637 1568)
4(1567 1568 1637 1636)
4(1562 1631 1638 1569)
4(1568 1569 1638 1637)
4(1569 230 245 1638)
4(1565 1634 1640 1571)
4(1566 1635 1641 1572)
4(1571 1572 1641 1640)
4(1567 1636 1642 1573)
4(1572 1573 1642 1641)
4(1568 1637 1643 1574)
4(1573 1574 1643 1642)
4(1569 1638 1644 1575)
4(1574 1575 1644 1643)
4(1575 229 244 1644)
4(1572 1641 1646 1577)
4(1573 1642 1647 1578)
4(1577 1578 1647 1646)
4(1574 1643 1648 1579)
4(1578 1579 1648 1647)
4(1575 1644 1649 1580)
4(1579 1580 1649 1648)
4(1580 228 243 1649)
4(1578 1647 1651 1582)
4(1579 1648 1652 1583)
4(1582 1583 1652 1651)
4(1580 1649 1653 1584)
4(1583 1584 1653 1652)
4(1584 227 242 1653)
4(1583 1652 1655 1586)
4(1584 1653 1656 1587)
4(1586 1587 1656 1655)
4(1587 226 241 1656)
4(1587 1656 1658 1589)
4(1589 225 240 1658)
4(20 19 287 272)
4(272 287 288 273)
4(273 288 289 274)
4(274 289 290 275)
4(275 290 291 276)
4(276 291 292 277)
4(277 292 293 278)
4(278 293 294 279)
4(279 294 295 280)
4(280 295 296 281)
4(281 296 297 282)
4(282 297 298 283)
4(283 298 299 284)
4(284 299 300 285)
4(285 300 301 286)
4(286 301 254 255)
4(19 0 63 287)
4(287 63 64 288)
4(288 64 65 289)
4(289 65 66 290)
4(290 66 67 291)
4(291 67 68 292)
4(292 68 69 293)
4(293 69 70 294)
4(294 70 71 295)
4(295 71 72 296)
4(296 72 73 297)
4(297 73 74 298)
4(298 74 75 299)
4(299 75 76 300)
4(300 76 77 301)
4(301 77 62 254)
4(1 21 257 79)
4(79 257 258 80)
4(80 258 259 81)
4(81 259 260 82)
4(82 260 261 83)
4(83 261 262 84)
4(84 262 263 85)
4(85 263 264 86)
4(86 264 265 87)
4(87 265 266 88)
4(88 266 267 89)
4(89 267 268 90)
4(90 268 269 91)
4(91 269 270 92)
4(92 270 271 93)
4(93 271 256 78)
4(21 20 272 257)
4(257 272 273 258)
4(258 273 274 259)
4(259 274 275 260)
4(260 275 276 261)
4(261 276 277 262)
4(262 277 278 263)
4(263 278 279 264)
4(264 279 280 265)
4(265 280 281 266)
4(266 281 282 267)
4(267 282 283 268)
4(268 283 284 269)
4(269 284 285 270)
4(270 285 286 271)
4(271 286 255 256)
4(942 946 947 943)
4(943 947 948 944)
4(945 951 952 946)
4(946 952 953 947)
4(947 953 954 948)
4(948 954 955 949)
4(950 958 959 951)
4(951 959 960 952)
4(952 960 961 953)
4(953 961 962 954)
4(954 962 963 955)
4(955 963 964 956)
4(957 967 968 958)
4(958 968 969 959)
4(959 969 970 960)
4(960 970 971 961)
4(961 971 972 962)
4(962 972 973 963)
4(963 973 974 964)
4(964 974 975 965)
4(966 978 979 967)
4(967 979 980 968)
4(968 980 981 969)
4(969 981 982 970)
4(970 982 983 971)
4(971 983 984 972)
4(972 984 985 973)
4(973 985 986 974)
4(974 986 987 975)
4(975 987 988 976)
4(977 991 992 978)
4(978 992 993 979)
4(979 993 994 980)
4(980 994 995 981)
4(981 995 996 982)
4(982 996 997 983)
4(983 997 998 984)
4(984 998 999 985)
4(985 999 1000 986)
4(986 1000 1001 987)
4(987 1001 1002 988)
4(988 1002 1003 989)
4(990 79 80 991)
4(991 80 81 992)
4(992 81 82 993)
4(993 82 83 994)
4(994 83 84 995)
4(995 84 85 996)
4(996 85 86 997)
4(997 86 87 998)
4(998 87 88 999)
4(999 88 89 1000)
4(1000 89 90 1001)
4(1001 90 91 1002)
4(1002 91 92 1003)
4(1003 92 93 1004)
4(0 31 312 63)
4(63 312 313 64)
4(64 313 314 65)
4(65 314 315 66)
4(66 315 316 67)
4(67 316 317 68)
4(68 317 318 69)
4(69 318 319 70)
4(70 319 320 71)
4(71 320 321 72)
4(72 321 322 73)
4(73 322 323 74)
4(74 323 324 75)
4(75 324 325 76)
4(76 325 326 77)
4(77 326 311 62)
4(31 30 327 312)
4(312 327 328 313)
4(313 328 329 314)
4(314 329 330 315)
4(315 330 331 316)
4(316 331 332 317)
4(317 332 333 318)
4(318 333 334 319)
4(319 334 335 320)
4(320 335 336 321)
4(321 336 337 322)
4(322 337 338 323)
4(323 338 339 324)
4(324 339 340 325)
4(325 340 341 326)
4(326 341 310 311)
4(30 29 342 327)
4(327 342 343 328)
4(328 343 344 329)
4(329 344 345 330)
4(330 345 346 331)
4(331 346 347 332)
4(332 347 348 333)
4(333 348 349 334)
4(334 349 350 335)
4(335 350 351 336)
4(336 351 352 337)
4(337 352 353 338)
4(338 353 354 339)
4(339 354 355 340)
4(340 355 356 341)
4(341 356 309 310)
4(29 28 357 342)
4(342 357 358 343)
4(343 358 359 344)
4(344 359 360 345)
4(345 360 361 346)
4(346 361 362 347)
4(347 362 363 348)
4(348 363 364 349)
4(349 364 365 350)
4(350 365 366 351)
4(351 366 367 352)
4(352 367 368 353)
4(353 368 369 354)
4(354 369 370 355)
4(355 370 371 356)
4(356 371 308 309)
4(28 27 372 357)
4(357 372 373 358)
4(358 373 374 359)
4(359 374 375 360)
4(360 375 376 361)
4(361 376 377 362)
4(362 377 378 363)
4(363 378 379 364)
4(364 379 380 365)
4(365 380 381 366)
4(366 381 382 367)
4(367 382 383 368)
4(368 383 384 369)
4(369 384 385 370)
4(370 385 386 371)
4(371 386 307 308)
4(27 26 387 372)
4(372 387 388 373)
4(373 388 389 374)
4(374 389 390 375)
4(375 390 391 376)
4(376 391 392 377)
4(377 392 393 378)
4(378 393 394 379)
4(379 394 395 380)
4(380 395 396 381)
4(381 396 397 382)
4(382 397 398 383)
4(383 398 399 384)
4(384 399 400 385)
4(385 400 401 386)
4(386 401 306 307)
4(26 25 402 387)
4(387 402 403 388)
4(388 403 404 389)
4(389 404 405 390)
4(390 405 406 391)
4(391 406 407 392)
4(392 407 408 393)
4(393 408 409 394)
4(394 409 410 395)
4(395 410 411 396)
4(396 411 412 397)
4(397 412 413 398)
4(398 413 414 399)
4(399 414 415 400)
4(400 415 416 401)
4(401 416 305 306)
4(25 24 417 402)
4(402 417 418 403)
4(403 418 419 404)
4(404 419 420 405)
4(405 420 421 406)
4(406 421 422 407)
4(407 422 423 408)
4(408 423 424 409)
4(409 424 425 410)
4(410 425 426 411)
4(411 426 427 412)
4(412 427 428 413)
4(413 428 429 414)
4(414 429 430 415)
4(415 430 431 416)
4(416 431 304 305)
4(24 23 432 417)
4(417 432 433 418)
4(418 433 434 419)
4(419 434 435 420)
4(420 435 436 421)
4(421 436 437 422)
4(422 437 438 423)
4(423 438 439 424)
4(424 439 440 425)
4(425 440 441 426)
4(426 441 442 427)
4(427 442 443 428)
4(428 443 444 429)
4(429 444 445 430)
4(430 445 446 431)
4(431 446 303 304)
4(23 22 447 432)
4(432 447 448 433)
4(433 448 449 434)
4(434 449 450 435)
4(435 450 451 436)
4(436 451 452 437)
4(437 452 453 438)
4(438 453 454 439)
4(439 454 455 440)
4(440 455 456 441)
4(441 456 457 442)
4(442 457 458 443)
4(443 458 459 444)
4(444 459 460 445)
4(445 460 461 446)
4(446 461 302 303)
4(2 253 897 59)
4(253 252 898 897)
4(252 251 899 898)
4(251 250 900 899)
4(250 249 901 900)
4(249 248 902 901)
4(248 247 903 902)
4(247 246 904 903)
4(246 245 905 904)
4(245 244 906 905)
4(244 243 907 906)
4(243 242 908 907)
4(242 241 909 908)
4(241 240 910 909)
4(240 239 911 910)
4(239 94 489 911)
4(59 897 912 60)
4(897 898 913 912)
4(898 899 914 913)
4(899 900 915 914)
4(900 901 916 915)
4(901 902 917 916)
4(902 903 918 917)
4(903 904 919 918)
4(904 905 920 919)
4(905 906 921 920)
4(906 907 922 921)
4(907 908 923 922)
4(908 909 924 923)
4(909 910 925 924)
4(910 911 926 925)
4(911 489 490 926)
4(60 912 927 61)
4(912 913 928 927)
4(913 914 929 928)
4(914 915 930 929)
4(915 916 931 930)
4(916 917 932 931)
4(917 918 933 932)
4(918 919 934 933)
4(919 920 935 934)
4(920 921 936 935)
4(921 922 937 936)
4(922 923 938 937)
4(923 924 939 938)
4(924 925 940 939)
4(925 926 941 940)
4(926 490 491 941)
4(61 927 447 22)
4(927 928 448 447)
4(928 929 449 448)
4(929 930 450 449)
4(930 931 451 450)
4(931 932 452 451)
4(932 933 453 452)
4(933 934 454 453)
4(934 935 455 454)
4(935 936 456 455)
4(936 937 457 456)
4(937 938 458 457)
4(938 939 459 458)
4(939 940 460 459)
4(940 941 461 460)
4(941 491 302 461)
4(18 1592 253 2)
4(1591 1594 1595 1592)
4(1592 1595 252 253)
4(1593 1597 1598 1594)
4(1594 1598 1599 1595)
4(1595 1599 251 252)
4(1596 1601 1602 1597)
4(1597 1602 1603 1598)
4(1598 1603 1604 1599)
4(1599 1604 250 251)
4(1600 1606 1607 1601)
4(1601 1607 1608 1602)
4(1602 1608 1609 1603)
4(1603 1609 1610 1604)
4(1604 1610 249 250)
4(1605 1612 1613 1606)
4(1606 1613 1614 1607)
4(1607 1614 1615 1608)
4(1608 1615 1616 1609)
4(1609 1616 1617 1610)
4(1610 1617 248 249)
4(1611 1618 1619 1612)
4(1612 1619 1620 1613)
4(1613 1620 1621 1614)
4(1614 1621 1622 1615)
4(1615 1622 1623 1616)
4(1616 1623 1624 1617)
4(1617 1624 247 248)
4(1618 1625 1626 1619)
4(1619 1626 1627 1620)
4(1620 1627 1628 1621)
4(1621 1628 1629 1622)
4(1622 1629 1630 1623)
4(1623 1630 1631 1624)
4(1624 1631 246 247)
4(1625 1632 1633 1626)
4(1626 1633 1634 1627)
4(1627 1634 1635 1628)
4(1628 1635 1636 1629)
4(1629 1636 1637 1630)
4(1630 1637 1638 1631)
4(1631 1638 245 246)
4(1633 1639 1640 1634)
4(1634 1640 1641 1635)
4(1635 1641 1642 1636)
4(1636 1642 1643 1637)
4(1637 1643 1644 1638)
4(1638 1644 244 245)
4(1640 1645 1646 1641)
4(1641 1646 1647 1642)
4(1642 1647 1648 1643)
4(1643 1648 1649 1644)
4(1644 1649 243 244)
4(1646 1650 1651 1647)
4(1647 1651 1652 1648)
4(1648 1652 1653 1649)
4(1649 1653 242 243)
4(1651 1654 1655 1652)
4(1652 1655 1656 1653)
4(1653 1656 241 242)
4(1655 1657 1658 1656)
4(1656 1658 240 241)
4(1658 1659 239 240)
4(78 256 462 103)
4(93 78 103 104)
4(256 255 463 462)
4(255 254 464 463)
4(254 62 311 464)
4(103 462 465 102)
4(104 103 102 119)
4(462 463 466 465)
4(463 464 467 466)
4(464 311 310 467)
4(102 465 468 101)
4(119 102 101 134)
4(465 466 469 468)
4(466 467 470 469)
4(467 310 309 470)
4(101 468 471 100)
4(134 101 100 149)
4(468 469 472 471)
4(469 470 473 472)
4(470 309 308 473)
4(100 471 474 99)
4(149 100 99 164)
4(471 472 475 474)
4(472 473 476 475)
4(473 308 307 476)
4(99 474 477 98)
4(164 99 98 179)
4(474 475 478 477)
4(475 476 479 478)
4(476 307 306 479)
4(98 477 480 97)
4(179 98 97 194)
4(477 478 481 480)
4(478 479 482 481)
4(479 306 305 482)
4(97 480 483 96)
4(194 97 96 209)
4(480 481 484 483)
4(481 482 485 484)
4(482 305 304 485)
4(96 483 486 95)
4(209 96 95 224)
4(483 484 487 486)
4(484 485 488 487)
4(485 304 303 488)
4(95 486 489 94)
4(224 95 94 239)
4(486 487 490 489)
4(487 488 491 490)
4(488 303 302 491)
4(943 944 1040 1033)
4(944 948 1041 1040)
4(948 949 1047 1041)
4(949 955 1048 1047)
4(955 956 1053 1048)
4(956 964 1054 1053)
4(964 965 1058 1054)
4(965 975 1059 1058)
4(975 976 1062 1059)
4(976 988 1063 1062)
4(988 989 1065 1063)
4(989 1003 1066 1065)
4(1003 1004 1067 1066)
4(1004 93 104 1067)
4(1033 1040 1103 1096)
4(1040 1041 1104 1103)
4(1041 1047 1110 1104)
4(1047 1048 1111 1110)
4(1048 1053 1116 1111)
4(1053 1054 1117 1116)
4(1054 1058 1121 1117)
4(1058 1059 1122 1121)
4(1059 1062 1125 1122)
4(1062 1063 1126 1125)
4(1063 1065 1128 1126)
4(1065 1066 1129 1128)
4(1066 1067 1130 1129)
4(1067 104 119 1130)
4(1096 1103 1166 1159)
4(1103 1104 1167 1166)
4(1104 1110 1173 1167)
4(1110 1111 1174 1173)
4(1111 1116 1179 1174)
4(1116 1117 1180 1179)
4(1117 1121 1184 1180)
4(1121 1122 1185 1184)
4(1122 1125 1188 1185)
4(1125 1126 1189 1188)
4(1126 1128 1191 1189)
4(1128 1129 1192 1191)
4(1129 1130 1193 1192)
4(1130 119 134 1193)
4(1159 1166 1229 1222)
4(1166 1167 1230 1229)
4(1167 1173 1236 1230)
4(1173 1174 1237 1236)
4(1174 1179 1242 1237)
4(1179 1180 1243 1242)
4(1180 1184 1247 1243)
4(1184 1185 1248 1247)
4(1185 1188 1251 1248)
4(1188 1189 1252 1251)
4(1189 1191 1254 1252)
4(1191 1192 1255 1254)
4(1192 1193 1256 1255)
4(1193 134 149 1256)
4(1222 1229 1293 1286)
4(1229 1230 1294 1293)
4(1230 1236 1300 1294)
4(1236 1237 1301 1300)
4(1237 1242 1306 1301)
4(1242 1243 1307 1306)
4(1243 1247 1311 1307)
4(1247 1248 1312 1311)
4(1248 1251 1315 1312)
4(1251 1252 1316 1315)
4(1252 1254 1318 1316)
4(1254 1255 1319 1318)
4(1255 1256 1320 1319)
4(1256 149 164 1320)
4(1286 1293 1359 1352)
4(1293 1294 1360 1359)
4(1294 1300 1366 1360)
4(1300 1301 1367 1366)
4(1301 1306 1372 1367)
4(1306 1307 1373 1372)
4(1307 1311 1377 1373)
4(1311 1312 1378 1377)
4(1312 1315 1381 1378)
4(1315 1316 1382 1381)
4(1316 1318 1384 1382)
4(1318 1319 1385 1384)
4(1319 1320 1386 1385)
4(1320 164 179 1386)
4(1352 1359 1426 1419)
4(1359 1360 1427 1426)
4(1360 1366 1433 1427)
4(1366 1367 1434 1433)
4(1367 1372 1439 1434)
4(1372 1373 1440 1439)
4(1373 1377 1444 1440)
4(1377 1378 1445 1444)
4(1378 1381 1448 1445)
4(1381 1382 1449 1448)
4(1382 1384 1451 1449)
4(1384 1385 1452 1451)
4(1385 1386 1453 1452)
4(1386 179 194 1453)
4(1419 1426 1494 1487)
4(1426 1427 1495 1494)
4(1427 1433 1501 1495)
4(1433 1434 1502 1501)
4(1434 1439 1507 1502)
4(1439 1440 1508 1507)
4(1440 1444 1512 1508)
4(1444 1445 1513 1512)
4(1445 1448 1516 1513)
4(1448 1449 1517 1516)
4(1449 1451 1519 1517)
4(1451 1452 1520 1519)
4(1452 1453 1521 1520)
4(1453 194 209 1521)
4(1487 1494 1563 1556)
4(1494 1495 1564 1563)
4(1495 1501 1570 1564)
4(1501 1502 1571 1570)
4(1502 1507 1576 1571)
4(1507 1508 1577 1576)
4(1508 1512 1581 1577)
4(1512 1513 1582 1581)
4(1513 1516 1585 1582)
4(1516 1517 1586 1585)
4(1517 1519 1588 1586)
4(1519 1520 1589 1588)
4(1520 1521 1590 1589)
4(1521 209 224 1590)
4(1556 1563 1632 1625)
4(1563 1564 1633 1632)
4(1564 1570 1639 1633)
4(1570 1571 1640 1639)
4(1571 1576 1645 1640)
4(1576 1577 1646 1645)
4(1577 1581 1650 1646)
4(1581 1582 1651 1650)
4(1582 1585 1654 1651)
4(1585 1586 1655 1654)
4(1586 1588 1657 1655)
4(1588 1589 1658 1657)
4(1589 1590 1659 1658)
4(1590 224 239 1659)
4(1 11 32 21)
4(21 32 33 20)
4(20 33 34 19)
4(19 34 31 0)
4(11 10 35 32)
4(32 35 36 33)
4(33 36 37 34)
4(34 37 30 31)
4(10 9 38 35)
4(35 38 39 36)
4(36 39 40 37)
4(37 40 29 30)
4(9 8 41 38)
4(38 41 42 39)
4(39 42 43 40)
4(40 43 28 29)
4(8 7 44 41)
4(12 13 7 8)
4(41 44 45 42)
4(42 45 46 43)
4(43 46 27 28)
4(7 6 47 44)
4(13 14 6 7)
4(44 47 48 45)
4(45 48 49 46)
4(46 49 26 27)
4(6 5 50 47)
4(14 15 5 6)
4(47 50 51 48)
4(48 51 52 49)
4(49 52 25 26)
4(5 4 53 50)
4(15 16 4 5)
4(50 53 54 51)
4(51 54 55 52)
4(52 55 24 25)
4(4 3 56 53)
4(16 17 3 4)
4(53 56 57 54)
4(54 57 58 55)
4(55 58 23 24)
4(3 2 59 56)
4(17 18 2 3)
4(56 59 60 57)
4(57 60 61 58)
4(58 61 22 23)
4(1 79 118 11)
4(11 118 133 10)
4(10 133 148 9)
4(9 148 163 8)
4(990 1005 118 79)
4(990 991 1007 1005)
4(977 1006 1007 991)
4(977 978 1009 1006)
4(966 1008 1009 978)
4(966 967 1012 1008)
4(957 1011 1012 967)
4(957 958 1016 1011)
4(950 1015 1016 958)
4(950 951 1021 1015)
4(945 1020 1021 951)
4(945 946 1027 1020)
4(942 1026 1027 946)
4(942 943 1033 1026)
4(1005 1068 133 118)
4(1005 1007 1070 1068)
4(1006 1069 1070 1007)
4(1006 1009 1072 1069)
4(1008 1071 1072 1009)
4(1008 1012 1075 1071)
4(1011 1074 1075 1012)
4(1011 1016 1079 1074)
4(1015 1078 1079 1016)
4(1015 1021 1084 1078)
4(1020 1083 1084 1021)
4(1020 1027 1090 1083)
4(1026 1089 1090 1027)
4(1026 1033 1096 1089)
4(1068 1131 148 133)
4(1068 1070 1133 1131)
4(1069 1132 1133 1070)
4(1069 1072 1135 1132)
4(1071 1134 1135 1072)
4(1071 1075 1138 1134)
4(1074 1137 1138 1075)
4(1074 1079 1142 1137)
4(1078 1141 1142 1079)
4(1078 1084 1147 1141)
4(1083 1146 1147 1084)
4(1083 1090 1153 1146)
4(1089 1152 1153 1090)
4(1089 1096 1159 1152)
4(1131 1194 163 148)
4(12 8 163 1194)
4(1131 1133 1196 1194)
4(1132 1195 1196 1133)
4(1132 1135 1198 1195)
4(1134 1197 1198 1135)
4(1134 1138 1201 1197)
4(1137 1200 1201 1138)
4(1137 1142 1205 1200)
4(1141 1204 1205 1142)
4(1141 1147 1210 1204)
4(1146 1209 1210 1147)
4(1146 1153 1216 1209)
4(1152 1215 1216 1153)
4(1152 1159 1222 1215)
4(12 1194 1258 13)
4(1194 1196 1260 1258)
4(1195 1259 1260 1196)
4(1257 1258 1260 1259)
4(1195 1198 1262 1259)
4(1197 1261 1262 1198)
4(1197 1201 1265 1261)
4(1200 1264 1265 1201)
4(1200 1205 1269 1264)
4(1204 1268 1269 1205)
4(1204 1210 1274 1268)
4(1209 1273 1274 1210)
4(1209 1216 1280 1273)
4(1215 1279 1280 1216)
4(1215 1222 1286 1279)
4(13 1258 1322 14)
4(1257 1321 1322 1258)
4(1257 1259 1324 1321)
4(1259 1262 1328 1324)
4(1261 1327 1328 1262)
4(1323 1324 1328 1327)
4(1261 1265 1331 1327)
4(1264 1330 1331 1265)
4(1326 1327 1331 1330)
4(1264 1269 1335 1330)
4(1268 1334 1335 1269)
4(1268 1274 1340 1334)
4(1273 1339 1340 1274)
4(1273 1280 1346 1339)
4(1279 1345 1346 1280)
4(1279 1286 1352 1345)
4(14 1322 1388 15)
4(1321 1387 1388 1322)
4(1321 1324 1390 1387)
4(1323 1389 1390 1324)
4(1323 1327 1393 1389)
4(1326 1392 1393 1327)
4(1326 1330 1397 1392)
4(1330 1335 1402 1397)
4(1334 1401 1402 1335)
4(1396 1397 1402 1401)
4(1334 1340 1407 1401)
4(1339 1406 1407 1340)
4(1339 1346 1413 1406)
4(1345 1412 1413 1346)
4(1345 1352 1419 1412)
4(15 1388 1455 16)
4(1387 1454 1455 1388)
4(1387 1390 1457 1454)
4(1389 1456 1457 1390)
4(1389 1393 1460 1456)
4(1392 1459 1460 1393)
4(1392 1397 1464 1459)
4(1396 1463 1464 1397)
4(1396 1401 1469 1463)
4(1401 1407 1475 1469)
4(1406 1474 1475 1407)
4(1468 1469 1475 1474)
4(1406 1413 1481 1474)
4(1412 1480 1481 1413)
4(1412 1419 1487 1480)
4(16 1455 1523 17)
4(1454 1522 1523 1455)
4(1454 1457 1525 1522)
4(1456 1524 1525 1457)
4(1456 1460 1528 1524)
4(1459 1527 1528 1460)
4(1459 1464 1532 1527)
4(1463 1531 1532 1464)
4(1463 1469 1537 1531)
4(1468 1536 1537 1469)
4(1468 1474 1543 1536)
4(1474 1481 1550 1543)
4(1480 1549 1550 1481)
4(1542 1543 1550 1549)
4(1480 1487 1556 1549)
4(17 1523 1592 18)
4(1522 1591 1592 1523)
4(1522 1525 1594 1591)
4(1524 1593 1594 1525)
4(1524 1528 1597 1593)
4(1527 1596 1597 1528)
4(1527 1532 1601 1596)
4(1531 1600 1601 1532)
4(1531 1537 1606 1600)
4(1536 1605 1606 1537)
4(1536 1543 1612 1605)
4(1542 1611 1612 1543)
4(1542 1549 1618 1611)
4(1549 1556 1625 1618)
)


// ************************************************************************* //
