/*--------------------------------*- C++ -*----------------------------------*\
| =========                 |                                                 |
| \\      /  F ield         | OpenFOAM: The Open Source CFD Toolbox           |
|  \\    /   O peration     | Version:  4.x                                   |
|   \\  /    A nd           | Web:      www.OpenFOAM.org                      |
|    \\/     M anipulation  |                                                 |
\*---------------------------------------------------------------------------*/
FoamFile
{
    version     2.0;
    format      ascii;
    class       labelList;
    location    "constant/polyMesh";
    object      faceProcAddressing;
}
// * * * * * * * * * * * * * * * * * * * * * * * * * * * * * * * * * * * * * //


4072
(
3839
3840
3841
3843
3844
3845
3846
3847
3848
3849
3850
3851
3852
3853
3854
3855
3856
3857
3858
3859
3860
3861
3862
3863
3864
3865
3866
3867
3868
3869
3870
3871
3872
3873
3874
3875
3876
3877
3878
3879
3880
3881
3882
3883
3884
3885
3886
3887
3888
3889
3890
3891
3892
3893
3894
3895
3896
3897
3898
3899
3900
3903
3904
3905
3906
3907
3908
3909
3910
3911
3912
3913
3914
3915
3916
3917
3918
3919
3920
3921
3922
3923
3924
3925
3926
3927
3928
3929
3930
3931
3932
3933
3934
3935
3936
3937
3938
3939
3940
3941
3942
3943
3944
3945
3946
3947
3948
3949
3951
3952
3953
3954
3955
3956
3957
3958
3959
3960
3961
3962
3963
3964
3965
3966
3967
3968
3969
3970
3971
3972
3973
3974
3975
3976
3977
3978
3979
3980
3981
3982
3983
3984
3985
3986
3987
3988
3989
3990
3991
3992
3993
3994
3995
3996
3997
3999
4000
4001
4002
4003
4004
4005
4006
4007
4008
4009
4010
4011
4012
4013
4014
4015
4016
4017
4018
4019
4020
4021
4022
4023
4024
4025
4026
4027
4028
4029
4031
4032
4033
4035
4036
4037
4038
4039
4040
4041
4042
4043
4044
4045
4046
4047
4048
4049
4050
4051
4052
4053
4054
4055
4056
4057
4058
4059
4060
4061
4062
4063
4064
4065
4066
4067
4068
4069
4070
4071
4072
4073
4074
4075
4076
4077
4078
4079
4080
4081
4082
4083
4084
4085
4086
4087
4088
4089
4090
4091
4092
4095
4096
4097
4098
4099
4100
4101
4102
4103
4104
4105
4106
4107
4108
4109
4110
4111
4112
4113
4114
4115
4116
4117
4118
4119
4120
4121
4122
4123
4124
4125
4126
4127
4128
4129
4130
4131
4132
4133
4134
4135
4136
4137
4138
4139
4140
4141
4143
4144
4145
4146
4147
4148
4149
4150
4151
4152
4153
4154
4155
4156
4157
4158
4159
4160
4161
4162
4163
4164
4165
4166
4167
4168
4169
4170
4171
4172
4173
4174
4175
4176
4177
4178
4179
4180
4181
4182
4183
4184
4185
4186
4187
4188
4189
4191
4192
4193
4194
4195
4196
4197
4198
4199
4200
4201
4202
4203
4204
4205
4206
4207
4208
4209
4210
4211
4212
4213
4214
4215
4216
4217
4218
4219
4220
4221
4223
4224
4225
4227
4228
4229
4230
4231
4232
4233
4234
4235
4236
4237
4238
4239
4240
4241
4242
4243
4244
4245
4246
4247
4248
4249
4250
4251
4252
4253
4254
4255
4256
4257
4258
4259
4260
4261
4262
4263
4264
4265
4266
4267
4268
4269
4270
4271
4272
4273
4274
4275
4276
4277
4278
4279
4280
4281
4282
4283
4284
4287
4288
4289
4290
4291
4292
4293
4294
4295
4296
4297
4298
4299
4300
4301
4302
4303
4304
4305
4306
4307
4308
4309
4310
4311
4312
4313
4314
4315
4316
4317
4318
4319
4320
4321
4322
4323
4324
4325
4326
4327
4328
4329
4330
4331
4332
4333
4335
4336
4337
4338
4339
4340
4341
4342
4343
4344
4345
4346
4347
4348
4349
4350
4351
4352
4353
4354
4355
4356
4357
4358
4359
4360
4361
4362
4363
4364
4365
4366
4367
4368
4369
4370
4371
4372
4373
4374
4375
4376
4377
4378
4379
4380
4381
4383
4384
4385
4386
4387
4388
4389
4390
4391
4392
4393
4394
4395
4396
4397
4398
4399
4400
4401
4402
4403
4404
4405
4406
4407
4408
4409
4410
4411
4412
4413
4415
4416
4417
4419
4420
4421
4422
4423
4424
4425
4426
4427
4428
4429
4430
4431
4432
4433
4434
4435
4436
4437
4438
4439
4440
4441
4442
4443
4444
4445
4446
4447
4448
4449
4450
4451
4452
4453
4454
4455
4456
4457
4458
4459
4460
4461
4462
4463
4464
4465
4466
4467
4468
4469
4470
4471
4472
4473
4474
4475
4476
4479
4480
4481
4482
4483
4484
4485
4486
4487
4488
4489
4490
4491
4492
4493
4494
4495
4496
4497
4498
4499
4500
4501
4502
4503
4504
4505
4506
4507
4508
4509
4510
4511
4512
4513
4514
4515
4516
4517
4518
4519
4520
4521
4522
4523
4524
4525
4527
4528
4529
4530
4531
4532
4533
4534
4535
4536
4537
4538
4539
4540
4541
4542
4543
4544
4545
4546
4547
4548
4549
4550
4551
4552
4553
4554
4555
4556
4557
4558
4559
4560
4561
4562
4563
4564
4565
4566
4567
4568
4569
4570
4571
4572
4573
4575
4576
4577
4578
4579
4580
4581
4582
4583
4584
4585
4586
4587
4588
4589
4590
4591
4592
4593
4594
4595
4596
4597
4598
4599
4600
4601
4602
4603
4604
4605
4607
4608
4609
4610
4611
4612
4613
4614
4615
4616
4617
4618
4619
4620
4621
4622
4623
4624
4625
4626
4627
4628
4629
4630
4631
4632
4633
4634
4635
4636
4637
4638
4639
4640
4641
4642
4643
4644
4645
4646
4647
4648
4649
4650
4651
4652
4653
4654
4655
4656
4657
4658
4659
4660
4661
4662
4663
4664
4665
4666
4667
4668
4671
4672
4673
4674
4675
4676
4677
4678
4679
4680
4681
4682
4683
4684
4685
4686
4687
4688
4689
4690
4691
4692
4693
4694
4695
4696
4697
4698
4699
4700
4701
4702
4703
4704
4705
4706
4707
4708
4709
4710
4711
4712
4713
4714
4715
4716
4717
4719
4720
4721
4722
4723
4724
4725
4726
4727
4728
4729
4730
4731
4732
4733
4734
4735
4736
4737
4738
4739
4740
4741
4742
4743
4744
4745
4746
4747
4748
4749
4750
4751
4752
4753
4754
4755
4756
4757
4758
4759
4760
4761
4762
4763
4764
4765
4767
4768
4769
4770
4771
4772
4773
4774
4775
4776
4777
4778
4779
4780
4781
4782
4783
4784
4785
4786
4787
4788
4789
4790
4791
4792
4793
4794
4795
4796
4797
4799
4800
4801
4802
4803
4804
4805
4806
4807
4808
4809
4810
4811
4812
4813
4814
4815
4816
4817
4818
4819
4820
4821
4822
4823
4824
4825
4826
4827
4828
4829
4830
4831
4832
4833
4834
4835
4836
4837
4838
4839
4840
4841
4842
4843
4844
4845
4846
4847
4848
4849
4850
4851
4852
4853
4854
4855
4856
4857
4858
4859
4860
4863
4864
4865
4866
4867
4868
4869
4870
4871
4872
4873
4874
4875
4876
4877
4878
4879
4880
4881
4882
4883
4884
4885
4886
4887
4888
4889
4890
4891
4892
4893
4894
4895
4896
4897
4898
4899
4900
4901
4902
4903
4904
4905
4906
4907
4908
4909
4911
4912
4913
4914
4915
4916
4917
4918
4919
4920
4921
4922
4923
4924
4925
4926
4927
4928
4929
4930
4931
4932
4933
4934
4935
4936
4937
4938
4939
4940
4941
4942
4943
4944
4945
4946
4947
4948
4949
4950
4951
4952
4953
4954
4955
4956
4957
4959
4960
4961
4962
4963
4964
4965
4966
4967
4968
4969
4970
4971
4972
4973
4974
4975
4976
4977
4978
4979
4980
4981
4982
4983
4984
4985
4986
4987
4988
4989
4991
4992
4993
4994
4995
4996
4997
4998
4999
5000
5001
5002
5003
5004
5005
5006
5007
5008
5009
5010
5011
5012
5013
5014
5015
5016
5017
5018
5019
5020
5021
5022
5023
5024
5025
5026
5027
5028
5029
5030
5031
5032
5033
5034
5035
5036
5037
5038
5039
5040
5041
5042
5043
5044
5045
5046
5047
5048
5049
5050
5051
5052
5055
5056
5057
5058
5059
5060
5061
5062
5063
5064
5065
5066
5067
5068
5069
5070
5071
5072
5073
5074
5075
5076
5077
5078
5079
5080
5081
5082
5083
5084
5085
5086
5087
5088
5089
5090
5091
5092
5093
5094
5095
5096
5097
5098
5099
5100
5101
5103
5104
5105
5106
5107
5108
5109
5110
5111
5112
5113
5114
5115
5116
5117
5118
5119
5120
5121
5122
5123
5124
5125
5126
5127
5128
5129
5130
5131
5132
5133
5134
5135
5136
5137
5138
5139
5140
5141
5142
5143
5144
5145
5146
5147
5148
5149
5151
5152
5153
5154
5155
5156
5157
5158
5159
5160
5161
5162
5163
5164
5165
5166
5167
5168
5169
5170
5171
5172
5173
5174
5175
5176
5177
5178
5179
5180
5181
5183
5184
5185
5186
5187
5188
5189
5190
5191
5192
5193
5194
5195
5196
5197
5198
5199
5200
5201
5202
5203
5204
5205
5206
5207
5208
5209
5210
5211
5212
5213
5214
5215
5216
5217
5218
5219
5220
5221
5222
5223
5224
5225
5226
5227
5228
5229
5230
5231
5232
5233
5234
5235
5236
5237
5238
5239
5240
5241
5242
5243
5244
5247
5248
5249
5250
5251
5252
5253
5254
5255
5256
5257
5258
5259
5260
5261
5262
5263
5264
5265
5266
5267
5268
5269
5270
5271
5272
5273
5274
5275
5276
5277
5278
5279
5280
5281
5282
5283
5284
5285
5286
5287
5288
5289
5290
5291
5292
5293
5295
5296
5297
5298
5299
5300
5301
5302
5303
5304
5305
5306
5307
5308
5309
5310
5311
5312
5313
5314
5315
5316
5317
5318
5319
5320
5321
5322
5323
5324
5325
5326
5327
5328
5329
5330
5331
5332
5333
5334
5335
5336
5337
5338
5339
5340
5341
5343
5344
5345
5346
5347
5348
5349
5350
5351
5352
5353
5354
5355
5356
5357
5358
5359
5360
5361
5362
5363
5364
5365
5366
5367
5368
5369
5370
5371
5372
5373
5375
5376
5377
5378
5379
5380
5381
5382
5383
5384
5385
5386
5387
5388
5389
5390
5391
5392
5393
5394
5395
5396
5397
5398
5399
5400
5401
5402
5403
5404
5405
5406
5407
5408
5409
5410
5411
5412
5413
5414
5415
5416
5417
5418
5419
5420
5421
5422
5423
5424
5425
5426
5427
5428
5429
5430
5431
5432
5433
5434
5435
5436
5439
5440
5441
5442
5443
5444
5445
5446
5447
5448
5449
5450
5451
5452
5453
5454
5455
5456
5457
5458
5459
5460
5461
5462
5463
5464
5465
5466
5467
5468
5469
5470
5471
5472
5473
5474
5475
5476
5477
5478
5479
5480
5481
5482
5483
5484
5485
5487
5488
5489
5490
5491
5492
5493
5494
5495
5496
5497
5498
5499
5500
5501
5502
5503
5504
5505
5506
5507
5508
5509
5510
5511
5512
5513
5514
5515
5516
5517
5518
5519
5520
5521
5522
5523
5524
5525
5526
5527
5528
5529
5530
5531
5532
5533
5535
5536
5537
5538
5539
5540
5541
5542
5543
5544
5545
5546
5547
5548
5549
5550
5551
5552
5553
5554
5555
5556
5557
5558
5559
5560
5561
5562
5563
5564
5565
5567
5568
5570
5571
5572
5574
5575
5576
5578
5579
5580
5582
5583
5584
5586
5587
5588
5590
5591
5592
5594
5595
5596
5598
5599
5600
5602
5603
5604
5606
5607
5608
5610
5611
5612
5614
5615
5616
5618
5619
5620
5622
5623
5624
5626
5627
5631
5632
5634
5635
5637
5638
5640
5641
5643
5644
5646
5647
5649
5650
5652
5653
5655
5656
5658
5659
5661
5662
5664
5665
5667
5668
5670
5671
5673
5674
5676
5679
5680
5682
5683
5685
5686
5688
5689
5691
5692
5694
5695
5697
5698
5700
5701
5703
5704
5706
5707
5709
5710
5712
5713
5715
5716
5718
5719
5721
5722
5724
5727
5729
5731
5733
5735
5737
5739
5741
5743
5745
5747
5749
5751
5753
5755
15165
15166
15209
15210
15211
15212
15213
15253
15254
15255
15256
15257
15258
15259
15260
15297
15298
15299
15300
15301
15302
15303
15304
15305
15306
15307
15341
15342
15343
15344
15345
15346
15347
15348
15349
15350
15351
15352
15353
15354
15385
15386
15387
15388
15389
15390
15391
15392
15393
15394
15395
15396
15397
15398
15399
15400
15401
15429
15430
15431
15432
15433
15434
15435
15436
15437
15438
15439
15440
15441
15442
15443
15444
15445
15446
15447
15448
15476
15478
15479
15480
15481
15482
15483
15484
15485
15486
15487
15488
15489
15490
15491
15492
15493
15494
15495
15526
15528
15529
15530
15531
15532
15533
15534
15535
15536
15537
15538
15539
15540
15541
15542
15576
15578
15579
15580
15581
15582
15583
15584
15585
15586
15587
15588
15589
15626
15628
15629
15630
15631
15632
15633
15634
15635
15636
15676
15678
15679
15680
15681
15682
15683
15726
15728
15729
15730
15777
15901
15902
15945
15946
15947
15948
15949
15989
15990
15991
15992
15993
15994
15995
15996
16033
16034
16035
16036
16037
16038
16039
16040
16041
16042
16043
16077
16078
16079
16080
16081
16082
16083
16084
16085
16086
16087
16088
16089
16090
16121
16122
16123
16124
16125
16126
16127
16128
16129
16130
16131
16132
16133
16134
16135
16136
16137
16165
16166
16167
16168
16169
16170
16171
16172
16173
16174
16175
16176
16177
16178
16179
16180
16181
16182
16183
16184
16212
16214
16215
16216
16217
16218
16219
16220
16221
16222
16223
16224
16225
16226
16227
16228
16229
16230
16231
16262
16264
16265
16266
16267
16268
16269
16270
16271
16272
16273
16274
16275
16276
16277
16278
16312
16314
16315
16316
16317
16318
16319
16320
16321
16322
16323
16324
16325
16362
16364
16365
16366
16367
16368
16369
16370
16371
16372
16412
16414
16415
16416
16417
16418
16419
16462
16464
16465
16466
16513
16637
16638
16681
16682
16683
16684
16685
16725
16726
16727
16728
16729
16730
16731
16732
16769
16770
16771
16772
16773
16774
16775
16776
16777
16778
16779
16813
16814
16815
16816
16817
16818
16819
16820
16821
16822
16823
16824
16825
16826
16857
16858
16859
16860
16861
16862
16863
16864
16865
16866
16867
16868
16869
16870
16871
16872
16873
16901
16902
16903
16904
16905
16906
16907
16908
16909
16910
16911
16912
16913
16914
16915
16916
16917
16918
16919
16920
16948
16950
16951
16952
16953
16954
16955
16956
16957
16958
16959
16960
16961
16962
16963
16964
16965
16966
16967
16998
17000
17001
17002
17003
17004
17005
17006
17007
17008
17009
17010
17011
17012
17013
17014
17048
17050
17051
17052
17053
17054
17055
17056
17057
17058
17059
17060
17061
17098
17100
17101
17102
17103
17104
17105
17106
17107
17108
17148
17150
17151
17152
17153
17154
17155
17198
17200
17201
17202
17249
17373
17374
17417
17418
17419
17420
17421
17461
17462
17463
17464
17465
17466
17467
17468
17505
17506
17507
17508
17509
17510
17511
17512
17513
17514
17515
17549
17550
17551
17552
17553
17554
17555
17556
17557
17558
17559
17560
17561
17562
17593
17594
17595
17596
17597
17598
17599
17600
17601
17602
17603
17604
17605
17606
17607
17608
17609
17637
17638
17639
17640
17641
17642
17643
17644
17645
17646
17647
17648
17649
17650
17651
17652
17653
17654
17655
17656
17684
17686
17687
17688
17689
17690
17691
17692
17693
17694
17695
17696
17697
17698
17699
17700
17701
17702
17703
17734
17736
17737
17738
17739
17740
17741
17742
17743
17744
17745
17746
17747
17748
17749
17750
17784
17786
17787
17788
17789
17790
17791
17792
17793
17794
17795
17796
17797
17834
17836
17837
17838
17839
17840
17841
17842
17843
17844
17884
17886
17887
17888
17889
17890
17891
17934
17936
17937
17938
17985
18062
18063
18109
18110
18153
18154
18155
18156
18157
18197
18198
18199
18200
18201
18202
18203
18204
18241
18242
18243
18244
18245
18246
18247
18248
18249
18250
18251
18285
18286
18287
18288
18289
18290
18291
18292
18293
18294
18295
18296
18297
18298
18329
18330
18331
18332
18333
18334
18335
18336
18337
18338
18339
18340
18341
18342
18343
18344
18345
18373
18374
18375
18376
18377
18378
18379
18380
18381
18382
18383
18384
18385
18386
18387
18388
18389
18390
18391
18392
18420
18422
18423
18424
18425
18426
18427
18428
18429
18430
18431
18432
18433
18434
18435
18436
18437
18438
18439
18470
18472
18473
18474
18475
18476
18477
18478
18479
18480
18481
18482
18483
18484
18485
18486
18520
18522
18523
18524
18525
18526
18527
18528
18529
18530
18531
18532
18533
18570
18572
18573
18574
18575
18576
18577
18578
18579
18580
18620
18622
18623
18624
18625
18626
18627
18670
18672
18673
18674
18721
18798
18799
18842
18843
18844
18845
18846
18889
18890
18891
18892
18893
18933
18934
18935
18936
18937
18938
18939
18940
18977
18978
18979
18980
18981
18982
18983
18984
18985
18986
18987
19021
19022
19023
19024
19025
19026
19027
19028
19029
19030
19031
19032
19033
19034
19065
19066
19067
19068
19069
19070
19071
19072
19073
19074
19075
19076
19077
19078
19079
19080
19081
19109
19110
19111
19112
19113
19114
19115
19116
19117
19118
19119
19120
19121
19122
19123
19124
19125
19126
19127
19128
19156
19158
19159
19160
19161
19162
19163
19164
19165
19166
19167
19168
19169
19170
19171
19172
19173
19174
19175
19206
19208
19209
19210
19211
19212
19213
19214
19215
19216
19217
19218
19219
19220
19221
19222
19256
19258
19259
19260
19261
19262
19263
19264
19265
19266
19267
19268
19269
19306
19308
19309
19310
19311
19312
19313
19314
19315
19316
19356
19358
19359
19360
19361
19362
19363
19406
19408
19409
19410
19457
19534
19535
19578
19579
19580
19581
19582
19622
19623
19624
19625
19626
19627
19628
19629
19666
19667
19668
19669
19670
19671
19672
19673
19674
19675
19676
19713
19714
19715
19716
19717
19718
19719
19720
19721
19722
19723
19757
19758
19759
19760
19761
19762
19763
19764
19765
19766
19767
19768
19769
19770
19801
19802
19803
19804
19805
19806
19807
19808
19809
19810
19811
19812
19813
19814
19815
19816
19817
19845
19846
19847
19848
19849
19850
19851
19852
19853
19854
19855
19856
19857
19858
19859
19860
19861
19862
19863
19864
19892
19894
19895
19896
19897
19898
19899
19900
19901
19902
19903
19904
19905
19906
19907
19908
19909
19910
19911
19942
19944
19945
19946
19947
19948
19949
19950
19951
19952
19953
19954
19955
19956
19957
19958
19992
19994
19995
19996
19997
19998
19999
20000
20001
20002
20003
20004
20005
20042
20044
20045
20046
20047
20048
20049
20050
20051
20052
20092
20094
20095
20096
20097
20098
20099
20142
20144
20145
20146
20193
20270
20271
20314
20315
20316
20317
20318
20358
20359
20360
20361
20362
20363
20364
20365
20402
20403
20404
20405
20406
20407
20408
20409
20410
20411
20412
20446
20447
20448
20449
20450
20451
20452
20453
20454
20455
20456
20457
20458
20459
20493
20494
20495
20496
20497
20498
20499
20500
20501
20502
20503
20504
20505
20506
20537
20538
20539
20540
20541
20542
20543
20544
20545
20546
20547
20548
20549
20550
20551
20552
20553
20581
20582
20583
20584
20585
20586
20587
20588
20589
20590
20591
20592
20593
20594
20595
20596
20597
20598
20599
20600
20628
20630
20631
20632
20633
20634
20635
20636
20637
20638
20639
20640
20641
20642
20643
20644
20645
20646
20647
20678
20680
20681
20682
20683
20684
20685
20686
20687
20688
20689
20690
20691
20692
20693
20694
20728
20730
20731
20732
20733
20734
20735
20736
20737
20738
20739
20740
20741
20778
20780
20781
20782
20783
20784
20785
20786
20787
20788
20828
20830
20831
20832
20833
20834
20835
20878
20880
20881
20882
20929
21006
21007
21050
21051
21052
21053
21054
21094
21095
21096
21097
21098
21099
21100
21101
21138
21139
21140
21141
21142
21143
21144
21145
21146
21147
21148
21182
21183
21184
21185
21186
21187
21188
21189
21190
21191
21192
21193
21194
21195
21226
21227
21228
21229
21230
21231
21232
21233
21234
21235
21236
21237
21238
21239
21240
21241
21242
21273
21274
21275
21276
21277
21278
21279
21280
21281
21282
21283
21284
21285
21286
21287
21288
21289
21317
21318
21319
21320
21321
21322
21323
21324
21325
21326
21327
21328
21329
21330
21331
21332
21333
21334
21335
21336
21364
21366
21367
21368
21369
21370
21371
21372
21373
21374
21375
21376
21377
21378
21379
21380
21381
21382
21383
21414
21416
21417
21418
21419
21420
21421
21422
21423
21424
21425
21426
21427
21428
21429
21430
21464
21466
21467
21468
21469
21470
21471
21472
21473
21474
21475
21476
21477
21514
21516
21517
21518
21519
21520
21521
21522
21523
21524
21564
21566
21567
21568
21569
21570
21571
21614
21616
21617
21618
21665
21742
21786
21787
21789
21830
21831
21833
21834
21836
21874
21875
21877
21878
21880
21881
21883
21918
21919
21921
21922
21924
21925
21927
21928
21930
21962
21963
21965
21966
21968
21969
21971
21972
21974
21975
21977
22006
22007
22009
22010
22012
22013
22015
22016
22018
22019
22021
22022
22024
22053
22054
22056
22057
22059
22060
22062
22063
22065
22066
22068
22069
22071
22100
22103
22104
22106
22107
22109
22110
22112
22113
22115
22116
22118
22150
22153
22154
22156
22157
22159
22160
22162
22163
22165
22200
22203
22204
22206
22207
22209
22210
22212
22250
22253
22254
22256
22257
22259
22300
22303
22304
22306
22350
22353
29637
29638
29639
29640
29641
29642
29643
29644
29645
29646
29647
29648
29649
29650
29651
29652
29653
29654
29655
29656
29657
29658
29659
29660
29661
29662
29663
29664
29665
29666
29667
29668
29765
29766
29767
29768
29769
29770
29771
29772
29773
29774
29775
29776
29777
29778
29779
29780
29781
29782
29783
29784
29785
29786
29787
29788
29789
29790
29791
29792
29793
29794
29795
29796
29948
29949
29963
29964
29965
29966
29978
29979
29980
29981
29982
29983
29993
29994
29995
29996
29997
29998
29999
30000
30008
30009
30010
30011
30012
30013
30014
30015
30016
30017
30023
30024
30025
30026
30027
30028
30029
30030
30031
30032
30033
30034
30038
30039
30040
30041
30042
30043
30044
30045
30046
30047
30048
30049
30050
30051
30823
30824
30825
30826
30827
30828
30829
30830
30831
30832
30833
30834
30835
30836
30837
30838
30839
30840
30841
30842
30843
30844
30845
30846
30847
30848
30849
30850
30851
30852
30853
30854
30855
30856
30857
30858
30859
30860
30861
30862
30863
30864
30865
30866
30867
30868
30869
30870
30871
30872
30873
30874
30875
30876
30877
30878
30879
30880
30881
30882
30883
30884
30885
30886
30887
30888
30889
30890
30891
30892
30893
30894
30895
30896
30897
30898
30899
30900
30901
30902
30903
30904
30905
30906
30907
30908
30909
30910
30911
30912
30913
30914
30915
30916
30917
30918
30919
30920
30921
30922
30923
30924
30925
30926
30927
30928
30929
30930
30931
30932
30933
30934
30935
30936
30937
30938
30939
30940
30941
30942
30943
30944
30945
30946
30947
30948
30949
30950
30951
30952
30953
30954
30955
30956
30957
30958
30959
30960
30961
30962
30963
30964
30965
30966
30967
30968
30969
30970
30971
30972
30973
30974
30975
30976
30977
30978
30979
30980
30981
30982
5569
5573
5577
5581
5585
5589
5593
5597
5601
5605
5609
5613
5617
5621
5625
5628
5633
5636
5639
5642
5645
5648
5651
5654
5657
5660
5663
5666
5669
5672
5675
5677
5681
5684
5687
5690
5693
5696
5699
5702
5705
5708
5711
5714
5717
5720
5723
5725
5728
5730
5732
5734
5736
5738
5740
5742
5744
5746
5748
5750
5752
5754
5756
5757
21743
21788
21790
21832
21835
21837
21876
21879
21882
21884
21920
21923
21926
21929
21931
21964
21967
21970
21973
21976
21978
22008
22011
22014
22017
22020
22023
22025
22055
22058
22061
22064
22067
22070
22072
22102
22105
22108
22111
22114
22117
22119
22152
22155
22158
22161
22164
22166
22202
22205
22208
22211
22213
22252
22255
22258
22260
22302
22305
22307
22352
22354
22401
3901
3902
3950
3998
4030
4093
4094
4142
4190
4222
4285
4286
4334
4382
4414
4477
4478
4526
4574
4606
4669
4670
4718
4766
4798
4861
4862
4910
4958
4990
5053
5054
5102
5150
5182
5245
5246
5294
5342
5374
5437
5438
5486
5534
5566
5629
5630
5678
5726
5758
-15473
15477
-15523
15527
-15573
15577
-15623
15627
-15673
15677
-15723
15727
-15773
15776
-16209
16213
-16259
16263
-16309
16313
-16359
16363
-16409
16413
-16459
16463
-16509
16512
-16945
16949
-16995
16999
-17045
17049
-17095
17099
-17145
17149
-17195
17199
-17245
17248
-17681
17685
-17731
17735
-17781
17785
-17831
17835
-17881
17885
-17931
17935
-17981
17984
-18417
18421
-18467
18471
-18517
18521
-18567
18571
-18617
18621
-18667
18671
-18717
18720
-19153
19157
-19203
19207
-19253
19257
-19303
19307
-19353
19357
-19403
19407
-19453
19456
-19889
19893
-19939
19943
-19989
19993
-20039
20043
-20089
20093
-20139
20143
-20189
20192
-20625
20629
-20675
20679
-20725
20729
-20775
20779
-20825
20829
-20875
20879
-20925
20928
-21361
21365
-21411
21415
-21461
21465
-21511
21515
-21561
21565
-21611
21615
-21661
21664
-22097
22101
-22147
22151
-22197
22201
-22247
22251
-22297
22301
-22347
22351
-22397
22400
-64
-114
-163
-196
-260
-310
-359
-392
-456
-506
-555
-588
-652
-702
-751
-784
-848
-849
-898
-947
-980
-1044
-1045
-1094
-1143
-1176
-1240
-1241
-1290
-1339
-1372
-1436
-1437
-1486
-1535
-1568
-1632
-1633
-1682
-1731
-1764
-1828
-1829
-1878
-1927
-1960
3842
4034
4226
4418
-15118
-15162
-15163
-15206
-15207
-15250
-15251
-15294
-15295
-15338
-15339
-15382
-15383
-15426
-15854
-15898
-15899
-15942
-15943
-15986
-15987
-16030
-16031
-16074
-16075
-16118
-16119
-16162
-16590
-16634
-16635
-16678
-16679
-16722
-16723
-16766
-16767
-16810
-16811
-16854
-16855
-16898
-17326
-17327
-17370
-17371
-17414
-17415
-17458
-17459
-17502
-17503
-17546
-17547
-17590
-17591
-17634
-18059
-18106
-18107
-18108
-18150
-18151
-18194
-18195
-18238
-18239
-18282
-18283
-18326
-18327
-18370
-18795
-18796
-18839
-18886
-18887
-18888
-18930
-18931
-18932
-18974
-18975
-19018
-19019
-19062
-19063
-19106
-19531
-19532
-19575
-19576
-19619
-19620
-19663
-19710
-19711
-19712
-19754
-19755
-19798
-19799
-19842
-20267
-20268
-20311
-20312
-20355
-20356
-20399
-20400
-20443
-20490
-20491
-20492
-20534
-20535
-20578
-21003
-21004
-21047
-21048
-21091
-21092
-21135
-21136
-21179
-21180
-21223
-21270
-21271
-21272
-21314
-21739
-21740
-21783
-21784
-21827
-21828
-21871
-21872
-21915
-21916
-21959
-21960
-22003
-22050
)


// ************************************************************************* //
