/*--------------------------------*- C++ -*----------------------------------*\
| =========                 |                                                 |
| \\      /  F ield         | OpenFOAM: The Open Source CFD Toolbox           |
|  \\    /   O peration     | Version:  4.x                                   |
|   \\  /    A nd           | Web:      www.OpenFOAM.org                      |
|    \\/     M anipulation  |                                                 |
\*---------------------------------------------------------------------------*/
FoamFile
{
    version     2.0;
    format      ascii;
    class       labelList;
    note        "nPoints: 1660 nCells: 1225 nFaces: 4072 nInternalFaces: 3278";
    location    "constant/polyMesh";
    object      neighbour;
}
// * * * * * * * * * * * * * * * * * * * * * * * * * * * * * * * * * * * * * //


3278
(
1
16
64
2
17
65
640
3
18
66
642
4
19
67
645
5
20
68
649
6
21
69
654
7
22
70
660
8
23
71
667
9
24
72
674
10
25
73
680
11
26
74
685
12
27
75
689
13
28
76
692
14
29
77
694
15
30
78
695
31
79
17
32
80
18
33
81
19
34
82
20
35
83
21
36
84
22
37
85
23
38
86
24
39
87
25
40
88
26
41
89
27
42
90
28
43
91
29
44
92
30
45
93
31
46
94
47
95
33
48
96
34
49
97
35
50
98
36
51
99
37
52
100
38
53
101
39
54
102
40
55
103
41
56
104
42
57
105
43
58
106
44
59
107
45
60
108
46
61
109
47
62
110
63
111
49
112
50
113
51
114
52
115
53
116
54
117
55
118
56
119
57
120
58
121
59
122
60
123
61
124
62
125
63
126
127
65
80
128
66
81
129
696
67
82
130
698
68
83
131
701
69
84
132
705
70
85
133
710
71
86
134
716
72
87
135
723
73
88
136
730
74
89
137
736
75
90
138
741
76
91
139
745
77
92
140
748
78
93
141
750
79
94
142
751
95
143
81
96
144
82
97
145
83
98
146
84
99
147
85
100
148
86
101
149
87
102
150
88
103
151
89
104
152
90
105
153
91
106
154
92
107
155
93
108
156
94
109
157
95
110
158
111
159
97
112
160
98
113
161
99
114
162
100
115
163
101
116
164
102
117
165
103
118
166
104
119
167
105
120
168
106
121
169
107
122
170
108
123
171
109
124
172
110
125
173
111
126
174
127
175
113
176
114
177
115
178
116
179
117
180
118
181
119
182
120
183
121
184
122
185
123
186
124
187
125
188
126
189
127
190
191
129
144
192
130
145
193
752
131
146
194
754
132
147
195
757
133
148
196
761
134
149
197
766
135
150
198
772
136
151
199
779
137
152
200
786
138
153
201
792
139
154
202
797
140
155
203
801
141
156
204
804
142
157
205
806
143
158
206
807
159
207
145
160
208
146
161
209
147
162
210
148
163
211
149
164
212
150
165
213
151
166
214
152
167
215
153
168
216
154
169
217
155
170
218
156
171
219
157
172
220
158
173
221
159
174
222
175
223
161
176
224
162
177
225
163
178
226
164
179
227
165
180
228
166
181
229
167
182
230
168
183
231
169
184
232
170
185
233
171
186
234
172
187
235
173
188
236
174
189
237
175
190
238
191
239
177
240
178
241
179
242
180
243
181
244
182
245
183
246
184
247
185
248
186
249
187
250
188
251
189
252
190
253
191
254
255
193
208
256
194
209
257
808
195
210
258
810
196
211
259
813
197
212
260
817
198
213
261
822
199
214
262
828
200
215
263
835
201
216
264
842
202
217
265
848
203
218
266
853
204
219
267
857
205
220
268
860
206
221
269
862
207
222
270
863
223
271
209
224
272
210
225
273
211
226
274
212
227
275
213
228
276
214
229
277
215
230
278
216
231
279
217
232
280
218
233
281
219
234
282
220
235
283
221
236
284
222
237
285
223
238
286
239
287
225
240
288
226
241
289
227
242
290
228
243
291
229
244
292
230
245
293
231
246
294
232
247
295
233
248
296
234
249
297
235
250
298
236
251
299
237
252
300
238
253
301
239
254
302
255
303
241
304
242
305
243
306
244
307
245
308
246
309
247
310
248
311
249
312
250
313
251
314
252
315
253
316
254
317
255
318
319
257
272
320
864
258
273
321
865
259
274
322
867
260
275
323
870
261
276
324
874
262
277
325
879
263
278
326
885
264
279
327
892
265
280
328
899
266
281
329
905
267
282
330
910
268
283
331
914
269
284
332
917
270
285
333
919
271
286
334
920
287
335
273
288
336
274
289
337
275
290
338
276
291
339
277
292
340
278
293
341
279
294
342
280
295
343
281
296
344
282
297
345
283
298
346
284
299
347
285
300
348
286
301
349
287
302
350
303
351
289
304
352
290
305
353
291
306
354
292
307
355
293
308
356
294
309
357
295
310
358
296
311
359
297
312
360
298
313
361
299
314
362
300
315
363
301
316
364
302
317
365
303
318
366
319
367
305
368
306
369
307
370
308
371
309
372
310
373
311
374
312
375
313
376
314
377
315
378
316
379
317
380
318
381
319
382
383
321
336
384
921
322
337
385
923
323
338
386
925
324
339
387
928
325
340
388
932
326
341
389
937
327
342
390
943
328
343
391
950
329
344
392
957
330
345
393
963
331
346
394
968
332
347
395
972
333
348
396
975
334
349
397
977
335
350
398
978
351
399
337
352
400
338
353
401
339
354
402
340
355
403
341
356
404
342
357
405
343
358
406
344
359
407
345
360
408
346
361
409
347
362
410
348
363
411
349
364
412
350
365
413
351
366
414
367
415
353
368
416
354
369
417
355
370
418
356
371
419
357
372
420
358
373
421
359
374
422
360
375
423
361
376
424
362
377
425
363
378
426
364
379
427
365
380
428
366
381
429
367
382
430
383
431
369
432
370
433
371
434
372
435
373
436
374
437
375
438
376
439
377
440
378
441
379
442
380
443
381
444
382
445
383
446
447
385
400
448
979
386
401
449
981
387
402
450
984
388
403
451
988
389
404
452
992
390
405
453
997
391
406
454
1003
392
407
455
1010
393
408
456
1017
394
409
457
1023
395
410
458
1028
396
411
459
1032
397
412
460
1035
398
413
461
1037
399
414
462
1038
415
463
401
416
464
402
417
465
403
418
466
404
419
467
405
420
468
406
421
469
407
422
470
408
423
471
409
424
472
410
425
473
411
426
474
412
427
475
413
428
476
414
429
477
415
430
478
431
479
417
432
480
418
433
481
419
434
482
420
435
483
421
436
484
422
437
485
423
438
486
424
439
487
425
440
488
426
441
489
427
442
490
428
443
491
429
444
492
430
445
493
431
446
494
447
495
433
496
434
497
435
498
436
499
437
500
438
501
439
502
440
503
441
504
442
505
443
506
444
507
445
508
446
509
447
510
511
449
464
512
1039
450
465
513
1041
451
466
514
1044
452
467
515
1048
453
468
516
1053
454
469
517
1058
455
470
518
1064
456
471
519
1071
457
472
520
1078
458
473
521
1084
459
474
522
1089
460
475
523
1093
461
476
524
1096
462
477
525
1098
463
478
526
1099
479
527
465
480
528
466
481
529
467
482
530
468
483
531
469
484
532
470
485
533
471
486
534
472
487
535
473
488
536
474
489
537
475
490
538
476
491
539
477
492
540
478
493
541
479
494
542
495
543
481
496
544
482
497
545
483
498
546
484
499
547
485
500
548
486
501
549
487
502
550
488
503
551
489
504
552
490
505
553
491
506
554
492
507
555
493
508
556
494
509
557
495
510
558
511
559
497
560
498
561
499
562
500
563
501
564
502
565
503
566
504
567
505
568
506
569
507
570
508
571
509
572
510
573
511
574
575
513
528
576
1100
514
529
577
1102
515
530
578
1105
516
531
579
1109
517
532
580
1114
518
533
581
1120
519
534
582
1126
520
535
583
1133
521
536
584
1140
522
537
585
1146
523
538
586
1151
524
539
587
1155
525
540
588
1158
526
541
589
1160
527
542
590
1161
543
591
529
544
592
530
545
593
531
546
594
532
547
595
533
548
596
534
549
597
535
550
598
536
551
599
537
552
600
538
553
601
539
554
602
540
555
603
541
556
604
542
557
605
543
558
606
559
607
545
560
608
546
561
609
547
562
610
548
563
611
549
564
612
550
565
613
551
566
614
552
567
615
553
568
616
554
569
617
555
570
618
556
571
619
557
572
620
558
573
621
559
574
622
575
623
561
624
562
625
563
626
564
627
565
628
566
629
567
630
568
631
569
632
570
633
571
634
572
635
573
636
574
637
575
638
639
577
592
1162
578
593
1164
579
594
1167
580
595
1171
581
596
1176
582
597
1182
583
598
1189
584
599
1196
585
600
1203
586
601
1209
587
602
1214
588
603
1218
589
604
1221
590
605
1223
591
606
1224
607
593
608
594
609
595
610
596
611
597
612
598
613
599
614
600
615
601
616
602
617
603
618
604
619
605
620
606
621
607
622
623
609
624
610
625
611
626
612
627
613
628
614
629
615
630
616
631
617
632
618
633
619
634
620
635
621
636
622
637
623
638
639
625
626
627
628
629
630
631
632
633
634
635
636
637
638
639
642
696
642
644
697
645
698
644
647
699
645
648
700
649
701
647
651
702
648
652
703
649
653
704
654
705
651
656
706
652
657
707
653
658
708
654
659
709
660
710
656
662
711
657
663
712
658
664
713
659
665
714
660
666
715
667
716
662
668
717
663
669
718
664
670
719
665
671
720
666
672
721
667
673
722
674
723
669
724
670
675
725
671
676
726
672
677
727
673
678
728
674
679
729
680
730
676
731
677
681
732
678
682
733
679
683
734
680
684
735
685
736
682
737
683
686
738
684
687
739
685
688
740
689
741
687
742
688
690
743
689
691
744
692
745
691
746
692
693
747
694
748
694
749
695
750
751
698
752
698
700
753
701
754
700
703
755
701
704
756
705
757
703
707
758
704
708
759
705
709
760
710
761
707
712
762
708
713
763
709
714
764
710
715
765
716
766
712
718
767
713
719
768
714
720
769
715
721
770
716
722
771
723
772
718
724
773
719
725
774
720
726
775
721
727
776
722
728
777
723
729
778
730
779
725
780
726
731
781
727
732
782
728
733
783
729
734
784
730
735
785
736
786
732
787
733
737
788
734
738
789
735
739
790
736
740
791
741
792
738
793
739
742
794
740
743
795
741
744
796
745
797
743
798
744
746
799
745
747
800
748
801
747
802
748
749
803
750
804
750
805
751
806
807
754
808
754
756
809
757
810
756
759
811
757
760
812
761
813
759
763
814
760
764
815
761
765
816
766
817
763
768
818
764
769
819
765
770
820
766
771
821
772
822
768
774
823
769
775
824
770
776
825
771
777
826
772
778
827
779
828
774
780
829
775
781
830
776
782
831
777
783
832
778
784
833
779
785
834
786
835
781
836
782
787
837
783
788
838
784
789
839
785
790
840
786
791
841
792
842
788
843
789
793
844
790
794
845
791
795
846
792
796
847
797
848
794
849
795
798
850
796
799
851
797
800
852
801
853
799
854
800
802
855
801
803
856
804
857
803
858
804
805
859
806
860
806
861
807
862
863
810
865
810
812
866
813
867
812
815
868
813
816
869
817
870
815
819
871
816
820
872
817
821
873
822
874
819
824
875
820
825
876
821
826
877
822
827
878
828
879
824
830
880
825
831
881
826
832
882
827
833
883
828
834
884
835
885
830
836
886
831
837
887
832
838
888
833
839
889
834
840
890
835
841
891
842
892
837
893
838
843
894
839
844
895
840
845
896
841
846
897
842
847
898
848
899
844
900
845
849
901
846
850
902
847
851
903
848
852
904
853
905
850
906
851
854
907
852
855
908
853
856
909
857
910
855
911
856
858
912
857
859
913
860
914
859
915
860
861
916
862
917
862
918
863
919
920
865
921
867
923
867
869
924
870
925
869
872
926
870
873
927
874
928
872
876
929
873
877
930
874
878
931
879
932
876
881
933
877
882
934
878
883
935
879
884
936
885
937
881
887
938
882
888
939
883
889
940
884
890
941
885
891
942
892
943
887
893
944
888
894
945
889
895
946
890
896
947
891
897
948
892
898
949
899
950
894
951
895
900
952
896
901
953
897
902
954
898
903
955
899
904
956
905
957
901
958
902
906
959
903
907
960
904
908
961
905
909
962
910
963
907
964
908
911
965
909
912
966
910
913
967
914
968
912
969
913
915
970
914
916
971
917
972
916
973
917
918
974
919
975
919
976
920
977
978
923
979
923
924
980
925
981
925
927
983
928
984
927
930
986
928
931
987
932
988
930
934
989
931
935
990
932
936
991
937
992
934
939
993
935
940
994
936
941
995
937
942
996
943
997
939
945
998
940
946
999
941
947
1000
942
948
1001
943
949
1002
950
1003
945
951
1004
946
952
1005
947
953
1006
948
954
1007
949
955
1008
950
956
1009
957
1010
952
1011
953
958
1012
954
959
1013
955
960
1014
956
961
1015
957
962
1016
963
1017
959
1018
960
964
1019
961
965
1020
962
966
1021
963
967
1022
968
1023
965
1024
966
969
1025
967
970
1026
968
971
1027
972
1028
970
1029
971
973
1030
972
974
1031
975
1032
974
1033
975
976
1034
977
1035
977
1036
978
1037
1038
981
1039
981
983
1040
984
1041
983
986
1042
984
987
1043
988
1044
986
989
1045
987
990
1046
988
991
1047
992
1048
990
994
1050
991
995
1051
992
996
1052
997
1053
994
999
1054
995
1000
1055
996
1001
1056
997
1002
1057
1003
1058
999
1005
1059
1000
1006
1060
1001
1007
1061
1002
1008
1062
1003
1009
1063
1010
1064
1005
1011
1065
1006
1012
1066
1007
1013
1067
1008
1014
1068
1009
1015
1069
1010
1016
1070
1017
1071
1012
1072
1013
1018
1073
1014
1019
1074
1015
1020
1075
1016
1021
1076
1017
1022
1077
1023
1078
1019
1079
1020
1024
1080
1021
1025
1081
1022
1026
1082
1023
1027
1083
1028
1084
1025
1085
1026
1029
1086
1027
1030
1087
1028
1031
1088
1032
1089
1030
1090
1031
1033
1091
1032
1034
1092
1035
1093
1034
1094
1035
1036
1095
1037
1096
1037
1097
1038
1098
1099
1041
1100
1041
1043
1101
1044
1102
1043
1046
1103
1044
1047
1104
1048
1105
1046
1050
1106
1047
1051
1107
1048
1052
1108
1053
1109
1050
1054
1110
1051
1055
1111
1052
1056
1112
1053
1057
1113
1058
1114
1055
1060
1116
1056
1061
1117
1057
1062
1118
1058
1063
1119
1064
1120
1060
1066
1121
1061
1067
1122
1062
1068
1123
1063
1069
1124
1064
1070
1125
1071
1126
1066
1072
1127
1067
1073
1128
1068
1074
1129
1069
1075
1130
1070
1076
1131
1071
1077
1132
1078
1133
1073
1134
1074
1079
1135
1075
1080
1136
1076
1081
1137
1077
1082
1138
1078
1083
1139
1084
1140
1080
1141
1081
1085
1142
1082
1086
1143
1083
1087
1144
1084
1088
1145
1089
1146
1086
1147
1087
1090
1148
1088
1091
1149
1089
1092
1150
1093
1151
1091
1152
1092
1094
1153
1093
1095
1154
1096
1155
1095
1156
1096
1097
1157
1098
1158
1098
1159
1099
1160
1161
1102
1162
1102
1104
1163
1105
1164
1104
1107
1165
1105
1108
1166
1109
1167
1107
1111
1168
1108
1112
1169
1109
1113
1170
1114
1171
1111
1116
1172
1112
1117
1173
1113
1118
1174
1114
1119
1175
1120
1176
1116
1121
1177
1117
1122
1178
1118
1123
1179
1119
1124
1180
1120
1125
1181
1126
1182
1122
1128
1184
1123
1129
1185
1124
1130
1186
1125
1131
1187
1126
1132
1188
1133
1189
1128
1134
1190
1129
1135
1191
1130
1136
1192
1131
1137
1193
1132
1138
1194
1133
1139
1195
1140
1196
1135
1197
1136
1141
1198
1137
1142
1199
1138
1143
1200
1139
1144
1201
1140
1145
1202
1146
1203
1142
1204
1143
1147
1205
1144
1148
1206
1145
1149
1207
1146
1150
1208
1151
1209
1148
1210
1149
1152
1211
1150
1153
1212
1151
1154
1213
1155
1214
1153
1215
1154
1156
1216
1155
1157
1217
1158
1218
1157
1219
1158
1159
1220
1160
1221
1160
1222
1161
1223
1224
1164
1164
1166
1167
1166
1169
1167
1170
1171
1169
1173
1170
1174
1171
1175
1176
1173
1178
1174
1179
1175
1180
1176
1181
1182
1178
1184
1179
1185
1180
1186
1181
1187
1182
1188
1189
1184
1190
1185
1191
1186
1192
1187
1193
1188
1194
1189
1195
1196
1191
1197
1192
1198
1193
1199
1194
1200
1195
1201
1196
1202
1203
1198
1199
1204
1200
1205
1201
1206
1202
1207
1203
1208
1209
1205
1206
1210
1207
1211
1208
1212
1209
1213
1214
1211
1212
1215
1213
1216
1214
1217
1218
1216
1217
1219
1218
1220
1221
1220
1221
1222
1223
1223
1224
)


// ************************************************************************* //
