/*--------------------------------*- C++ -*----------------------------------*\
| =========                 |                                                 |
| \\      /  F ield         | OpenFOAM: The Open Source CFD Toolbox           |
|  \\    /   O peration     | Version:  4.x                                   |
|   \\  /    A nd           | Web:      www.OpenFOAM.org                      |
|    \\/     M anipulation  |                                                 |
\*---------------------------------------------------------------------------*/
FoamFile
{
    version     2.0;
    format      ascii;
    class       labelList;
    location    "constant/polyMesh";
    object      pointProcAddressing;
}
// * * * * * * * * * * * * * * * * * * * * * * * * * * * * * * * * * * * * * //


1660
(
135
151
176
177
178
179
180
181
182
183
184
185
231
246
261
276
291
306
321
471
472
473
528
529
530
531
532
533
534
535
536
537
871
872
873
874
875
876
877
878
879
880
881
882
883
884
885
886
887
888
889
890
891
892
893
894
895
896
897
898
899
900
1815
1816
1817
1818
1819
1820
1821
1822
1823
1824
1825
1826
1827
1828
1829
1830
1831
1832
1833
1834
1835
1836
1837
1838
1839
1840
1841
1842
1843
1844
1845
1846
1856
1857
1858
1859
1860
1861
1862
1863
1864
1865
1866
1867
1868
1869
1870
1871
1872
1873
1874
1875
1876
1877
1878
1879
1880
1881
1882
1883
1884
1885
1886
1887
1888
1889
1890
1891
1892
1893
1894
1895
1896
1897
1898
1899
1900
1901
1902
1903
1904
1905
1906
1907
1908
1909
1910
1911
1912
1913
1914
1915
1916
1917
1918
1919
1920
1921
1922
1923
1924
1925
1926
1927
1928
1929
1930
1931
1932
1933
1934
1935
1936
1937
1938
1939
1940
1941
1942
1943
1944
1945
1946
1947
1948
1949
1950
1951
1952
1953
1954
1955
1956
1957
1958
1959
1960
1961
1962
1963
1964
1965
1966
1967
1968
1969
1970
1971
1972
1973
1974
1975
1976
1977
1978
1979
1980
1981
1982
1983
1984
1985
1986
1987
1988
1989
1990
1991
1992
1993
1994
1995
1996
1997
1998
1999
2000
2001
2002
2003
2004
2005
2006
2007
2008
2009
2010
2011
2012
2013
2014
2015
2151
2152
2153
2154
2155
2156
2157
2158
2159
2160
2161
2162
2163
2164
2165
2166
2167
2168
2169
2170
2171
2172
2173
2174
2175
2176
2177
2178
2179
2180
2181
2182
2183
2184
2185
2186
2187
2188
2189
2190
2191
2192
2193
2194
2195
2196
2197
2198
2208
2209
2210
2211
2212
2213
2214
2215
2216
2217
2218
2219
2220
2221
2222
2223
2224
2225
2226
2227
2228
2229
2230
2231
2232
2233
2234
2235
2236
2237
2238
2239
2240
2241
2242
2243
2244
2245
2246
2247
2248
2249
2250
2251
2252
2253
2254
2255
2256
2257
2258
2259
2260
2261
2262
2263
2264
2265
2266
2267
2268
2269
2270
2271
2272
2273
2274
2275
2276
2277
2278
2279
2280
2281
2282
2283
2284
2285
2286
2287
2288
2289
2290
2291
2292
2293
2294
2295
2296
2297
2298
2299
2300
2301
2302
2303
2304
2305
2306
2307
2308
2309
2310
2311
2312
2313
2314
2315
2316
2317
2318
2319
2320
2321
2322
2323
2324
2325
2326
2327
2328
2329
2330
2331
2332
2333
2334
2335
2336
2337
2338
2339
2340
2341
2342
2343
2344
2345
2346
2347
2348
2349
2350
2351
2352
2353
2354
2355
2356
2357
2358
2359
2360
2361
2362
2363
2364
2365
2366
2367
2551
2552
2553
2554
2555
2556
2557
2558
2559
2560
2561
2562
2563
2564
2565
2566
2567
2568
2569
2570
2571
2572
2573
2574
2575
2576
2577
2578
2579
2580
2608
2609
2610
2611
2612
2613
2614
2615
2616
2617
2618
2619
2620
2621
2622
2623
2624
2625
2626
2627
2628
2629
2630
2631
2632
2633
2634
2635
2636
2637
2638
2639
2640
2641
2642
2643
2644
2645
2646
2647
2648
2649
2650
2651
2652
2653
2654
2655
2656
2657
2658
2659
2660
2661
2662
2663
2664
2665
2666
2667
2668
2669
2670
2671
2672
2673
2674
2675
2676
2677
2678
2679
2680
2681
2682
2683
2684
2685
2686
2687
2688
2689
2690
2691
2692
2693
2694
2695
2696
2697
2698
2699
2700
2701
2702
2703
2704
2705
2706
2707
2708
2709
2710
2711
2712
2713
2714
2715
2716
2717
2718
2719
2720
2721
2722
2723
2724
2725
2726
2727
2728
2729
2730
2731
2732
2733
2734
2735
2736
2737
2738
2739
2740
2741
2742
2743
2744
2745
2746
2747
2748
2749
2750
2751
2752
2753
2754
2755
2756
2757
2758
2759
2760
2761
2762
2763
2764
2765
2766
2767
2768
2769
2770
2771
2772
2773
2774
2775
2776
2777
2778
2779
2780
2781
2782
2783
2784
2785
2786
2787
2788
2789
2790
2791
2792
2793
2794
2795
2796
2797
2798
2799
2800
2801
2802
2803
2804
2805
2806
2807
2808
2809
2810
2811
2812
2813
2814
2815
2816
2817
2818
2819
2820
2821
2822
2823
2824
2825
2826
2827
2828
2829
2830
2831
2832
2833
2834
2835
2836
2837
2838
2839
2840
2841
2842
2843
2844
2845
2846
2847
2848
2849
2850
2851
2852
2853
2854
2855
2856
2857
2858
2859
2860
2861
2862
2863
2864
2865
2866
2867
2868
2869
2870
2871
2872
2873
2874
2875
2876
2877
2878
2879
2880
2881
2882
2883
2884
2885
2886
2887
2888
2889
2890
2891
2892
2893
2894
2895
2896
2897
2898
2899
2900
2901
2902
2903
2904
2905
2906
2907
2908
2909
2910
2911
2912
2913
2914
2915
2916
2917
2918
2919
2920
2921
2922
2923
2924
2925
2926
2927
2928
2929
2930
2931
2932
2933
2934
2935
2936
2937
2938
2939
2940
2941
2942
2943
2944
2945
2946
2947
2948
2949
2950
2951
2952
2953
2954
2955
2956
2957
2958
2959
2960
2961
2962
2963
2964
2965
2966
2967
2968
2969
2970
2971
2972
2973
2974
2975
2976
2977
2978
2979
2980
2981
2982
2983
2984
2985
2986
2987
2988
2989
2990
2991
2992
2993
2994
2995
2996
2997
2998
2999
3000
3001
3002
3003
3004
3005
3006
3007
3008
3009
3010
3011
3012
3013
3014
3015
3016
3017
3018
3019
3020
3021
3022
3023
3024
3025
3026
3027
3028
3029
3030
3031
3032
3033
3034
3035
3036
3037
3038
3039
3040
3041
3042
3043
3044
3045
3046
3047
3048
3049
3050
3051
3052
3053
3054
3055
3056
3057
6844
6845
6846
6858
6859
6860
6861
6862
6872
6873
6874
6875
6876
6877
6878
6886
6887
6888
6889
6890
6891
6892
6893
6894
6900
6901
6902
6903
6904
6905
6906
6907
6908
6909
6910
6914
6915
6916
6917
6918
6919
6920
6921
6922
6923
6924
6925
6926
6928
6929
6930
6931
6932
6933
6934
6935
6936
6937
6938
6939
6940
6941
6942
7182
7196
7197
7210
7211
7212
7224
7225
7226
7227
7238
7239
7240
7241
7242
7252
7253
7254
7255
7256
7257
7266
7267
7268
7269
7270
7271
7272
7281
7282
7283
7284
7285
7286
7287
7296
7297
7298
7299
7300
7301
7302
7312
7313
7314
7315
7316
7317
7328
7329
7330
7331
7332
7344
7345
7346
7347
7360
7361
7362
7376
7377
7392
7407
7421
7422
7435
7436
7437
7449
7450
7451
7452
7463
7464
7465
7466
7467
7477
7478
7479
7480
7481
7482
7491
7492
7493
7494
7495
7496
7497
7506
7507
7508
7509
7510
7511
7512
7521
7522
7523
7524
7525
7526
7527
7537
7538
7539
7540
7541
7542
7553
7554
7555
7556
7557
7569
7570
7571
7572
7585
7586
7587
7601
7602
7617
7632
7646
7647
7660
7661
7662
7674
7675
7676
7677
7688
7689
7690
7691
7692
7702
7703
7704
7705
7706
7707
7716
7717
7718
7719
7720
7721
7722
7731
7732
7733
7734
7735
7736
7737
7746
7747
7748
7749
7750
7751
7752
7762
7763
7764
7765
7766
7767
7778
7779
7780
7781
7782
7794
7795
7796
7797
7810
7811
7812
7826
7827
7842
7857
7871
7872
7885
7886
7887
7899
7900
7901
7902
7913
7914
7915
7916
7917
7927
7928
7929
7930
7931
7932
7941
7942
7943
7944
7945
7946
7947
7956
7957
7958
7959
7960
7961
7962
7971
7972
7973
7974
7975
7976
7977
7987
7988
7989
7990
7991
7992
8003
8004
8005
8006
8007
8019
8020
8021
8022
8035
8036
8037
8051
8052
8067
8081
8082
8096
8097
8110
8111
8112
8124
8125
8126
8127
8138
8139
8140
8141
8142
8152
8153
8154
8155
8156
8157
8166
8167
8168
8169
8170
8171
8172
8181
8182
8183
8184
8185
8186
8187
8196
8197
8198
8199
8200
8201
8202
8212
8213
8214
8215
8216
8217
8228
8229
8230
8231
8232
8244
8245
8246
8247
8260
8261
8262
8276
8277
8292
8306
8307
8320
8321
8322
8334
8335
8336
8337
8349
8350
8351
8352
8363
8364
8365
8366
8367
8377
8378
8379
8380
8381
8382
8391
8392
8393
8394
8395
8396
8397
8406
8407
8408
8409
8410
8411
8412
8421
8422
8423
8424
8425
8426
8427
8437
8438
8439
8440
8441
8442
8453
8454
8455
8456
8457
8469
8470
8471
8472
8485
8486
8487
8501
8502
8517
8531
8532
8545
8546
8547
8559
8560
8561
8562
8573
8574
8575
8576
8577
8588
8589
8590
8591
8592
8602
8603
8604
8605
8606
8607
8616
8617
8618
8619
8620
8621
8622
8631
8632
8633
8634
8635
8636
8637
8646
8647
8648
8649
8650
8651
8652
8662
8663
8664
8665
8666
8667
8678
8679
8680
8681
8682
8694
8695
8696
8697
8710
8711
8712
8726
8727
8742
8756
8757
8770
8771
8772
8784
8785
8786
8787
8798
8799
8800
8801
8802
8812
8813
8814
8815
8816
8817
8827
8828
8829
8830
8831
8832
8841
8842
8843
8844
8845
8846
8847
8856
8857
8858
8859
8860
8861
8862
8871
8872
8873
8874
8875
8876
8877
8887
8888
8889
8890
8891
8892
8903
8904
8905
8906
8907
8919
8920
8921
8922
8935
8936
8937
8951
8952
8967
8981
8982
8995
8996
8997
9009
9010
9011
9012
9023
9024
9025
9026
9027
9037
9038
9039
9040
9041
9042
9051
9052
9053
9054
9055
9056
9057
9066
9067
9068
9069
9070
9071
9072
9081
9082
9083
9084
9085
9086
9087
9096
9097
9098
9099
9100
9101
9102
9112
9113
9114
9115
9116
9117
9128
9129
9130
9131
9132
9144
9145
9146
9147
9160
9161
9162
9176
9177
9192
9206
9207
9220
9221
9222
9234
9235
9236
9237
9248
9249
9250
9251
9252
9262
9263
9264
9265
9266
9267
9276
9277
9278
9279
9280
9281
9282
9291
9292
9293
9294
9295
9296
9297
9306
9307
9308
9309
9310
9311
9312
9321
9322
9323
9324
9325
9326
9327
9337
9338
9339
9340
9341
9342
9353
9354
9355
9356
9357
9369
9370
9371
9372
9385
9386
9387
9401
9402
9417
)


// ************************************************************************* //
